-4.761216478851926226e-01 3.320121873233188303e-01 -5.221197539048201275e-01 6.821074768071033745e-01
-4.939762096808872904e-01 3.444626443479432698e-01 -5.416992446762507463e-01 6.138967291263930370e-01
-4.939762096808872904e-01 3.444626443479432698e-01 -5.416992446762507463e-01 6.138967291263930370e-01
-4.939762096808872904e-01 3.444626443479432698e-01 -5.416992446762507463e-01 6.138967291263930370e-01
-5.017875804665037354e-01 3.343466480154357878e-01 -5.992139988173286191e-01 5.670018400959049298e-01
-5.210370299024869034e-01 3.360974935345235615e-01 -5.852432163397973675e-01 4.806726125625058188e-01
-5.210370299024869034e-01 3.360974935345235615e-01 -5.852432163397973675e-01 4.806726125625058188e-01
-5.672426829870487186e-01 3.593367254938975019e-01 -6.290803704823426656e-01 3.579732012071654701e-01
-5.775561334774323985e-01 3.476664484748848150e-01 -7.239854509940581995e-01 2.001359291081001857e-01
-6.187598066643964501e-01 3.778882914844865493e-01 -7.025345318444498055e-01 1.877627392822289742e-02
-6.187598066643964501e-01 3.778882914844865493e-01 -7.025345318444498055e-01 1.877627392822289742e-02
-6.187598066643964501e-01 3.778882914844865493e-01 -7.025345318444498055e-01 1.877627392822289742e-02
-6.187598066643964501e-01 3.778882914844865493e-01 -7.025345318444498055e-01 1.877627392822289742e-02
-6.187598066643964501e-01 3.778882914844865493e-01 -7.025345318444498055e-01 1.877627392822289742e-02
-6.187598066643964501e-01 3.778882914844865493e-01 -7.025345318444498055e-01 1.877627392822289742e-02
-6.187598066643964501e-01 3.778882914844865493e-01 -7.025345318444498055e-01 1.877627392822289742e-02
-6.187598066643964501e-01 3.778882914844865493e-01 -7.025345318444498055e-01 1.877627392822289742e-02
-6.187598066643964501e-01 3.778882914844865493e-01 -7.025345318444498055e-01 1.877627392822289742e-02
-6.187598066643964501e-01 3.778882914844865493e-01 -7.025345318444498055e-01 1.877627392822289742e-02
-6.187598066643964501e-01 3.778882914844865493e-01 -7.025345318444498055e-01 1.877627392822289742e-02
-6.187598066643964501e-01 3.778882914844865493e-01 -7.025345318444498055e-01 1.877627392822289742e-02
-6.187598066643964501e-01 3.778882914844865493e-01 -7.025345318444498055e-01 1.877627392822289742e-02
-6.187598066643964501e-01 3.778882914844865493e-01 -7.025345318444498055e-01 1.877627392822289742e-02
-6.187598066643964501e-01 3.778882914844865493e-01 -7.025345318444498055e-01 1.877627392822289742e-02
-6.203803131812275495e-01 3.749472962812954169e-01 -7.187207377769937455e-01 1.090498934139817397e-02
-6.195862975484716095e-01 3.840542135775539823e-01 -7.003673672109060888e-01 -9.823675698193323064e-03
-6.195862975484716095e-01 3.840542135775539823e-01 -7.003673672109060888e-01 -9.823675698193323064e-03
-6.195862975484716095e-01 3.840542135775539823e-01 -7.003673672109060888e-01 -9.823675698193323064e-03
-6.195862975484716095e-01 3.840542135775539823e-01 -7.003673672109060888e-01 -9.823675698193323064e-03
-6.195862975484716095e-01 3.840542135775539823e-01 -7.003673672109060888e-01 -9.823675698193323064e-03
-6.124380725228384392e-01 3.871901186364886671e-01 -6.883104453002482082e-01 5.702999750928631172e-03
-5.936894471731704037e-01 4.069876161830163763e-01 -6.424964712647676102e-01 -2.319867142285219827e-03
-5.936894471731704037e-01 4.069876161830163763e-01 -6.424964712647676102e-01 -2.319867142285219827e-03
-5.936894471731704037e-01 4.069876161830163763e-01 -6.424964712647676102e-01 -2.319867142285219827e-03
-5.936894471731704037e-01 4.069876161830163763e-01 -6.424964712647676102e-01 -2.319867142285219827e-03
-5.936894471731704037e-01 4.069876161830163763e-01 -6.424964712647676102e-01 -2.319867142285219827e-03
-5.722681335964301397e-01 4.266729407967140286e-01 -5.663291203886222647e-01 2.543298666954849421e-02
-5.412638948458252663e-01 4.530895495731868117e-01 -5.246909513490916055e-01 1.407913709918054077e-02
-5.392616127852360997e-01 4.641228326767563583e-01 -4.896903926192495149e-01 -3.986037557132914022e-03
-5.109420456309465841e-01 4.949885510450224846e-01 -4.068933834991899090e-01 -3.844657352193997513e-04
-4.354228707974878709e-01 5.651801732027270653e-01 -2.057099433625797502e-01 3.099594964185297882e-02
-3.756315508517615864e-01 6.296899482798414827e-01 -8.758026234533855536e-02 -2.033753575258608406e-02
-3.893651451868908042e-01 6.239012030289869948e-01 -7.024603956408725924e-02 -1.093518180072325027e-02
-3.164191934483073787e-01 6.927571051015326553e-01 1.044755782336517780e-01 3.655420733795036389e-03
-3.164191934483073787e-01 6.927571051015326553e-01 1.044755782336517780e-01 3.655420733795036389e-03
-3.164191934483073787e-01 6.927571051015326553e-01 1.044755782336517780e-01 3.655420733795036389e-03
-3.164191934483073787e-01 6.927571051015326553e-01 1.044755782336517780e-01 3.655420733795036389e-03
-3.623783962415115245e-01 6.447128267353308129e-01 -3.353611699202155294e-02 -9.650250472204181112e-03
-3.637935784952660012e-01 6.433246721708947291e-01 -2.200803702832746650e-02 3.926624871358011006e-03
-3.637935784952660012e-01 6.433246721708947291e-01 -2.200803702832746650e-02 3.926624871358011006e-03
-3.637935784952660012e-01 6.433246721708947291e-01 -2.200803702832746650e-02 3.926624871358011006e-03
-3.439128793388400163e-01 6.648723329789221204e-01 3.045699734773443801e-02 -1.568313390553494058e-06
-3.439128793388400163e-01 6.648723329789221204e-01 3.045699734773443801e-02 -1.568313390553494058e-06
-3.439128793388400163e-01 6.648723329789221204e-01 3.045699734773443801e-02 -1.568313390553494058e-06
-3.439128793388400163e-01 6.648723329789221204e-01 3.045699734773443801e-02 -1.568313390553494058e-06
-3.588724741314938127e-01 6.507607000956049381e-01 -3.313646359602053816e-03 -1.815928119159417216e-03
-3.588724741314938127e-01 6.507607000956049381e-01 -3.313646359602053816e-03 -1.815928119159417216e-03
-3.588724741314938127e-01 6.507607000956049381e-01 -3.313646359602053816e-03 -1.815928119159417216e-03
-3.600277653634508246e-01 6.494197696469126146e-01 -5.267470848501378325e-03 7.744950909419919373e-04
-3.600277653634508246e-01 6.494197696469126146e-01 -5.267470848501378325e-03 7.744950909419919373e-04
-3.600277653634508246e-01 6.494197696469126146e-01 -5.267470848501378325e-03 7.744950909419919373e-04
-3.600277653634508246e-01 6.494197696469126146e-01 -5.267470848501378325e-03 7.744950909419919373e-04
-3.600277653634508246e-01 6.494197696469126146e-01 -5.267470848501378325e-03 7.744950909419919373e-04
-3.616493079073533901e-01 6.484084867174466638e-01 -6.245453185930560647e-03 -4.967051182109531607e-05
-3.567359691431482016e-01 6.529277884561792700e-01 4.138053718612595688e-03 2.680979075909951069e-04
-3.567359691431482016e-01 6.529277884561792700e-01 4.138053718612595688e-03 2.680979075909951069e-04
-3.567359691431482016e-01 6.529277884561792700e-01 4.138053718612595688e-03 2.680979075909951069e-04
-3.593614435219741887e-01 6.502810773696781066e-01 -2.766104472549942885e-03 3.359793569472554206e-04
-3.598862317457530713e-01 6.500095097364739782e-01 -2.820177052091957150e-03 -2.789721083824436566e-05
-3.580878449542035935e-01 6.517194956439653630e-01 9.431897283645886794e-04 -1.214358538427975237e-04
-3.587358900811685736e-01 6.510164790999872775e-01 -8.631226445831359116e-04 -1.042610969173339910e-04
-3.578769108594614945e-01 6.518422144593527534e-01 1.380750054198741882e-03 1.443471032141075002e-04
-3.578769108594614945e-01 6.518422144593527534e-01 1.380750054198741882e-03 1.443471032141075002e-04
-3.576961568874587605e-01 6.519798164776193783e-01 1.375530368211448336e-03 4.131758615521098876e-05
-3.576961568874587605e-01 6.519798164776193783e-01 1.375530368211448336e-03 4.131758615521098876e-05
-3.585111730288157439e-01 6.512073385362378009e-01 -3.777849167102284925e-04 2.028233075402043821e-05
-3.585111730288157439e-01 6.512073385362378009e-01 -3.777849167102284925e-04 2.028233075402043821e-05
-3.585280437667769937e-01 6.511888447098989063e-01 -3.921592112856445763e-04 1.048419046074402600e-04
-3.585280437667769937e-01 6.511888447098989063e-01 -3.921592112856445763e-04 1.048419046074402600e-04
-3.585280437667769937e-01 6.511888447098989063e-01 -3.921592112856445763e-04 1.048419046074402600e-04
-3.585280437667769937e-01 6.511888447098989063e-01 -3.921592112856445763e-04 1.048419046074402600e-04
-3.585280437667769937e-01 6.511888447098989063e-01 -3.921592112856445763e-04 1.048419046074402600e-04
-3.582842603783008562e-01 6.514161976943378951e-01 8.795100037452724439e-05 5.718156445667060665e-05
-3.582842603783008562e-01 6.514161976943378951e-01 8.795100037452724439e-05 5.718156445667060665e-05
-3.582842603783008562e-01 6.514161976943378951e-01 8.795100037452724439e-05 5.718156445667060665e-05
-3.584236731009357579e-01 6.512813972090705228e-01 -1.603740564119900353e-04 9.665476505547315592e-05
-3.584442540892408546e-01 6.512716525569806070e-01 -1.855314243163188259e-04 8.935703453675052630e-05
-3.583421642985330502e-01 6.513818578139314308e-01 1.270948415247356508e-04 8.030051379927877154e-05
-3.584118889584668732e-01 6.513014501260068201e-01 -1.242706525125815387e-04 6.833649590819861096e-05
-3.583448777450475298e-01 6.513626435604176201e-01 1.090338722744275176e-06 7.042188339079793980e-05
-3.584047346868789452e-01 6.513053991117023767e-01 -1.028891402786725725e-04 8.687937348211481582e-05
-3.584100852557361994e-01 6.513047451049975844e-01 -1.051375387261311895e-04 8.292080059092403889e-05
-3.584100852557361994e-01 6.513047451049975844e-01 -1.051375387261311895e-04 8.292080059092403889e-05
-3.583968480001953338e-01 6.513160996157500993e-01 -8.523405045866849772e-05 7.403601464597188843e-05
-3.583698386753791376e-01 6.513408783398720869e-01 -3.334410348868218060e-05 7.553047479416828626e-05
-3.583698386753791376e-01 6.513408783398720869e-01 -3.334410348868218060e-05 7.553047479416828626e-05
