-4.967886849299945062e-01 6.729897526408581410e-01 -5.692078102449162902e-01 7.758859272017442077e-01
-5.154182606148691725e-01 6.982268683648902297e-01 -5.905531031291004762e-01 6.982973344815694983e-01
-5.154182606148691725e-01 6.982268683648902297e-01 -5.905531031291004762e-01 6.982973344815694983e-01
-5.154182606148691725e-01 6.982268683648902297e-01 -5.905531031291004762e-01 6.982973344815694983e-01
-5.235686999770017280e-01 6.777217118391143380e-01 -6.532549009763919390e-01 6.449551769864498851e-01
-5.436537112622574774e-01 6.812706812378062082e-01 -6.380241451163228827e-01 5.467571143249787546e-01
-5.436537112622574774e-01 6.812706812378062082e-01 -6.380241451163228827e-01 5.467571143249787546e-01
-5.918650155248725842e-01 7.283766778398903519e-01 -6.858148106298052049e-01 4.071885715607583833e-01
-6.026261424951884216e-01 7.047209894520811702e-01 -7.892790305816108631e-01 2.276512957302381235e-01
-6.026261424951884216e-01 7.047209894520811702e-01 -7.892790305816108631e-01 2.276512957302381235e-01
-7.195844167142302350e-01 7.098026083957817978e-01 -8.309260629075816418e-01 -7.540546642354462037e-02
-7.195844167142302350e-01 7.098026083957817978e-01 -8.309260629075816418e-01 -7.540546642354462037e-02
-7.195844167142302350e-01 7.098026083957817978e-01 -8.309260629075816418e-01 -7.540546642354462037e-02
-7.195844167142302350e-01 7.098026083957817978e-01 -8.309260629075816418e-01 -7.540546642354462037e-02
-6.693108840979355989e-01 7.158338458942031801e-01 -8.475747885346813781e-01 1.806865544923152989e-03
-6.693108840979355989e-01 7.158338458942031801e-01 -8.475747885346813781e-01 1.806865544923152989e-03
-6.693108840979355989e-01 7.158338458942031801e-01 -8.475747885346813781e-01 1.806865544923152989e-03
-6.706939784332134336e-01 7.351926308749459071e-01 -8.082570159324509174e-01 9.891103077077370576e-03
-6.706939784332134336e-01 7.351926308749459071e-01 -8.082570159324509174e-01 9.891103077077370576e-03
-6.706939784332134336e-01 7.351926308749459071e-01 -8.082570159324509174e-01 9.891103077077370576e-03
-6.706939784332134336e-01 7.351926308749459071e-01 -8.082570159324509174e-01 9.891103077077370576e-03
-6.706939784332134336e-01 7.351926308749459071e-01 -8.082570159324509174e-01 9.891103077077370576e-03
-6.706939784332134336e-01 7.351926308749459071e-01 -8.082570159324509174e-01 9.891103077077370576e-03
-6.706939784332134336e-01 7.351926308749459071e-01 -8.082570159324509174e-01 9.891103077077370576e-03
-6.706939784332134336e-01 7.351926308749459071e-01 -8.082570159324509174e-01 9.891103077077370576e-03
-6.706939784332134336e-01 7.351926308749459071e-01 -8.082570159324509174e-01 9.891103077077370576e-03
-6.706939784332134336e-01 7.351926308749459071e-01 -8.082570159324509174e-01 9.891103077077370576e-03
-7.013110205503503281e-01 7.520422012569623060e-01 -7.690600494991679525e-01 -9.391822699363389440e-03
-7.013110205503503281e-01 7.520422012569623060e-01 -7.690600494991679525e-01 -9.391822699363389440e-03
-7.013110205503503281e-01 7.520422012569623060e-01 -7.690600494991679525e-01 -9.391822699363389440e-03
-6.894884046538836131e-01 7.878845069041244820e-01 -6.975380170232672317e-01 2.700701373132637084e-02
-7.259017118513593214e-01 8.106878714260221663e-01 -6.540322782914804733e-01 2.656494219299285892e-03
-7.259017118513593214e-01 8.106878714260221663e-01 -6.540322782914804733e-01 2.656494219299285892e-03
-7.561054423485398246e-01 8.584755336650844448e-01 -5.381100568650101224e-01 1.668448064422112243e-02
-7.561054423485398246e-01 8.584755336650844448e-01 -5.381100568650101224e-01 1.668448064422112243e-02
-8.342737510613167373e-01 9.390376676087797136e-01 -3.734691451980300947e-01 -2.351248766087339626e-02
-8.506016778474512208e-01 1.005462503906880745e+00 -2.333944465262431933e-01 3.347030628456018619e-02
-8.675665755626214004e-01 1.030279261099834365e+00 -1.713675721727752066e-01 2.507455189228116263e-02
-9.083180198393110416e-01 1.037668923269321475e+00 -1.523445580418013590e-01 -2.961367375158445447e-03
-9.742745698068104865e-01 1.147748644277323482e+00 7.282219589558519557e-02 -6.489790738163705996e-04
-9.742745698068104865e-01 1.147748644277323482e+00 7.282219589558519557e-02 -6.489790738163705996e-04
-9.742745698068104865e-01 1.147748644277323482e+00 7.282219589558519557e-02 -6.489790738163705996e-04
-9.742745698068104865e-01 1.147748644277323482e+00 7.282219589558519557e-02 -6.489790738163705996e-04
-9.742745698068104865e-01 1.147748644277323482e+00 7.282219589558519557e-02 -6.489790738163705996e-04
-9.742745698068104865e-01 1.147748644277323482e+00 7.282219589558519557e-02 -6.489790738163705996e-04
-9.323715128814853426e-01 1.080308173490153401e+00 -6.277455374905840935e-02 9.930082048180627688e-05
-9.323715128814853426e-01 1.080308173490153401e+00 -6.277455374905840935e-02 9.930082048180627688e-05
-9.361833904366123615e-01 1.096565993567828690e+00 -2.914177862222688473e-02 3.935064896742461807e-03
-9.361833904366123615e-01 1.096565993567828690e+00 -2.914177862222688473e-02 3.935064896742461807e-03
-9.608129168552288490e-01 1.127251687369990485e+00 3.310563481358936438e-02 6.634120400634169364e-04
-9.608129168552288490e-01 1.127251687369990485e+00 3.310563481358936438e-02 6.634120400634169364e-04
-9.430911856065467003e-01 1.097924646178847441e+00 -2.579208811527462439e-02 -2.247433797609744706e-04
-9.504724943929312442e-01 1.108926894839105559e+00 -2.681046543029174875e-03 -2.059046548242407775e-03
-9.587026720602986885e-01 1.121119377166673203e+00 2.407146618346864622e-02 -7.653979712829263923e-04
-9.447266038326818105e-01 1.105185822478241375e+00 -1.098289351876916529e-02 1.669310465968369597e-03
-9.550305779141717855e-01 1.117770436267853551e+00 1.462974715759414283e-02 1.592213408669660812e-04
-9.476621363282837773e-01 1.105587639433407876e+00 -9.766384897729254999e-03 -2.368607789667370397e-04
-9.476621363282837773e-01 1.105587639433407876e+00 -9.766384897729254999e-03 -2.368607789667370397e-04
-9.476621363282837773e-01 1.105587639433407876e+00 -9.766384897729254999e-03 -2.368607789667370397e-04
-9.483443204151930095e-01 1.108779289739069362e+00 -3.347627245315941760e-03 6.717304104764781599e-04
-9.483443204151930095e-01 1.108779289739069362e+00 -3.347627245315941760e-03 6.717304104764781599e-04
-9.520355286394126537e-01 1.112604046396261204e+00 5.066984847253230319e-03 -2.135875035708549097e-04
-9.505885618131295622e-01 1.110450513279726881e+00 3.472960466167275984e-04 -4.378656198282659799e-04
-9.492846851811794773e-01 1.108516513808308179e+00 -3.723420581232631324e-03 -1.183020433953281905e-04
-9.492846851811794773e-01 1.108516513808308179e+00 -3.723420581232631324e-03 -1.183020433953281905e-04
-9.490940100062981166e-01 1.109114463841809783e+00 -2.467444178433462511e-03 2.359255769156890783e-04
-9.490940100062981166e-01 1.109114463841809783e+00 -2.467444178433462511e-03 2.359255769156890783e-04
-9.490940100062981166e-01 1.109114463841809783e+00 -2.467444178433462511e-03 2.359255769156890783e-04
-9.490940100062981166e-01 1.109114463841809783e+00 -2.467444178433462511e-03 2.359255769156890783e-04
-9.495391588245635228e-01 1.109821539833489190e+00 -7.025801110309114195e-04 2.037241935589100461e-04
-9.495391588245635228e-01 1.109821539833489190e+00 -7.025801110309114195e-04 2.037241935589100461e-04
-9.499733283911456772e-01 1.109962077983952966e+00 -5.388136047943909660e-04 1.649906321301669544e-07
-9.499733283911456772e-01 1.109962077983952966e+00 -5.388136047943909660e-04 1.649906321301669544e-07
-9.499733283911456772e-01 1.109962077983952966e+00 -5.388136047943909660e-04 1.649906321301669544e-07
-9.495764786693092763e-01 1.109512953121295054e+00 -1.402242199218276799e-03 2.807256695813754391e-05
-9.495764786693092763e-01 1.109512953121295054e+00 -1.402242199218276799e-03 2.807256695813754391e-05
-9.497099079186299697e-01 1.109911118100443517e+00 -5.482401396445795057e-04 1.105099263274477263e-04
-9.498905733451034061e-01 1.110127036756864083e+00 -1.408198035163626938e-04 4.288502203711356213e-05
-9.496769560916404895e-01 1.109737299301266411e+00 -1.002807239922164691e-03 7.487091926714376324e-05
-9.496769560916404895e-01 1.109737299301266411e+00 -1.002807239922164691e-03 7.487091926714376324e-05
-9.496296227067257956e-01 1.109688674037466960e+00 -1.038634633289064503e-03 5.857004526588078906e-05
-9.496296227067257956e-01 1.109688674037466960e+00 -1.038634633289064503e-03 5.857004526588078906e-05
-9.496296227067257956e-01 1.109688674037466960e+00 -1.038634633289064503e-03 5.857004526588078906e-05
-9.497678545386780691e-01 1.109932578199036124e+00 -5.519702114166129920e-04 5.405237791306134894e-05
-9.496496688487559013e-01 1.109886219494418569e+00 -5.456196067270971742e-04 3.030345681717807682e-05
-9.496496688487559013e-01 1.109886219494418569e+00 -5.456196067270971742e-04 3.030345681717807682e-05
-9.496496688487559013e-01 1.109886219494418569e+00 -5.456196067270971742e-04 3.030345681717807682e-05
-9.496496688487559013e-01 1.109886219494418569e+00 -5.456196067270971742e-04 3.030345681717807682e-05
-9.496496688487559013e-01 1.109886219494418569e+00 -5.456196067270971742e-04 3.030345681717807682e-05
-9.495170045159784245e-01 1.109744423534578583e+00 -7.051901699082756703e-04 1.671646580028257568e-05
-9.495007357233183898e-01 1.109726184514363556e+00 -8.307475682963541552e-04 6.380546953904958510e-05
-9.494124458338890626e-01 1.109829833008395106e+00 -4.219635085269631859e-04 3.237451203980568244e-05
-9.494124458338890626e-01 1.109829833008395106e+00 -4.219635085269631859e-04 3.237451203980568244e-05
-9.490528480300648440e-01 1.109493073991509426e+00 -8.732820155404065997e-04 2.745195038931309752e-05
-9.490528480300648440e-01 1.109493073991509426e+00 -8.732820155404065997e-04 2.745195038931309752e-05
-9.489944625201748307e-01 1.109615512284209959e+00 -4.918736758200302397e-04 -7.955959743273516164e-06
-9.487136416221837454e-01 1.109493511390758247e+00 -5.338210452379425937e-04 6.539002375871742832e-05
-9.481101032561261022e-01 1.109022089993656479e+00 -1.096707964573001267e-03 3.443337610646553866e-05
-9.481101032561261022e-01 1.109022089993656479e+00 -1.096707964573001267e-03 3.443337610646553866e-05
-9.474703244798527990e-01 1.108991074880412153e+00 -4.522173169035420201e-04 2.322356137200520072e-05
-9.464439919693916625e-01 1.108277870242162066e+00 -1.185291727156929063e-03 1.174240224736374725e-04
-9.453033965257797711e-01 1.107610141167618689e+00 -1.589999999760343882e-03 9.757554505845586219e-06
-9.439295555303783836e-01 1.107082181914321062e+00 -1.624551199599029265e-03 1.140238670189338367e-04
-9.411402448667995913e-01 1.105926771166072520e+00 -1.445629253418880423e-03 1.294550018148855083e-04
-9.411402448667995913e-01 1.105926771166072520e+00 -1.445629253418880423e-03 1.294550018148855083e-04
-9.355956162281762190e-01 1.103001635725191498e+00 -2.977440965067868969e-03 7.665926870845826105e-05
-9.355956162281762190e-01 1.103001635725191498e+00 -2.977440965067868969e-03 7.665926870845826105e-05
-9.270203223127602143e-01 1.098967889551445865e+00 -3.922891916325968627e-03 2.216415987800868074e-04
-9.225644327007023193e-01 1.097350300290815373e+00 -3.320236626842367790e-03 1.701272126827431137e-04
-9.225644327007023193e-01 1.097350300290815373e+00 -3.320236626842367790e-03 1.701272126827431137e-04
-9.072877579953990690e-01 1.089713457897873106e+00 -6.076679851002892915e-03 5.392246565353361193e-05
-8.858625254045806585e-01 1.079991766912024698e+00 -7.784367276947565945e-03 3.462810160106561124e-04
-8.721447655542777788e-01 1.073827167279950423e+00 -8.789571894897563534e-03 1.497959187903259780e-04
-8.524962829631221872e-01 1.065071879132678312e+00 -9.479760640054776810e-03 9.921203827881083749e-05
-8.524962829631221872e-01 1.065071879132678312e+00 -9.479760640054776810e-03 9.921203827881083749e-05
-8.524962829631221872e-01 1.065071879132678312e+00 -9.479760640054776810e-03 9.921203827881083749e-05
-8.524962829631221872e-01 1.065071879132678312e+00 -9.479760640054776810e-03 9.921203827881083749e-05
-8.349318827783180907e-01 1.057954719362223628e+00 -8.992152176029048760e-03 1.304770498402798434e-04
-8.349318827783180907e-01 1.057954719362223628e+00 -8.992152176029048760e-03 1.304770498402798434e-04
-8.349318827783180907e-01 1.057954719362223628e+00 -8.992152176029048760e-03 1.304770498402798434e-04
-8.487303378182953217e-01 1.065448912350198007e+00 -4.430753874278353655e-03 -1.249307112395006561e-04
-7.731726042226005902e-01 1.032003661847336051e+00 -8.329770834339632335e-03 1.504606985207898682e-04
-7.731726042226005902e-01 1.032003661847336051e+00 -8.329770834339632335e-03 1.504606985207898682e-04
-7.731726042226005902e-01 1.032003661847336051e+00 -8.329770834339632335e-03 1.504606985207898682e-04
-7.731726042226005902e-01 1.032003661847336051e+00 -8.329770834339632335e-03 1.504606985207898682e-04
-7.144537023272872212e-01 1.006535408599263715e+00 -9.136547210402440333e-03 -4.625740888947786839e-04
-6.507433033983556214e-01 9.812260717934639942e-01 -5.620606210045245299e-03 -2.508068676520904851e-04
-6.507433033983556214e-01 9.812260717934639942e-01 -5.620606210045245299e-03 -2.508068676520904851e-04
-6.507433033983556214e-01 9.812260717934639942e-01 -5.620606210045245299e-03 -2.508068676520904851e-04
-4.031040519012738521e-01 8.728234049424639096e-01 -1.320609501764119509e-02 -1.114851009136998920e-03
-2.870296178723905633e-01 8.234759086960083962e-01 -1.464470312094465210e-02 -3.779891244875268567e-04
-2.870296178723905633e-01 8.234759086960083962e-01 -1.464470312094465210e-02 -3.779891244875268567e-04
-2.243327261443422982e-01 7.984831734261628178e-01 -1.045569448277436884e-02 -1.079889628506203571e-03
-2.243327261443422982e-01 7.984831734261628178e-01 -1.045569448277436884e-02 -1.079889628506203571e-03
9.294088856466653503e-02 6.657075428833438835e-01 -7.476670219397761608e-03 -4.857715781837446643e-04
9.294088856466653503e-02 6.657075428833438835e-01 -7.476670219397761608e-03 -4.857715781837446643e-04
9.294088856466653503e-02 6.657075428833438835e-01 -7.476670219397761608e-03 -4.857715781837446643e-04
2.574461536987293631e-02 6.964489168952725517e-01 -2.348630110151149475e-03 -4.672228606045296904e-04
8.808639439893226064e-02 6.704245238996728862e-01 -2.484106562009822175e-03 5.410110273649840727e-04
8.808639439893226064e-02 6.704245238996728862e-01 -2.484106562009822175e-03 5.410110273649840727e-04
8.808639439893226064e-02 6.704245238996728862e-01 -2.484106562009822175e-03 5.410110273649840727e-04
8.808639439893226064e-02 6.704245238996728862e-01 -2.484106562009822175e-03 5.410110273649840727e-04
1.029669275029101161e-01 6.667367011499786278e-01 4.065652951137790384e-03 1.875172951951275114e-04
7.233755396331389975e-02 6.777072556766914335e-01 -2.634237252681539531e-04 -1.702250754595559528e-04
1.734552828744991837e-01 6.355675855949309838e-01 1.197216474006384352e-03 -2.627102801233182695e-05
1.734552828744991837e-01 6.355675855949309838e-01 1.197216474006384352e-03 -2.627102801233182695e-05
1.143400857395403536e-01 6.598187752685306107e-01 -1.066694200284368276e-03 3.075217790106839753e-04
1.646951532499682513e-01 6.383990717752425770e-01 -1.306692589606882338e-03 1.898723367928884464e-04
1.170869732298702726e-01 6.598049366144137506e-01 1.852877220424767584e-03 1.313708991390243410e-04
1.073659638683917145e-01 6.630524239949854293e-01 -4.712349956658931117e-05 -9.800789363494864488e-06
1.073659638683917145e-01 6.630524239949854293e-01 -4.712349956658931117e-05 -9.800789363494864488e-06
1.073659638683917145e-01 6.630524239949854293e-01 -4.712349956658931117e-05 -9.800789363494864488e-06
1.073659638683917145e-01 6.630524239949854293e-01 -4.712349956658931117e-05 -9.800789363494864488e-06
1.073659638683917145e-01 6.630524239949854293e-01 -4.712349956658931117e-05 -9.800789363494864488e-06
1.073659638683917145e-01 6.630524239949854293e-01 -4.712349956658931117e-05 -9.800789363494864488e-06
1.246170484974156722e-01 6.556097543620957868e-01 -5.773014172979426279e-04 1.455949723084461883e-04
1.246170484974156722e-01 6.556097543620957868e-01 -5.773014172979426279e-04 1.455949723084461883e-04
1.168777498088861833e-01 6.586889157029331976e-01 -1.027956687806092471e-03 1.144377660878625829e-04
1.017319007971908551e-01 6.654918334457076146e-01 -7.424785363121947160e-05 9.997567656043215313e-05
1.131097476067369767e-01 6.605487555560958235e-01 -3.086964135108095377e-04 5.474484630642805719e-05
1.131097476067369767e-01 6.605487555560958235e-01 -3.086964135108095377e-04 5.474484630642805719e-05
1.131097476067369767e-01 6.605487555560958235e-01 -3.086964135108095377e-04 5.474484630642805719e-05
1.131097476067369767e-01 6.605487555560958235e-01 -3.086964135108095377e-04 5.474484630642805719e-05
1.131097476067369767e-01 6.605487555560958235e-01 -3.086964135108095377e-04 5.474484630642805719e-05
1.099571683515116749e-01 6.619220405092458570e-01 -2.799516373907600894e-04 9.965917411621161770e-05
1.099571683515116749e-01 6.619220405092458570e-01 -2.799516373907600894e-04 9.965917411621161770e-05
1.175095565007699683e-01 6.586339025942541392e-01 -4.933666819161434177e-04 9.488507631449541013e-05
1.175095565007699683e-01 6.586339025942541392e-01 -4.933666819161434177e-04 9.488507631449541013e-05
1.175095565007699683e-01 6.586339025942541392e-01 -4.933666819161434177e-04 9.488507631449541013e-05
1.120346577305266905e-01 6.609755918374180528e-01 -4.183962810580757626e-04 7.886742998379367648e-05
1.155108107706931536e-01 6.594917875090624548e-01 -4.468587172741721961e-04 7.831523548179259212e-05
1.134733628670282213e-01 6.603967174539245866e-01 -3.434911810531922089e-04 7.901894770258845115e-05
1.134733628670282213e-01 6.603967174539245866e-01 -3.434911810531922089e-04 7.901894770258845115e-05
1.134733628670282213e-01 6.603967174539245866e-01 -3.434911810531922089e-04 7.901894770258845115e-05
1.170429734994604537e-01 6.588632998684098574e-01 -4.100226069441124401e-04 8.891783705726317337e-05
1.170429734994604537e-01 6.588632998684098574e-01 -4.100226069441124401e-04 8.891783705726317337e-05
1.170666038268911996e-01 6.588524223464665708e-01 -3.980172638659991132e-04 7.927638288522178298e-05
1.170666038268911996e-01 6.588524223464665708e-01 -3.980172638659991132e-04 7.927638288522178298e-05
1.170666038268911996e-01 6.588524223464665708e-01 -3.980172638659991132e-04 7.927638288522178298e-05
1.192973002090747942e-01 6.579213697772727798e-01 -3.689931374017500483e-04 8.226530080869584973e-05
1.192973002090747942e-01 6.579213697772727798e-01 -3.689931374017500483e-04 8.226530080869584973e-05
1.192973002090747942e-01 6.579213697772727798e-01 -3.689931374017500483e-04 8.226530080869584973e-05
1.192973002090747942e-01 6.579213697772727798e-01 -3.689931374017500483e-04 8.226530080869584973e-05
1.192973002090747942e-01 6.579213697772727798e-01 -3.689931374017500483e-04 8.226530080869584973e-05
1.192973002090747942e-01 6.579213697772727798e-01 -3.689931374017500483e-04 8.226530080869584973e-05
1.177620161718147679e-01 6.585888366296820395e-01 -3.327028913790397403e-04 8.640657750661394040e-05
1.177620161718147679e-01 6.585888366296820395e-01 -3.327028913790397403e-04 8.640657750661394040e-05
1.191800494344086164e-01 6.579913286543015438e-01 -3.156028240821313695e-04 8.037798405969155506e-05
1.191800494344086164e-01 6.579913286543015438e-01 -3.156028240821313695e-04 8.037798405969155506e-05
1.186607468670178023e-01 6.582005431194970502e-01 -3.457347233726242725e-04 8.244694934724959220e-05
1.193821084331806864e-01 6.579085151413679444e-01 -3.137636617482275018e-04 8.326544312380374673e-05
1.183350723209511679e-01 6.583476952180244979e-01 -3.256388480030307530e-04 8.420294889388928975e-05
1.183350723209511679e-01 6.583476952180244979e-01 -3.256388480030307530e-04 8.420294889388928975e-05
1.190584380926025254e-01 6.580400351065487374e-01 -3.248400685937889200e-04 8.183337946526402125e-05
1.190584380926025254e-01 6.580400351065487374e-01 -3.248400685937889200e-04 8.183337946526402125e-05
1.192081110777807318e-01 6.579732228103424285e-01 -3.351129038731888465e-04 8.326057742625011062e-05
1.186245784361702055e-01 6.582203044219003818e-01 -3.350185362112021456e-04 8.329491749561323557e-05
1.186245784361702055e-01 6.582203044219003818e-01 -3.350185362112021456e-04 8.329491749561323557e-05
1.186245784361702055e-01 6.582203044219003818e-01 -3.350185362112021456e-04 8.329491749561323557e-05
1.186245784361702055e-01 6.582203044219003818e-01 -3.350185362112021456e-04 8.329491749561323557e-05
1.186245784361702055e-01 6.582203044219003818e-01 -3.350185362112021456e-04 8.329491749561323557e-05
1.191896679201894793e-01 6.579864850183618774e-01 -3.204248699856562495e-04 8.334809268239568242e-05
1.191896679201894793e-01 6.579864850183618774e-01 -3.204248699856562495e-04 8.334809268239568242e-05
1.191896679201894793e-01 6.579864850183618774e-01 -3.204248699856562495e-04 8.334809268239568242e-05
1.183402433871238446e-01 6.583420934781358813e-01 -3.308817874126221848e-04 8.357376286378141652e-05
1.192615294109193591e-01 6.579561252963237461e-01 -3.177352555016781707e-04 8.298546970473896301e-05
1.192615294109193591e-01 6.579561252963237461e-01 -3.177352555016781707e-04 8.298546970473896301e-05
1.192615294109193591e-01 6.579561252963237461e-01 -3.177352555016781707e-04 8.298546970473896301e-05
1.183853006705041233e-01 6.583251574251796079e-01 -3.226271833676047640e-04 8.417537668469724128e-05
1.183853006705041233e-01 6.583251574251796079e-01 -3.226271833676047640e-04 8.417537668469724128e-05
1.187414983424420756e-01 6.581859837928742962e-01 -2.891798053313375094e-04 8.250009713340456354e-05
1.190944334103065660e-01 6.580275392770655873e-01 -3.091190249594956852e-04 8.293894240987890565e-05
1.182868976919671522e-01 6.583779023811833220e-01 -2.857056438335825064e-04 8.422093682125926994e-05
1.182868976919671522e-01 6.583779023811833220e-01 -2.857056438335825064e-04 8.422093682125926994e-05
1.185404584497478930e-01 6.582756059511301050e-01 -2.673785383388680315e-04 8.212607372004969712e-05
1.177548620759731879e-01 6.585963940974080000e-01 -2.902980216526820662e-04 8.417146378029511039e-05
1.177548620759731879e-01 6.585963940974080000e-01 -2.902980216526820662e-04 8.417146378029511039e-05
1.177548620759731879e-01 6.585963940974080000e-01 -2.902980216526820662e-04 8.417146378029511039e-05
1.170131578536340866e-01 6.589246031211715149e-01 -2.342567385915274173e-04 8.228424061470173377e-05
1.153605608909871738e-01 6.596159438588087287e-01 -2.460695997704509877e-04 8.659259198810998143e-05
1.170440931935363138e-01 6.588973415366818909e-01 -2.487960818833523336e-04 8.536185174244550599e-05
1.170440931935363138e-01 6.588973415366818909e-01 -2.487960818833523336e-04 8.536185174244550599e-05
1.131736897860170510e-01 6.605489232672296929e-01 -1.565495025233604566e-04 8.608074784352212367e-05
1.117774971799825323e-01 6.611107453292466296e-01 -2.103516415945446425e-04 9.270257459632414224e-05
1.123953933220228629e-01 6.608491649568004611e-01 -1.599374506047676614e-04 8.866835880566830818e-05
1.123953933220228629e-01 6.608491649568004611e-01 -1.599374506047676614e-04 8.866835880566830818e-05
1.123953933220228629e-01 6.608491649568004611e-01 -1.599374506047676614e-04 8.866835880566830818e-05
1.085038015114623833e-01 6.624735900799572086e-01 -1.364659243978204447e-04 9.734712602294562063e-05
1.085038015114623833e-01 6.624735900799572086e-01 -1.364659243978204447e-04 9.734712602294562063e-05
1.119277111285824078e-01 6.610293524105443908e-01 -8.122424076082140204e-05 9.091315777824568413e-05
1.122481810737735453e-01 6.608547819016001856e-01 -1.941283698845731745e-04 9.311499531175441839e-05
1.122481810737735453e-01 6.608547819016001856e-01 -1.941283698845731745e-04 9.311499531175441839e-05
1.078586507657171289e-01 6.627015821049531130e-01 -6.953366691854432897e-05 9.903266981437942721e-05
1.128896000493762597e-01 6.605499344514627058e-01 -2.107563437987004318e-05 8.812144872775572353e-05
1.128896000493762597e-01 6.605499344514627058e-01 -2.107563437987004318e-05 8.812144872775572353e-05
1.118671594447827045e-01 6.608890607995794308e-01 -1.529977138419694616e-04 9.704878810061419751e-05
1.118671594447827045e-01 6.608890607995794308e-01 -1.529977138419694616e-04 9.704878810061419751e-05
1.223577978092542651e-01 6.563897749764076028e-01 -9.008344355806245630e-05 8.056208389976637170e-05
1.146008358182057929e-01 6.595691172357134313e-01 7.689409384966465195e-05 8.724700280882585800e-05
1.193724166402015952e-01 6.573817468267262321e-01 -7.919185315543522273e-05 9.347698629195272911e-05
1.193724166402015952e-01 6.573817468267262321e-01 -7.919185315543522273e-05 9.347698629195272911e-05
1.193724166402015952e-01 6.573817468267262321e-01 -7.919185315543522273e-05 9.347698629195272911e-05
1.185512030531750138e-01 6.572552718366981850e-01 1.155774976759225622e-04 9.456315323435785609e-05
1.185512030531750138e-01 6.572552718366981850e-01 1.155774976759225622e-04 9.456315323435785609e-05
1.185512030531750138e-01 6.572552718366981850e-01 1.155774976759225622e-04 9.456315323435785609e-05
1.182410536131615619e-01 6.568653927887240229e-01 1.018114181353236929e-04 1.152798305042054784e-04
1.240931826155307061e-01 6.536892641895268863e-01 1.417761925481937852e-04 1.134755784724904293e-04
1.240931826155307061e-01 6.536892641895268863e-01 1.417761925481937852e-04 1.134755784724904293e-04
1.179926887165586025e-01 6.553029690405713925e-01 7.052651947988578755e-04 1.298081627302936783e-04
1.153504987534277326e-01 6.550332074182709796e-01 6.385354070929250957e-04 1.748365425370577509e-04
1.153504987534277326e-01 6.550332074182709796e-01 6.385354070929250957e-04 1.748365425370577509e-04
1.353184186428496028e-01 6.440534243865125852e-01 1.252471933755338685e-03 1.780050775071836283e-04
1.353184186428496028e-01 6.440534243865125852e-01 1.252471933755338685e-03 1.780050775071836283e-04
1.268870821661826076e-01 6.434918301078638159e-01 1.714632372714997108e-03 2.776848522142547245e-04
1.268870821661826076e-01 6.434918301078638159e-01 1.714632372714997108e-03 2.776848522142547245e-04
1.268870821661826076e-01 6.434918301078638159e-01 1.714632372714997108e-03 2.776848522142547245e-04
1.268870821661826076e-01 6.434918301078638159e-01 1.714632372714997108e-03 2.776848522142547245e-04
1.268870821661826076e-01 6.434918301078638159e-01 1.714632372714997108e-03 2.776848522142547245e-04
1.268870821661826076e-01 6.434918301078638159e-01 1.714632372714997108e-03 2.776848522142547245e-04
1.268870821661826076e-01 6.434918301078638159e-01 1.714632372714997108e-03 2.776848522142547245e-04
1.372275431106389498e-01 6.401651815890092578e-01 1.120178009266741773e-03 2.470327005013650329e-04
1.372275431106389498e-01 6.401651815890092578e-01 1.120178009266741773e-03 2.470327005013650329e-04
1.372275431106389498e-01 6.401651815890092578e-01 1.120178009266741773e-03 2.470327005013650329e-04
1.254814399177361928e-01 6.442383525214978590e-01 1.116087724509204565e-03 2.848924424410706198e-04
1.447520969373881639e-01 6.349520453881773996e-01 5.744296936889461275e-04 2.889966888594550695e-04
1.439769803503388457e-01 6.355556530553654326e-01 9.643394615338634658e-04 2.557070626622457094e-04
1.439769803503388457e-01 6.355556530553654326e-01 9.643394615338634658e-04 2.557070626622457094e-04
1.439769803503388457e-01 6.355556530553654326e-01 9.643394615338634658e-04 2.557070626622457094e-04
1.439769803503388457e-01 6.355556530553654326e-01 9.643394615338634658e-04 2.557070626622457094e-04
1.540515430038104649e-01 6.285844128182593860e-01 7.336933664747519093e-04 3.029207836633476814e-04
1.571990316695007772e-01 6.285290747187235461e-01 1.422382594723978211e-04 2.427702933486631858e-04
1.571990316695007772e-01 6.285290747187235461e-01 1.422382594723978211e-04 2.427702933486631858e-04
1.571990316695007772e-01 6.285290747187235461e-01 1.422382594723978211e-04 2.427702933486631858e-04
1.682009513975495363e-01 6.180951429549370602e-01 6.436835066236561501e-04 3.149868882408443302e-04
1.586638823859105596e-01 6.241706710316572426e-01 1.037468301853557064e-03 2.296090246717628729e-04
1.586638823859105596e-01 6.241706710316572426e-01 1.037468301853557064e-03 2.296090246717628729e-04
1.586638823859105596e-01 6.241706710316572426e-01 1.037468301853557064e-03 2.296090246717628729e-04
1.983997187535745388e-01 5.964107889565719578e-01 1.041522651881210057e-03 2.805979008172340087e-04
1.983997187535745388e-01 5.964107889565719578e-01 1.041522651881210057e-03 2.805979008172340087e-04
1.772357685997744126e-01 6.051143752771028783e-01 1.062985584543497172e-03 2.421049186404496643e-04
1.772357685997744126e-01 6.051143752771028783e-01 1.062985584543497172e-03 2.421049186404496643e-04
2.457757044162363069e-01 5.583405039657418634e-01 1.353641207957257363e-03 2.305456382525993952e-04
2.283352915592387067e-01 5.569884668214899470e-01 3.235911056270555659e-03 3.715844895453334143e-04
2.315147743406984482e-01 5.480174252574874227e-01 3.677128082245061449e-03 2.357838489043881250e-04
2.315147743406984482e-01 5.480174252574874227e-01 3.677128082245061449e-03 2.357838489043881250e-04
2.315147743406984482e-01 5.480174252574874227e-01 3.677128082245061449e-03 2.357838489043881250e-04
2.315147743406984482e-01 5.480174252574874227e-01 3.677128082245061449e-03 2.357838489043881250e-04
2.975604320735649733e-01 4.793483763165040656e-01 4.832084469678790163e-03 2.033164205925153947e-04
2.304291547523810157e-01 5.193142307997196117e-01 5.145010759460706337e-03 2.361130747241476941e-04
2.304291547523810157e-01 5.193142307997196117e-01 5.145010759460706337e-03 2.361130747241476941e-04
2.546217928118872931e-01 4.990535277398717717e-01 5.662728744950292978e-03 6.979399713047797302e-05
3.187712817439657398e-01 4.161551092032271804e-01 6.584746899368523060e-03 -8.961650856552448152e-06
2.025881035310331812e-01 5.060982567502361196e-01 5.589330946768365088e-03 -1.032353478196078832e-04
2.025881035310331812e-01 5.060982567502361196e-01 5.589330946768365088e-03 -1.032353478196078832e-04
2.025881035310331812e-01 5.060982567502361196e-01 5.589330946768365088e-03 -1.032353478196078832e-04
2.674001960888807150e-01 3.965728263690990740e-01 8.720052869323747374e-03 -2.625969343919961002e-04
2.674001960888807150e-01 3.965728263690990740e-01 8.720052869323747374e-03 -2.625969343919961002e-04
1.662152976835247209e-01 4.948363772570595343e-01 7.814143221904738465e-03 -8.093102969515683035e-05
1.634689419926991238e-01 4.818203644541836361e-01 6.949212138054449567e-03 -3.679815864731328335e-04
2.446240758135839188e-01 4.701356616455745208e-01 4.073178982272215171e-03 1.025918256045469344e-05
2.261051766219499548e-01 3.703274087939651960e-01 9.488778515129633190e-03 -3.194670803606575096e-04
2.261051766219499548e-01 3.703274087939651960e-01 9.488778515129633190e-03 -3.194670803606575096e-04
2.428229629293738867e-01 3.860301314358927094e-01 3.837043452300323981e-03 -4.333775457588756813e-04
3.078311900135312085e-01 3.402194822779263106e-01 3.232779105685305854e-03 9.167659833276913493e-05
1.929262580217220302e-01 2.661517533694084392e-01 8.354545509809595261e-03 -6.037418779051700879e-04
1.929262580217220302e-01 2.661517533694084392e-01 8.354545509809595261e-03 -6.037418779051700879e-04
3.217031507735088613e-01 2.105619288638005404e-01 1.730390384820808952e-03 -4.112501474318392466e-04
3.217031507735088613e-01 2.105619288638005404e-01 1.730390384820808952e-03 -4.112501474318392466e-04
2.666536760299070830e-01 1.647178653174736773e-01 3.486756466287902964e-03 5.250237916869042974e-05
2.666536760299070830e-01 1.647178653174736773e-01 3.486756466287902964e-03 5.250237916869042974e-05
2.666536760299070830e-01 1.647178653174736773e-01 3.486756466287902964e-03 5.250237916869042974e-05
2.666536760299070830e-01 1.647178653174736773e-01 3.486756466287902964e-03 5.250237916869042974e-05
2.666536760299070830e-01 1.647178653174736773e-01 3.486756466287902964e-03 5.250237916869042974e-05
1.276437257892717447e-01 8.895309218874669632e-02 5.758337668931049966e-04 2.220824865810171970e-04
1.276437257892717447e-01 8.895309218874669632e-02 5.758337668931049966e-04 2.220824865810171970e-04
1.276437257892717447e-01 8.895309218874669632e-02 5.758337668931049966e-04 2.220824865810171970e-04
1.276437257892717447e-01 8.895309218874669632e-02 5.758337668931049966e-04 2.220824865810171970e-04
1.276437257892717447e-01 8.895309218874669632e-02 5.758337668931049966e-04 2.220824865810171970e-04
1.276437257892717447e-01 8.895309218874669632e-02 5.758337668931049966e-04 2.220824865810171970e-04
1.276437257892717447e-01 8.895309218874669632e-02 5.758337668931049966e-04 2.220824865810171970e-04
1.276437257892717447e-01 8.895309218874669632e-02 5.758337668931049966e-04 2.220824865810171970e-04
3.615140927070283061e-02 -5.536658068883673622e-02 2.187031862668899727e-03 -2.984749270225874529e-04
-2.797327832202420664e-02 8.955859350074971137e-02 2.948441740002641191e-03 2.715703012654851101e-05
-2.797327832202420664e-02 8.955859350074971137e-02 2.948441740002641191e-03 2.715703012654851101e-05
-1.162258228974474145e-03 3.472854230687662247e-02 -1.217643475113460425e-04 3.140574914506779692e-04
-1.162258228974474145e-03 3.472854230687662247e-02 -1.217643475113460425e-04 3.140574914506779692e-04
-1.162258228974474145e-03 3.472854230687662247e-02 -1.217643475113460425e-04 3.140574914506779692e-04
6.687586079717743395e-03 -1.905837585873683404e-03 1.456289344278885282e-03 -1.100620240257142702e-04
6.687586079717743395e-03 -1.905837585873683404e-03 1.456289344278885282e-03 -1.100620240257142702e-04
6.687586079717743395e-03 -1.905837585873683404e-03 1.456289344278885282e-03 -1.100620240257142702e-04
-2.710276782002330950e-02 -3.107999998827126742e-02 6.148839278088310536e-04 5.265914541867674603e-05
-5.950573471670668468e-03 1.393657013601918432e-02 2.999228663753676530e-05 1.611182991232429644e-04
3.933704342340539270e-03 -7.908136281956209754e-03 -7.983194252681377872e-04 6.861290354283523666e-05
3.933704342340539270e-03 -7.908136281956209754e-03 -7.983194252681377872e-04 6.861290354283523666e-05
-3.729930757384785321e-03 -3.120725231241415747e-03 7.941339625616180122e-04 -1.880439228603607776e-05
-3.729930757384785321e-03 -3.120725231241415747e-03 7.941339625616180122e-04 -1.880439228603607776e-05
-3.729930757384785321e-03 -3.120725231241415747e-03 7.941339625616180122e-04 -1.880439228603607776e-05
1.534414242108290884e-03 1.810395772461218314e-02 -2.376150609317102466e-05 2.238105290247574319e-05
1.534414242108290884e-03 1.810395772461218314e-02 -2.376150609317102466e-05 2.238105290247574319e-05
-3.398008886769127851e-04 -1.123485723447890591e-03 -2.356917643156802215e-04 2.168596241522616045e-05
-3.398008886769127851e-04 -1.123485723447890591e-03 -2.356917643156802215e-04 2.168596241522616045e-05
-4.093804679269362479e-03 1.120102917472149198e-02 -2.843007160039975998e-04 7.440868702639654248e-06
-7.681321181346763630e-03 6.512558398597627016e-03 1.368367613449234551e-04 1.654755915603991329e-07
-2.953778936795002467e-03 6.168911215619752968e-03 4.950287476914653866e-05 -1.804163138412092550e-05
-2.953778936795002467e-03 6.168911215619752968e-03 4.950287476914653866e-05 -1.804163138412092550e-05
-2.150561180228204809e-03 3.910676423829972069e-03 -1.367894369656168826e-04 1.111317792973560031e-05
-2.150561180228204809e-03 3.910676423829972069e-03 -1.367894369656168826e-04 1.111317792973560031e-05
3.142352320597203465e-03 5.997398964897674919e-03 -6.613265358326140143e-05 4.067645143966535520e-07
-1.813404368151134375e-03 5.018466058504191148e-03 1.152652463520381903e-04 -1.502567109436755634e-06
-1.030114565425572191e-03 8.585359330602681388e-03 -3.156292546460494146e-05 5.295398427272337671e-06
-1.708355442548464831e-03 6.023443205039192075e-03 9.848966176892639927e-06 -7.106718971814483555e-06
-1.251470847055098558e-03 5.158421656795452934e-03 -6.496738929767538462e-05 5.193198572420019078e-06
8.457580074010680963e-04 6.096910763816527044e-03 -2.949333957079938685e-05 4.382961220034664974e-07
8.457580074010680963e-04 6.096910763816527044e-03 -2.949333957079938685e-05 4.382961220034664974e-07
8.457580074010680963e-04 6.096910763816527044e-03 -2.949333957079938685e-05 4.382961220034664974e-07
8.457580074010680963e-04 6.096910763816527044e-03 -2.949333957079938685e-05 4.382961220034664974e-07
3.956715459813934513e-04 4.434128708357757721e-03 3.035075731074022331e-05 -2.335868321104116988e-06
-2.810223018182077086e-04 3.988978470985437078e-03 7.137529687541522210e-06 -2.518782515545841290e-06
2.162080038727999358e-04 4.501745815476004137e-03 -8.670642269178393142e-06 2.764055285698737210e-06
-5.027856130849061439e-04 5.248845419221380079e-03 2.147093172303585120e-05 -3.434183216100744593e-07
4.013879580694190035e-04 5.320167683663335791e-03 -8.460597728882293401e-06 -8.510367306842869211e-08
4.013879580694190035e-04 5.320167683663335791e-03 -8.460597728882293401e-06 -8.510367306842869211e-08
-1.860070476096698650e-04 4.515301598577223588e-03 1.034707983832421915e-06 -6.869191327902271995e-07
2.126899991987865732e-04 4.796902700694069197e-03 1.432147319304378363e-05 -5.038915450844039617e-07
9.876466400810366049e-05 4.736025083007503259e-03 -7.895067382104761525e-07 1.179611058780226809e-06
-1.855383598341231487e-04 5.045472342853456194e-03 1.149872545024085499e-05 -1.837470723253913668e-07
1.931826360050966458e-04 5.046796557473198774e-03 -9.721238783278237579e-07 -6.692017296168881750e-08
-5.311615638260196783e-05 4.710800384792140222e-03 3.524674995259503297e-06 -2.903280328440207801e-07
-8.636020567571508621e-05 4.928709037700327970e-03 -2.187572910661119606e-06 4.914266902856241793e-07
-9.881936421180567004e-05 5.031404329553419881e-03 4.843642240297018462e-06 -6.083937498321671527e-07
-9.840831620018983500e-05 4.987449960116614386e-03 6.400440280941374796e-06 -1.511504443317272680e-07
5.450331269375924877e-05 4.980693742756912845e-03 1.086586136565685451e-06 -1.032657785711307930e-07
-6.558111728025959491e-05 5.524592033011177170e-03 5.579718198382127339e-07 3.021186038509907843e-07
-6.558111728025959491e-05 5.524592033011177170e-03 5.579718198382127339e-07 3.021186038509907843e-07
3.518003540669416317e-05 5.381644035898298754e-03 3.494803453116750481e-06 2.463587529424127908e-07
3.518003540669416317e-05 5.381644035898298754e-03 3.494803453116750481e-06 2.463587529424127908e-07
-2.781854044304821395e-05 5.950452510820164118e-03 5.498341573932969815e-06 -1.444670735646666190e-08
-2.781854044304821395e-05 5.950452510820164118e-03 5.498341573932969815e-06 -1.444670735646666190e-08
-2.781854044304821395e-05 5.950452510820164118e-03 5.498341573932969815e-06 -1.444670735646666190e-08
-2.289562338436467047e-05 5.604046630978587636e-03 1.505017649969776447e-06 2.694217664892687696e-07
-2.289562338436467047e-05 5.604046630978587636e-03 1.505017649969776447e-06 2.694217664892687696e-07
8.986998525417920275e-06 5.792779095461881959e-03 8.219876030845558621e-07 3.691727733362614030e-07
1.502828428485206339e-05 5.749889673582584890e-03 1.713692942089351407e-06 1.745406669403603679e-07
1.502828428485206339e-05 5.749889673582584890e-03 1.713692942089351407e-06 1.745406669403603679e-07
1.502828428485206339e-05 5.749889673582584890e-03 1.713692942089351407e-06 1.745406669403603679e-07
1.502828428485206339e-05 5.749889673582584890e-03 1.713692942089351407e-06 1.745406669403603679e-07
1.502828428485206339e-05 5.749889673582584890e-03 1.713692942089351407e-06 1.745406669403603679e-07
3.471807341813246286e-06 5.734475224441584404e-03 1.764168257439363961e-07 2.596754618495472113e-07
3.471807341813246286e-06 5.734475224441584404e-03 1.764168257439363961e-07 2.596754618495472113e-07
3.471807341813246286e-06 5.734475224441584404e-03 1.764168257439363961e-07 2.596754618495472113e-07
1.334123630668759640e-06 5.933306251872378159e-03 1.070823376457808675e-06 1.642932256403843273e-07
-2.738041681915780453e-06 5.810387293189261254e-03 1.810501368572866334e-06 1.422630899080292853e-07
-4.543822279185622659e-06 5.856189077524305911e-03 5.721517407962531734e-07 1.602676240198389960e-07
-4.543822279185622659e-06 5.856189077524305911e-03 5.721517407962531734e-07 1.602676240198389960e-07
-5.384216435166507678e-07 5.901639282711580899e-03 1.660861729854876296e-06 9.866055670273759242e-08
-6.737535645748345876e-07 5.742696123457055601e-03 1.556289323876517477e-06 1.075548233941406356e-07
-6.737535645748345876e-07 5.742696123457055601e-03 1.556289323876517477e-06 1.075548233941406356e-07
3.790653727564109907e-06 5.858937666936535338e-03 1.999724595824223258e-07 9.147032987571585204e-08
3.790653727564109907e-06 5.858937666936535338e-03 1.999724595824223258e-07 9.147032987571585204e-08
3.790653727564109907e-06 5.858937666936535338e-03 1.999724595824223258e-07 9.147032987571585204e-08
5.210081686046780941e-06 5.751947087199628036e-03 7.897685242674135986e-07 -5.771015822456558278e-09
-6.243881908469203383e-07 5.754126216947975242e-03 -2.177544483156233122e-08 8.906427911629753325e-08
-6.243881908469203383e-07 5.754126216947975242e-03 -2.177544483156233122e-08 8.906427911629753325e-08
2.419795084834533769e-06 5.838916420269756047e-03 -7.935977342558469880e-07 4.642364537277425221e-09
2.419795084834533769e-06 5.838916420269756047e-03 -7.935977342558469880e-07 4.642364537277425221e-09
