-9.366458298873570065e-01 -3.929498938062812030e-01 8.585779526612744572e-01 -2.507650579455589224e-02
-9.717700485081328665e-01 -4.076855148240166038e-01 7.727201573951467672e-01 -2.601687476185174375e-02
-9.717700485081328665e-01 -4.076855148240166038e-01 7.727201573951467672e-01 -2.601687476185174375e-02
-9.717700485081328665e-01 -4.076855148240166038e-01 7.727201573951467672e-01 -2.601687476185174375e-02
-1.074947440706662150e+00 -4.141323490192758694e-01 7.136929231496842441e-01 -2.525282497592387654e-02
-1.049884847211629557e+00 -4.300191904290218137e-01 6.050291510159913067e-01 -2.538506436194985783e-02
-1.049884847211629557e+00 -4.300191904290218137e-01 6.050291510159913067e-01 -2.538506436194985783e-02
-1.128525594501244456e+00 -4.681533659143722881e-01 4.505857341407888406e-01 -2.714029732369284409e-02
-1.298778581927241493e+00 -4.766652016878003550e-01 2.519138143330845736e-01 -2.625885447169792886e-02
-1.298778581927241493e+00 -4.766652016878003550e-01 2.519138143330845736e-01 -2.625885447169792886e-02
-1.367309825619280161e+00 -5.691768526740028644e-01 -8.344199670548024805e-02 -2.644820244674123133e-02
-1.367309825619280161e+00 -5.691768526740028644e-01 -8.344199670548024805e-02 -2.644820244674123133e-02
-1.367309825619280161e+00 -5.691768526740028644e-01 -8.344199670548024805e-02 -2.644820244674123133e-02
-1.367309825619280161e+00 -5.691768526740028644e-01 -8.344199670548024805e-02 -2.644820244674123133e-02
-1.367309825619280161e+00 -5.691768526740028644e-01 -8.344199670548024805e-02 -2.644820244674123133e-02
-1.367309825619280161e+00 -5.691768526740028644e-01 -8.344199670548024805e-02 -2.644820244674123133e-02
-1.367309825619280161e+00 -5.691768526740028644e-01 -8.344199670548024805e-02 -2.644820244674123133e-02
-1.367309825619280161e+00 -5.691768526740028644e-01 -8.344199670548024805e-02 -2.644820244674123133e-02
-1.380959582451929624e+00 -5.501303214049720891e-01 -4.095330209732184201e-02 -2.613190572109827525e-02
-1.380959582451929624e+00 -5.501303214049720891e-01 -4.095330209732184201e-02 -2.613190572109827525e-02
-1.380959582451929624e+00 -5.501303214049720891e-01 -4.095330209732184201e-02 -2.613190572109827525e-02
-1.380959582451929624e+00 -5.501303214049720891e-01 -4.095330209732184201e-02 -2.613190572109827525e-02
-1.380959582451929624e+00 -5.501303214049720891e-01 -4.095330209732184201e-02 -2.613190572109827525e-02
-1.380959582451929624e+00 -5.501303214049720891e-01 -4.095330209732184201e-02 -2.613190572109827525e-02
-1.368990153705784252e+00 -5.565270940331312755e-01 -2.683958658848998452e-02 -2.610329944589817944e-02
-1.368990153705784252e+00 -5.565270940331312755e-01 -2.683958658848998452e-02 -2.610329944589817944e-02
-1.364427154835282652e+00 -5.365736006641468325e-01 2.396056468057745914e-02 -2.609991704878929925e-02
-1.364427154835282652e+00 -5.365736006641468325e-01 2.396056468057745914e-02 -2.609991704878929925e-02
-1.364081720375082352e+00 -5.839651708598709856e-01 -5.235088470447876730e-02 -2.479150415034032245e-02
-1.364081720375082352e+00 -5.839651708598709856e-01 -5.235088470447876730e-02 -2.479150415034032245e-02
-1.364081720375082352e+00 -5.839651708598709856e-01 -5.235088470447876730e-02 -2.479150415034032245e-02
-1.335207208535133194e+00 -5.614727102105330214e-01 3.038044475093065050e-02 -2.483140703679582659e-02
-1.305526773965699494e+00 -6.225268371969920889e-01 -3.779493206472902406e-02 -2.325084311746730692e-02
-1.324683649124108076e+00 -6.462957528418988851e-01 -5.879842894115769325e-02 -2.209915808426798911e-02
-1.324683649124108076e+00 -6.462957528418988851e-01 -5.879842894115769325e-02 -2.209915808426798911e-02
-1.240595611647609786e+00 -6.870722952056829147e-01 -4.956526624806334436e-03 -1.974066478177209649e-02
-1.240595611647609786e+00 -6.870722952056829147e-01 -4.956526624806334436e-03 -1.974066478177209649e-02
-1.240595611647609786e+00 -6.870722952056829147e-01 -4.956526624806334436e-03 -1.974066478177209649e-02
-1.172861948869665660e+00 -8.184463543230029448e-01 -4.967990890661660996e-02 -1.466904447215348906e-02
-1.172861948869665660e+00 -8.184463543230029448e-01 -4.967990890661660996e-02 -1.466904447215348906e-02
-1.045928967996060610e+00 -9.164914312911038863e-01 1.845609795308103540e-02 -9.160892326894515270e-03
-1.045928967996060610e+00 -9.164914312911038863e-01 1.845609795308103540e-02 -9.160892326894515270e-03
-9.231517009885279457e-01 -1.077711488653529948e+00 6.316776010396656094e-02 -1.907398092429957170e-03
-8.685914925781448304e-01 -1.115552136203136868e+00 4.142561125031256342e-02 -7.628033351042146082e-04
-8.685914925781448304e-01 -1.115552136203136868e+00 4.142561125031256342e-02 -7.628033351042146082e-04
-8.685914925781448304e-01 -1.115552136203136868e+00 4.142561125031256342e-02 -7.628033351042146082e-04
-8.417429074751172635e-01 -1.217631625343968516e+00 1.864994903909317214e-03 3.184361746067064167e-03
-8.417429074751172635e-01 -1.217631625343968516e+00 1.864994903909317214e-03 3.184361746067064167e-03
-9.128840003007846482e-01 -1.102168686749373849e+00 3.087747321580363441e-02 -1.255749971773730510e-03
-9.129055040926216114e-01 -1.126764004677449194e+00 -1.501086096767423848e-02 -6.155032649439345135e-04
-9.129055040926216114e-01 -1.126764004677449194e+00 -1.501086096767423848e-02 -6.155032649439345135e-04
-9.129055040926216114e-01 -1.126764004677449194e+00 -1.501086096767423848e-02 -6.155032649439345135e-04
-9.129055040926216114e-01 -1.126764004677449194e+00 -1.501086096767423848e-02 -6.155032649439345135e-04
-9.130186593490361435e-01 -1.118105935081452618e+00 1.085477050658094009e-02 -7.871646525146987683e-04
-9.130186593490361435e-01 -1.118105935081452618e+00 1.085477050658094009e-02 -7.871646525146987683e-04
-9.177072356853329671e-01 -1.113607929630247462e+00 1.312683304407031952e-03 -1.120210159093711251e-03
-8.985576370086256759e-01 -1.146002845746302512e+00 -2.025112576551229854e-03 2.358460428564831783e-04
-8.985576370086256759e-01 -1.146002845746302512e+00 -2.025112576551229854e-03 2.358460428564831783e-04
-8.985576370086256759e-01 -1.146002845746302512e+00 -2.025112576551229854e-03 2.358460428564831783e-04
-8.985576370086256759e-01 -1.146002845746302512e+00 -2.025112576551229854e-03 2.358460428564831783e-04
-8.985576370086256759e-01 -1.146002845746302512e+00 -2.025112576551229854e-03 2.358460428564831783e-04
-8.985576370086256759e-01 -1.146002845746302512e+00 -2.025112576551229854e-03 2.358460428564831783e-04
-9.086746689847138292e-01 -1.139312735148918954e+00 -3.565729709068563100e-03 -9.483866104518623007e-05
-9.096446982387944580e-01 -1.134534084622608852e+00 1.272088105980454442e-03 -2.380600883016597202e-04
-9.096446982387944580e-01 -1.134534084622608852e+00 1.272088105980454442e-03 -2.380600883016597202e-04
-8.989013568826544898e-01 -1.142935289302027257e+00 1.380847028212147179e-03 8.441705427235921856e-05
-8.989013568826544898e-01 -1.142935289302027257e+00 1.380847028212147179e-03 8.441705427235921856e-05
-8.989013568826544898e-01 -1.142935289302027257e+00 1.380847028212147179e-03 8.441705427235921856e-05
-8.989013568826544898e-01 -1.142935289302027257e+00 1.380847028212147179e-03 8.441705427235921856e-05
-8.956808323149232365e-01 -1.143726390826357076e+00 6.063633098722983478e-04 1.313042726485037651e-04
-8.956808323149232365e-01 -1.143726390826357076e+00 6.063633098722983478e-04 1.313042726485037651e-04
-8.956808323149232365e-01 -1.143726390826357076e+00 6.063633098722983478e-04 1.313042726485037651e-04
-9.028061998194127913e-01 -1.138306307229577374e+00 8.992351210549516180e-04 -9.208562706638817770e-05
-9.028061998194127913e-01 -1.138306307229577374e+00 8.992351210549516180e-04 -9.208562706638817770e-05
-9.007771361630614315e-01 -1.137349941276319054e+00 1.436102800699513501e-03 -1.085719128702337922e-04
-8.957041380526853391e-01 -1.142090706919608678e+00 4.820846184180318725e-05 5.019707629120076769e-05
-8.957041380526853391e-01 -1.142090706919608678e+00 4.820846184180318725e-05 5.019707629120076769e-05
-8.957041380526853391e-01 -1.142090706919608678e+00 4.820846184180318725e-05 5.019707629120076769e-05
-8.927102578857870618e-01 -1.140308613092104739e+00 -1.059210405148236674e-03 4.513994963232018359e-06
-8.927102578857870618e-01 -1.140308613092104739e+00 -1.059210405148236674e-03 4.513994963232018359e-06
-8.927102578857870618e-01 -1.140308613092104739e+00 -1.059210405148236674e-03 4.513994963232018359e-06
-8.886425142438560965e-01 -1.141429278827938543e+00 8.744546739174622945e-04 4.508502998226212200e-05
-8.883638395455255576e-01 -1.138494773901332469e+00 -4.766607317819570184e-05 -2.532138556625898444e-05
-8.883638395455255576e-01 -1.138494773901332469e+00 -4.766607317819570184e-05 -2.532138556625898444e-05
-8.739807632560117057e-01 -1.139423611712995665e+00 -8.630047231172838316e-04 1.978848316416066590e-05
-8.739807632560117057e-01 -1.139423611712995665e+00 -8.630047231172838316e-04 1.978848316416066590e-05
-8.704050443830539940e-01 -1.132144792258205968e+00 -1.263960947304544006e-03 -1.845587035683638648e-04
-8.527637232222260444e-01 -1.136345919680576966e+00 -1.409327229416530193e-03 1.575692930798442293e-05
-8.295033262965771925e-01 -1.132483658068462518e+00 -1.647019190625432974e-03 -8.356581837697647330e-05
-8.295033262965771925e-01 -1.132483658068462518e+00 -1.647019190625432974e-03 -8.356581837697647330e-05
-7.931685081069108634e-01 -1.120995334092239837e+00 -4.367831451096178610e-03 -2.936212056714560892e-04
-7.931685081069108634e-01 -1.120995334092239837e+00 -4.367831451096178610e-03 -2.936212056714560892e-04
-7.268999264693287721e-01 -1.113160822525393723e+00 -7.808995071387840950e-03 -4.086742018013653156e-04
-6.799737823931248926e-01 -1.107313418733669508e+00 -6.021157803751940943e-03 -4.461813300309882451e-04
-6.799737823931248926e-01 -1.107313418733669508e+00 -6.021157803751940943e-03 -4.461813300309882451e-04
-6.799737823931248926e-01 -1.107313418733669508e+00 -6.021157803751940943e-03 -4.461813300309882451e-04
-5.650343150546319748e-01 -1.087192254621638376e+00 -1.214190393455064250e-02 -7.840132356878769465e-04
-4.621051732426342262e-01 -1.066483312092213698e+00 -1.239629458306664919e-02 -1.080607533851152876e-03
-5.137483978747310331e-01 -1.074436628644100722e+00 -1.043347647291389436e-02 -1.040097369381818779e-03
-3.726813181036181533e-01 -1.065111781116672596e+00 -1.162046965120149336e-02 -9.330283744030476532e-04
-3.726813181036181533e-01 -1.065111781116672596e+00 -1.162046965120149336e-02 -9.330283744030476532e-04
-3.157198181047344843e-01 -1.047871561966085885e+00 -8.179820397854652841e-03 -1.249380221236996409e-03
-4.117890853753052305e-01 -1.075330634430339494e+00 -4.508683461913652601e-03 -7.827711404498269299e-04
-2.320331517365421536e-01 -1.060094505666243858e+00 -3.990724923968975296e-03 -6.707967976895012376e-04
-2.320331517365421536e-01 -1.060094505666243858e+00 -3.990724923968975296e-03 -6.707967976895012376e-04
-2.320331517365421536e-01 -1.060094505666243858e+00 -3.990724923968975296e-03 -6.707967976895012376e-04
-2.172303383007014865e-01 -1.069108039023915602e+00 9.242275180379446939e-04 -4.456916334078053852e-04
-3.265769593614349930e-01 -1.079536128533201911e+00 2.499153512285906455e-03 -3.997876054835434838e-04
-3.265769593614349930e-01 -1.079536128533201911e+00 2.499153512285906455e-03 -3.997876054835434838e-04
-3.084167506680272064e-01 -1.079287117296432230e+00 -1.167789173003537517e-03 -3.675394361945207760e-04
-2.637177478856252422e-01 -1.067297990703080846e+00 -2.001206709397491436e-03 -5.740858841516352637e-04
-2.637177478856252422e-01 -1.067297990703080846e+00 -2.001206709397491436e-03 -5.740858841516352637e-04
-2.637177478856252422e-01 -1.067297990703080846e+00 -2.001206709397491436e-03 -5.740858841516352637e-04
-2.637177478856252422e-01 -1.067297990703080846e+00 -2.001206709397491436e-03 -5.740858841516352637e-04
-2.969506763724013010e-01 -1.075543059373523569e+00 -8.866904978879241225e-04 -4.433359907014812972e-04
-2.960351997966059190e-01 -1.072436049254763990e+00 -8.724745119082068321e-04 -5.308389123166074074e-04
-2.960351997966059190e-01 -1.072436049254763990e+00 -8.724745119082068321e-04 -5.308389123166074074e-04
-2.947907188463253503e-01 -1.073970456810402929e+00 -1.561037509611981123e-04 -4.792158993875771751e-04
-2.947907188463253503e-01 -1.073970456810402929e+00 -1.561037509611981123e-04 -4.792158993875771751e-04
-2.947907188463253503e-01 -1.073970456810402929e+00 -1.561037509611981123e-04 -4.792158993875771751e-04
-2.953544986678589557e-01 -1.070691627176486582e+00 -1.037746529754511940e-03 -5.668458888691946772e-04
-2.651086816887268105e-01 -1.068168433603144507e+00 -4.392839403112571914e-04 -5.483158270063832537e-04
-2.909453802768212083e-01 -1.072651262500406766e+00 -1.021082091596313846e-03 -4.912575305071780526e-04
-2.957138698262444798e-01 -1.072322248354956153e+00 -4.512461017563084396e-05 -5.130408150151935520e-04
-2.787704963835003769e-01 -1.067946329007094075e+00 -1.115514834957658744e-03 -5.805141313113974843e-04
-2.699147154197875653e-01 -1.069852509556314279e+00 -2.727562087659184814e-04 -4.997182630508815483e-04
-2.699147154197875653e-01 -1.069852509556314279e+00 -2.727562087659184814e-04 -4.997182630508815483e-04
-2.825359351701698940e-01 -1.069018151511895720e+00 -8.959320157154223446e-05 -5.523538456495291366e-04
-2.711784782927093573e-01 -1.067695117235816005e+00 -1.087784978690180824e-03 -5.502270764586815379e-04
-2.711784782927093573e-01 -1.067695117235816005e+00 -1.087784978690180824e-03 -5.502270764586815379e-04
-2.775849319530809822e-01 -1.070798002128424020e+00 3.310583083563061607e-05 -4.805486792815396755e-04
-2.902758211834404745e-01 -1.069364567865258797e+00 -6.567217755553349896e-04 -5.517597556573845125e-04
-2.630179193685586725e-01 -1.065811111122025423e+00 7.862164469675850774e-05 -5.615141457317870347e-04
-2.614709927580022297e-01 -1.067215295739851744e+00 -1.045398055891760738e-03 -5.033295515479863785e-04
-2.614709927580022297e-01 -1.067215295739851744e+00 -1.045398055891760738e-03 -5.033295515479863785e-04
-2.621509518304629971e-01 -1.061871755182477006e+00 -1.064393701184393384e-03 -6.251169733777893912e-04
-2.621509518304629971e-01 -1.061871755182477006e+00 -1.064393701184393384e-03 -6.251169733777893912e-04
-2.533346014317209294e-01 -1.063768243406343572e+00 -1.679572166851973697e-03 -5.038646503413061160e-04
-2.533346014317209294e-01 -1.063768243406343572e+00 -1.679572166851973697e-03 -5.038646503413061160e-04
-2.533346014317209294e-01 -1.063768243406343572e+00 -1.679572166851973697e-03 -5.038646503413061160e-04
-2.533346014317209294e-01 -1.063768243406343572e+00 -1.679572166851973697e-03 -5.038646503413061160e-04
-2.533346014317209294e-01 -1.063768243406343572e+00 -1.679572166851973697e-03 -5.038646503413061160e-04
-2.510159782741485657e-01 -1.057589099870327232e+00 -2.765745746429246980e-03 -5.598362257082775597e-04
-2.510159782741485657e-01 -1.057589099870327232e+00 -2.765745746429246980e-03 -5.598362257082775597e-04
-2.510159782741485657e-01 -1.057589099870327232e+00 -2.765745746429246980e-03 -5.598362257082775597e-04
-2.657348257300558014e-01 -1.063824706400652520e+00 -1.637462177684955410e-03 -4.328925618190906412e-04
-2.385571118541474078e-01 -1.054921897009728049e+00 -3.312031352094632532e-03 -4.204646169144680284e-04
-2.465617659440424436e-01 -1.051818745145963518e+00 -9.447065568622915396e-04 -5.808076272063329021e-04
-2.904208841720808953e-01 -1.052355803347946317e+00 -3.482840770968091519e-03 -5.180665101634481309e-04
-2.789239842269478631e-01 -1.052012664187563118e+00 -1.501289150348985267e-03 -3.445010356609495492e-04
-2.593781581878022990e-01 -1.030682419467095379e+00 -3.655726517335589065e-03 -5.320947188207176756e-04
-2.593781581878022990e-01 -1.030682419467095379e+00 -3.655726517335589065e-03 -5.320947188207176756e-04
-2.593781581878022990e-01 -1.030682419467095379e+00 -3.655726517335589065e-03 -5.320947188207176756e-04
-2.852055939416311414e-01 -1.012416763759230953e+00 -1.098777869545979058e-03 -3.468855445091859058e-04
-2.852055939416311414e-01 -1.012416763759230953e+00 -1.098777869545979058e-03 -3.468855445091859058e-04
-2.744603340564515381e-01 -9.862271421326109788e-01 -6.447209162985296886e-03 -2.588412381817224977e-04
-2.057845821450698942e-01 -9.567746526702340937e-01 -2.925912804487434266e-03 -4.870764833804315172e-04
-2.815178628474516165e-01 -9.099053044136313773e-01 -3.297792955771070705e-03 -1.894407084024871991e-04
-2.815178628474516165e-01 -9.099053044136313773e-01 -3.297792955771070705e-03 -1.894407084024871991e-04
-1.673377396592522492e-01 -8.096370210835206471e-01 -9.713944137958847869e-03 -5.456152739237679454e-05
-1.084863136317120169e-01 -7.295736735499427361e-01 -1.467132782310373931e-03 -7.744035695529433334e-05
-1.084863136317120169e-01 -7.295736735499427361e-01 -1.467132782310373931e-03 -7.744035695529433334e-05
-1.120797253260485959e-01 -5.322956903477842339e-01 -8.876281023840856127e-03 1.051143325554754096e-04
1.342296881611477199e-01 -2.820518021434708089e-01 -1.288673098899892691e-02 5.800752462462080948e-04
1.320450126500489207e-01 -8.689945459865477950e-02 -2.434018762903430999e-03 7.862944644549260068e-04
1.320450126500489207e-01 -8.689945459865477950e-02 -2.434018762903430999e-03 7.862944644549260068e-04
1.320450126500489207e-01 -8.689945459865477950e-02 -2.434018762903430999e-03 7.862944644549260068e-04
1.320450126500489207e-01 -8.689945459865477950e-02 -2.434018762903430999e-03 7.862944644549260068e-04
2.025710881063295665e-01 -1.681067235669375659e-02 3.626169999611700973e-03 5.501014927881868813e-04
2.025710881063295665e-01 -1.681067235669375659e-02 3.626169999611700973e-03 5.501014927881868813e-04
1.783407756187158633e-01 2.356642021647303853e-02 -6.659998733684257752e-05 5.879248202187157320e-04
5.100158883116366615e-02 -2.204097111537484666e-01 -1.033348507231606666e-03 3.358383066088964537e-04
5.100158883116366615e-02 -2.204097111537484666e-01 -1.033348507231606666e-03 3.358383066088964537e-04
5.100158883116366615e-02 -2.204097111537484666e-01 -1.033348507231606666e-03 3.358383066088964537e-04
3.515979338888089445e-02 -1.444428301658358671e-01 2.907339779492186180e-04 3.720652911581910725e-04
3.515979338888089445e-02 -1.444428301658358671e-01 2.907339779492186180e-04 3.720652911581910725e-04
6.928544817002280087e-02 -1.642876015643223164e-01 -6.457596008699988122e-04 9.306525618563892335e-05
6.928544817002280087e-02 -1.642876015643223164e-01 -6.457596008699988122e-04 9.306525618563892335e-05
1.189535298707142946e-01 -8.681362849132179260e-03 2.686938689188586235e-03 2.951306346245599361e-04
3.337365553058835310e-02 -1.591347726971700238e-01 1.511170406977422947e-03 3.225176110065619984e-05
2.362670303968206209e-02 -1.383528891828115504e-01 -7.500715038295580929e-04 9.697080137482705408e-05
2.362670303968206209e-02 -1.383528891828115504e-01 -7.500715038295580929e-04 9.697080137482705408e-05
6.242143350878098795e-02 -3.418965229067563727e-02 2.924980905930228171e-03 6.243331010670767731e-05
6.242143350878098795e-02 -3.418965229067563727e-02 2.924980905930228171e-03 6.243331010670767731e-05
9.604883685686282924e-02 -1.103505064268900382e-03 1.103001776940943377e-03 6.944865904275369581e-05
9.604883685686282924e-02 -1.103505064268900382e-03 1.103001776940943377e-03 6.944865904275369581e-05
4.807139428439209661e-02 -8.380813137211867714e-02 5.588490201522276941e-04 1.229471018009020591e-04
1.892512569860532734e-02 6.512241225031994984e-03 6.791130406480589896e-04 1.062603513998613058e-04
1.892512569860532734e-02 6.512241225031994984e-03 6.791130406480589896e-04 1.062603513998613058e-04
1.892512569860532734e-02 6.512241225031994984e-03 6.791130406480589896e-04 1.062603513998613058e-04
1.892512569860532734e-02 6.512241225031994984e-03 6.791130406480589896e-04 1.062603513998613058e-04
1.892512569860532734e-02 6.512241225031994984e-03 6.791130406480589896e-04 1.062603513998613058e-04
1.892512569860532734e-02 6.512241225031994984e-03 6.791130406480589896e-04 1.062603513998613058e-04
1.892512569860532734e-02 6.512241225031994984e-03 6.791130406480589896e-04 1.062603513998613058e-04
7.191369401367298311e-03 -1.036421752736686394e-02 8.490344012292935262e-04 -6.152846759919751917e-05
-1.682743364235943055e-03 -2.750406161640649161e-02 -1.184549646226000193e-04 -9.348699276526870034e-06
6.888647510352549630e-03 1.179797135967426518e-02 -6.596312521310121815e-05 -5.399635686318444581e-05
6.888647510352549630e-03 1.179797135967426518e-02 -6.596312521310121815e-05 -5.399635686318444581e-05
6.888647510352549630e-03 1.179797135967426518e-02 -6.596312521310121815e-05 -5.399635686318444581e-05
6.888647510352549630e-03 1.179797135967426518e-02 -6.596312521310121815e-05 -5.399635686318444581e-05
-2.539532467388709060e-03 -1.140653519798378451e-02 -6.273064392339090377e-05 1.756366520267838091e-06
-5.721948399836382024e-03 2.418221000481852751e-03 -2.419131245997540301e-04 2.729450762232954670e-05
-8.696252659030229495e-03 1.713291775267209837e-03 1.119905647307458264e-04 7.470586599710391583e-06
3.047332694258389311e-03 7.291762763326837312e-04 1.917760695943961926e-04 1.729111833277550476e-05
1.705523651176658623e-03 5.080754911599377407e-03 -3.309120438130097174e-05 -2.027160604720681372e-05
1.705523651176658623e-03 5.080754911599377407e-03 -3.309120438130097174e-05 -2.027160604720681372e-05
1.705523651176658623e-03 5.080754911599377407e-03 -3.309120438130097174e-05 -2.027160604720681372e-05
-2.094562137023367812e-03 9.653615275076941199e-03 6.270493216788887328e-05 9.626169260367712388e-06
3.979783698188192782e-03 6.515935480289350434e-03 -2.030292965929218502e-06 4.747652878689724360e-06
1.517441845511446029e-03 3.545460161301910041e-03 8.965056927697198142e-05 9.905274710808670621e-06
-1.181747230410120156e-03 5.197805987592885729e-03 -2.408732897902995951e-05 8.488690482090771995e-06
1.130376347621598167e-03 5.654479568832324575e-03 -7.658672531627745889e-07 -6.039829607108796833e-06
1.130376347621598167e-03 5.654479568832324575e-03 -7.658672531627745889e-07 -6.039829607108796833e-06
1.130376347621598167e-03 5.654479568832324575e-03 -7.658672531627745889e-07 -6.039829607108796833e-06
1.130376347621598167e-03 5.654479568832324575e-03 -7.658672531627745889e-07 -6.039829607108796833e-06
1.130376347621598167e-03 5.654479568832324575e-03 -7.658672531627745889e-07 -6.039829607108796833e-06
-2.528742954216729559e-04 5.610436828176498629e-03 -7.706309379441407981e-07 5.650833394377916429e-06
-2.528742954216729559e-04 5.610436828176498629e-03 -7.706309379441407981e-07 5.650833394377916429e-06
6.113442924299702062e-04 5.089848226710266127e-03 2.619533604418723709e-05 3.803824418001961480e-06
-2.980658806665632474e-04 4.104245150498378805e-03 1.356536115315468237e-05 -1.764529269453135079e-06
-2.980658806665632474e-04 4.104245150498378805e-03 1.356536115315468237e-05 -1.764529269453135079e-06
-2.980658806665632474e-04 4.104245150498378805e-03 1.356536115315468237e-05 -1.764529269453135079e-06
-1.020409977129933777e-04 5.286858721688327337e-03 7.941725452716137687e-06 3.148907114590389387e-06
-1.020409977129933777e-04 5.286858721688327337e-03 7.941725452716137687e-06 3.148907114590389387e-06
-1.020409977129933777e-04 5.286858721688327337e-03 7.941725452716137687e-06 3.148907114590389387e-06
-1.020409977129933777e-04 5.286858721688327337e-03 7.941725452716137687e-06 3.148907114590389387e-06
1.955507659635909851e-04 5.063441071112443313e-03 7.163796743422567442e-06 -9.077027862869875241e-07
1.955507659635909851e-04 5.063441071112443313e-03 7.163796743422567442e-06 -9.077027862869875241e-07
2.455289916098755488e-04 5.555331893630311400e-03 -3.110004059200936844e-06 8.794062297035653027e-07
-2.014771783413827136e-04 5.223869037585249925e-03 3.890775434233529224e-06 2.081070839914083717e-08
-2.014771783413827136e-04 5.223869037585249925e-03 3.890775434233529224e-06 2.081070839914083717e-08
-1.453048604166357971e-05 5.750224852700914178e-03 2.240362455155389931e-06 1.076081604422433893e-06
-1.453048604166357971e-05 5.750224852700914178e-03 2.240362455155389931e-06 1.076081604422433893e-06
-1.453048604166357971e-05 5.750224852700914178e-03 2.240362455155389931e-06 1.076081604422433893e-06
-1.453048604166357971e-05 5.750224852700914178e-03 2.240362455155389931e-06 1.076081604422433893e-06
5.771985350145951795e-05 5.303847654260387609e-03 4.577425594541596982e-06 -3.855055373898625038e-07
-7.031724811513203471e-05 5.385550466877462271e-03 2.620095205454668638e-06 8.134524109332150313e-08
6.174218589002896187e-05 5.526368203921598610e-03 1.025946350801054933e-06 -2.147403157687638276e-07
-3.362964823084793218e-05 5.442563749437542495e-03 4.665636122770898465e-06 -1.239931189903686784e-07
-5.325850140143225741e-06 5.582403685662580203e-03 2.731319136773722634e-06 4.576790858292577712e-07
-5.325850140143225741e-06 5.582403685662580203e-03 2.731319136773722634e-06 4.576790858292577712e-07
-5.325850140143225741e-06 5.582403685662580203e-03 2.731319136773722634e-06 4.576790858292577712e-07
2.746225082529724787e-05 5.547771287161613885e-03 1.983839096931063603e-06 -1.816936648876118450e-08
2.191218237876431537e-05 5.607054190067666671e-03 2.662931222663919587e-06 1.289515622357204299e-07
2.191218237876431537e-05 5.607054190067666671e-03 2.662931222663919587e-06 1.289515622357204299e-07
2.191218237876431537e-05 5.607054190067666671e-03 2.662931222663919587e-06 1.289515622357204299e-07
