7.420220689286662896e-01 4.880078641568763587e-01 -3.300754031201313943e-01 4.384573451508457786e-01
7.698478965134913921e-01 5.063081590627591666e-01 -3.424532307371364048e-01 3.946116106357611120e-01
7.698478965134913921e-01 5.063081590627591666e-01 -3.424532307371364048e-01 3.946116106357611120e-01
7.698478965134913921e-01 5.063081590627591666e-01 -3.424532307371364048e-01 3.946116106357611120e-01
8.515862650439149917e-01 4.914391694517292741e-01 -3.334277314330704733e-01 3.644676681566405563e-01
8.317313776526595870e-01 4.940126484228688497e-01 -3.689495179797879221e-01 3.089754104109865285e-01
8.317313776526595870e-01 4.940126484228688497e-01 -3.689495179797879221e-01 3.089754104109865285e-01
8.940315215746736932e-01 5.281708160629507987e-01 -3.454751613076947336e-01 2.301044700039693858e-01
1.028907981747797962e+00 5.110172681523093008e-01 -3.663083506611208851e-01 1.286469817876676469e-01
1.028907981747797962e+00 5.110172681523093008e-01 -3.663083506611208851e-01 1.286469817876676469e-01
1.083199255576173137e+00 5.147021236756554874e-01 -3.908819345782552634e-01 -4.261203800559609789e-02
1.083199255576173137e+00 5.147021236756554874e-01 -3.908819345782552634e-01 -4.261203800559609789e-02
1.083199255576173137e+00 5.147021236756554874e-01 -3.908819345782552634e-01 -4.261203800559609789e-02
1.083199255576173137e+00 5.147021236756554874e-01 -3.908819345782552634e-01 -4.261203800559609789e-02
1.104902615249911069e+00 5.190755800593193081e-01 -3.788246637552496465e-01 1.021069518207601279e-03
1.104902615249911069e+00 5.190755800593193081e-01 -3.788246637552496465e-01 1.021069518207601279e-03
1.104902615249911069e+00 5.190755800593193081e-01 -3.788246637552496465e-01 1.021069518207601279e-03
1.104902615249911069e+00 5.190755800593193081e-01 -3.788246637552496465e-01 1.021069518207601279e-03
1.104902615249911069e+00 5.190755800593193081e-01 -3.788246637552496465e-01 1.021069518207601279e-03
1.104902615249911069e+00 5.190755800593193081e-01 -3.788246637552496465e-01 1.021069518207601279e-03
1.104902615249911069e+00 5.190755800593193081e-01 -3.788246637552496465e-01 1.021069518207601279e-03
1.104902615249911069e+00 5.190755800593193081e-01 -3.788246637552496465e-01 1.021069518207601279e-03
1.104902615249911069e+00 5.190755800593193081e-01 -3.788246637552496465e-01 1.021069518207601279e-03
1.104902615249911069e+00 5.190755800593193081e-01 -3.788246637552496465e-01 1.021069518207601279e-03
1.104902615249911069e+00 5.190755800593193081e-01 -3.788246637552496465e-01 1.021069518207601279e-03
1.104902615249911069e+00 5.190755800593193081e-01 -3.788246637552496465e-01 1.021069518207601279e-03
1.104902615249911069e+00 5.190755800593193081e-01 -3.788246637552496465e-01 1.021069518207601279e-03
1.102259366061197454e+00 5.151887862851842748e-01 -3.759673537930583453e-01 2.369334936923008644e-03
1.102259366061197454e+00 5.151887862851842748e-01 -3.759673537930583453e-01 2.369334936923008644e-03
1.102259366061197454e+00 5.151887862851842748e-01 -3.759673537930583453e-01 2.369334936923008644e-03
1.134424846859868774e+00 5.084086563857047603e-01 -3.738216756958249176e-01 -3.052174830509384301e-03
1.134424846859868774e+00 5.084086563857047603e-01 -3.738216756958249176e-01 -3.052174830509384301e-03
1.134424846859868774e+00 5.084086563857047603e-01 -3.738216756958249176e-01 -3.052174830509384301e-03
1.124968465875526125e+00 5.078925831593307239e-01 -3.724164968632538986e-01 -4.484365953629038289e-03
1.124968465875526125e+00 5.078925831593307239e-01 -3.724164968632538986e-01 -4.484365953629038289e-03
1.126422279543019656e+00 5.081777435775327589e-01 -3.695102293974037444e-01 -1.919737616136514557e-03
1.126422279543019656e+00 5.081777435775327589e-01 -3.695102293974037444e-01 -1.919737616136514557e-03
1.172663586810718250e+00 4.930256625537612347e-01 -3.633533141868338090e-01 -7.486611290704710958e-03
1.155365129631616750e+00 4.915199215214400841e-01 -3.585589115332996624e-01 -5.783827478258157968e-03
1.197075389417369351e+00 4.802725717457703158e-01 -3.509760802009759262e-01 -3.894041375490689752e-03
1.197075389417369351e+00 4.802725717457703158e-01 -3.509760802009759262e-01 -3.894041375490689752e-03
1.197075389417369351e+00 4.802725717457703158e-01 -3.509760802009759262e-01 -3.894041375490689752e-03
1.228323026225350389e+00 4.560038755169371072e-01 -3.261308853320696866e-01 -5.811716900415483250e-03
1.228323026225350389e+00 4.560038755169371072e-01 -3.261308853320696866e-01 -5.811716900415483250e-03
1.319485244943495506e+00 4.221738348921639794e-01 -3.071124241968385959e-01 -6.020631770881556752e-03
1.319485244943495506e+00 4.221738348921639794e-01 -3.071124241968385959e-01 -6.020631770881556752e-03
1.421356002931791096e+00 3.662580972780598021e-01 -2.530421362096659799e-01 -8.241064343112322610e-03
1.421356002931791096e+00 3.662580972780598021e-01 -2.530421362096659799e-01 -8.241064343112322610e-03
1.575246194022517976e+00 3.005617081219882358e-01 -2.069562550465275930e-01 -2.170052387179759179e-03
1.575246194022517976e+00 3.005617081219882358e-01 -2.069562550465275930e-01 -2.170052387179759179e-03
1.798930628221637740e+00 1.732560243092955421e-01 -9.028678123327804617e-02 -3.850231034936309887e-03
1.798930628221637740e+00 1.732560243092955421e-01 -9.028678123327804617e-02 -3.850231034936309887e-03
1.956279758045187833e+00 1.112507431003704195e-01 -5.203125404027381107e-02 -3.071927709196130979e-03
2.013419091412157691e+00 8.244591981120252822e-02 -2.082205353702579198e-02 -6.974142037902454627e-04
2.013419091412157691e+00 8.244591981120252822e-02 -2.082205353702579198e-02 -6.974142037902454627e-04
2.013419091412157691e+00 8.244591981120252822e-02 -2.082205353702579198e-02 -6.974142037902454627e-04
2.013419091412157691e+00 8.244591981120252822e-02 -2.082205353702579198e-02 -6.974142037902454627e-04
2.013419091412157691e+00 8.244591981120252822e-02 -2.082205353702579198e-02 -6.974142037902454627e-04
2.013419091412157691e+00 8.244591981120252822e-02 -2.082205353702579198e-02 -6.974142037902454627e-04
2.013419091412157691e+00 8.244591981120252822e-02 -2.082205353702579198e-02 -6.974142037902454627e-04
2.013419091412157691e+00 8.244591981120252822e-02 -2.082205353702579198e-02 -6.974142037902454627e-04
2.055119968368182448e+00 5.143371609612587547e-02 1.140924577900418596e-02 -5.914789133984363042e-04
2.055119968368182448e+00 5.143371609612587547e-02 1.140924577900418596e-02 -5.914789133984363042e-04
2.045893900265974619e+00 5.842555258860698125e-02 1.928129795679326894e-03 -3.337557928875828795e-04
1.996104042011271007e+00 8.309498124293597521e-02 -1.689346094393069653e-02 3.820186701329435219e-04
1.996104042011271007e+00 8.309498124293597521e-02 -1.689346094393069653e-02 3.820186701329435219e-04
1.996104042011271007e+00 8.309498124293597521e-02 -1.689346094393069653e-02 3.820186701329435219e-04
1.996104042011271007e+00 8.309498124293597521e-02 -1.689346094393069653e-02 3.820186701329435219e-04
2.022695363994917894e+00 6.523203765765017703e-02 -5.628075091607606661e-04 -6.429171020133194608e-05
2.022695363994917894e+00 6.523203765765017703e-02 -5.628075091607606661e-04 -6.429171020133194608e-05
2.022695363994917894e+00 6.523203765765017703e-02 -5.628075091607606661e-04 -6.429171020133194608e-05
2.022695363994917894e+00 6.523203765765017703e-02 -5.628075091607606661e-04 -6.429171020133194608e-05
2.022695363994917894e+00 6.523203765765017703e-02 -5.628075091607606661e-04 -6.429171020133194608e-05
2.014084114438506212e+00 7.068400271512555177e-02 -6.186267078874035409e-03 5.113042302725391780e-04
2.005977051051583082e+00 7.164318160993164708e-02 -5.603372677202285261e-03 6.334354810379254309e-04
2.005977051051583082e+00 7.164318160993164708e-02 -5.603372677202285261e-03 6.334354810379254309e-04
2.005977051051583082e+00 7.164318160993164708e-02 -5.603372677202285261e-03 6.334354810379254309e-04
2.005977051051583082e+00 7.164318160993164708e-02 -5.603372677202285261e-03 6.334354810379254309e-04
1.995398085651634013e+00 7.590638557374299045e-02 -8.020738215432159438e-03 1.997502692982044536e-04
1.995398085651634013e+00 7.590638557374299045e-02 -8.020738215432159438e-03 1.997502692982044536e-04
1.995398085651634013e+00 7.590638557374299045e-02 -8.020738215432159438e-03 1.997502692982044536e-04
1.988019159564823113e+00 7.310994343179086363e-02 -2.967943795914716743e-03 5.131752482674747668e-04
1.966670545388391922e+00 8.174363920787078297e-02 -7.450741092844008831e-03 1.753981556067085116e-04
1.966670545388391922e+00 8.174363920787078297e-02 -7.450741092844008831e-03 1.753981556067085116e-04
1.966670545388391922e+00 8.174363920787078297e-02 -7.450741092844008831e-03 1.753981556067085116e-04
1.929713435404018185e+00 8.448639260413709495e-02 -2.319185300660452781e-03 2.553313965131286719e-04
1.929713435404018185e+00 8.448639260413709495e-02 -2.319185300660452781e-03 2.553313965131286719e-04
1.929713435404018185e+00 8.448639260413709495e-02 -2.319185300660452781e-03 2.553313965131286719e-04
1.874715656838251476e+00 1.000634424844163428e-01 -6.559117944207631945e-03 2.170140337131584512e-04
1.815923083626967305e+00 1.061132865709137341e-01 -2.213910147241121562e-05 -3.358973160354321850e-04
1.815923083626967305e+00 1.061132865709137341e-01 -2.213910147241121562e-05 -3.358973160354321850e-04
1.736959513178129910e+00 1.216021112799113291e-01 6.466902934690061527e-05 7.089345644674578412e-04
1.595811382306877135e+00 1.500791708881798470e-01 2.347449657097679804e-03 4.459904223891178812e-05
1.595811382306877135e+00 1.500791708881798470e-01 2.347449657097679804e-03 4.459904223891178812e-05
1.386408264293744530e+00 1.913326853038518349e-01 1.982272010525046313e-03 6.284632546466024190e-05
1.124531483559631617e+00 2.382681967984559002e-01 1.045391206220564438e-02 1.334294351744009979e-03
8.231376022434329087e-01 2.947901115193690691e-01 1.807222807521107616e-02 -2.863495688043558082e-04
4.521011333574236346e-01 3.805611718188562920e-01 5.671654123023315425e-03 7.326365581960911800e-04
4.521011333574236346e-01 3.805611718188562920e-01 5.671654123023315425e-03 7.326365581960911800e-04
4.521011333574236346e-01 3.805611718188562920e-01 5.671654123023315425e-03 7.326365581960911800e-04
4.521011333574236346e-01 3.805611718188562920e-01 5.671654123023315425e-03 7.326365581960911800e-04
4.521011333574236346e-01 3.805611718188562920e-01 5.671654123023315425e-03 7.326365581960911800e-04
9.460907203537466392e-02 4.524985657895381763e-01 5.815053338133369110e-03 1.224451241001391251e-04
9.460907203537466392e-02 4.524985657895381763e-01 5.815053338133369110e-03 1.224451241001391251e-04
9.460907203537466392e-02 4.524985657895381763e-01 5.815053338133369110e-03 1.224451241001391251e-04
9.460907203537466392e-02 4.524985657895381763e-01 5.815053338133369110e-03 1.224451241001391251e-04
9.460907203537466392e-02 4.524985657895381763e-01 5.815053338133369110e-03 1.224451241001391251e-04
9.460907203537466392e-02 4.524985657895381763e-01 5.815053338133369110e-03 1.224451241001391251e-04
3.594003403482909365e-02 4.733674629712312787e-01 -3.764431102902339801e-03 -3.140793401882363447e-04
-9.497981718635056803e-02 4.934646709605312043e-01 4.605798942951227007e-03 9.195475741223082850e-05
1.509875437950382593e-01 4.461485112991327995e-01 4.635166004644678331e-04 2.270389356360521865e-05
-5.182231907517181879e-02 4.887074565158042727e-01 -1.278802885260204008e-03 1.117263640959894629e-04
5.232021621373045273e-02 4.639602956131065326e-01 2.910786863473328271e-03 5.026077141051820991e-05
2.503321998582033747e-02 4.732188482841874766e-01 -1.044553111247567513e-03 -1.224589467838252074e-04
-2.542507597824813018e-02 4.807367244442944942e-01 2.434267904904366658e-03 5.375638899190137137e-05
-2.542507597824813018e-02 4.807367244442944942e-01 2.434267904904366658e-03 5.375638899190137137e-05
-9.981736129824891890e-03 4.792684832076932189e-01 -2.565490464933933498e-05 5.643452362483472384e-05
-9.981736129824891890e-03 4.792684832076932189e-01 -2.565490464933933498e-05 5.643452362483472384e-05
-9.981736129824891890e-03 4.792684832076932189e-01 -2.565490464933933498e-05 5.643452362483472384e-05
-9.981736129824891890e-03 4.792684832076932189e-01 -2.565490464933933498e-05 5.643452362483472384e-05
-9.981736129824891890e-03 4.792684832076932189e-01 -2.565490464933933498e-05 5.643452362483472384e-05
2.585481264254388400e-02 4.713445346270228598e-01 8.386497772298554670e-04 1.734439474832193977e-05
2.585481264254388400e-02 4.713445346270228598e-01 8.386497772298554670e-04 1.734439474832193977e-05
2.585481264254388400e-02 4.713445346270228598e-01 8.386497772298554670e-04 1.734439474832193977e-05
1.057630387739957878e-02 4.742234764233334565e-01 8.971632730033193620e-04 9.098865362440795184e-05
1.057630387739957878e-02 4.742234764233334565e-01 8.971632730033193620e-04 9.098865362440795184e-05
1.057630387739957878e-02 4.742234764233334565e-01 8.971632730033193620e-04 9.098865362440795184e-05
1.057630387739957878e-02 4.742234764233334565e-01 8.971632730033193620e-04 9.098865362440795184e-05
1.057630387739957878e-02 4.742234764233334565e-01 8.971632730033193620e-04 9.098865362440795184e-05
8.327247483678126491e-03 4.748979372551400679e-01 7.121461642858387120e-04 8.088372281613671541e-05
1.104498451784617641e-02 4.747086081531849411e-01 2.678465239670974355e-04 6.122465504273830812e-05
1.104498451784617641e-02 4.747086081531849411e-01 2.678465239670974355e-04 6.122465504273830812e-05
1.104498451784617641e-02 4.747086081531849411e-01 2.678465239670974355e-04 6.122465504273830812e-05
1.104498451784617641e-02 4.747086081531849411e-01 2.678465239670974355e-04 6.122465504273830812e-05
1.190045425086310935e-02 4.744016335773382220e-01 4.365390655335727116e-04 5.527942923030541638e-05
1.190045425086310935e-02 4.744016335773382220e-01 4.365390655335727116e-04 5.527942923030541638e-05
1.097744359193823099e-02 4.746230467239873629e-01 3.369560457518747457e-04 7.283466260645081469e-05
1.132842698901486561e-02 4.743965213075823084e-01 5.529599987696434899e-04 7.124640103126924327e-05
1.132842698901486561e-02 4.743965213075823084e-01 5.529599987696434899e-04 7.124640103126924327e-05
1.132842698901486561e-02 4.743965213075823084e-01 5.529599987696434899e-04 7.124640103126924327e-05
1.219052181971299643e-02 4.742104690165462877e-01 5.541558886924052244e-04 6.986746852413494883e-05
1.219052181971299643e-02 4.742104690165462877e-01 5.541558886924052244e-04 6.986746852413494883e-05
9.976198047406580754e-03 4.747254239721681035e-01 4.737409620994440592e-04 6.984799704938272338e-05
1.095950449845000362e-02 4.745568407616295725e-01 4.281630056453196746e-04 7.249262838224159594e-05
1.037024257562625326e-02 4.746649080179849434e-01 4.233814357457239179e-04 7.367790096028171455e-05
1.037024257562625326e-02 4.746649080179849434e-01 4.233814357457239179e-04 7.367790096028171455e-05
1.037024257562625326e-02 4.746649080179849434e-01 4.233814357457239179e-04 7.367790096028171455e-05
1.037024257562625326e-02 4.746649080179849434e-01 4.233814357457239179e-04 7.367790096028171455e-05
1.216047497174208361e-02 4.742591781474433388e-01 4.841098991167948340e-04 6.502763664527658975e-05
1.216047497174208361e-02 4.742591781474433388e-01 4.841098991167948340e-04 6.502763664527658975e-05
1.178178906148381541e-02 4.743581045298346233e-01 4.027730900550950417e-04 7.715822655016723913e-05
1.016314960635976428e-02 4.746656418805808020e-01 4.287799594349734266e-04 7.055253128569988035e-05
1.356495830270824238e-02 4.739606911603778672e-01 4.313519553702474963e-04 6.272858577352621520e-05
1.248242369199641794e-02 4.740572083808007875e-01 5.332808702320386823e-04 7.185199030238412330e-05
1.167329055342701538e-02 4.742628781688089656e-01 3.789196080856763443e-04 8.166322714327992754e-05
1.234928849290094915e-02 4.739936056332572090e-01 5.237031147320117975e-04 6.078079777833311119e-05
1.234928849290094915e-02 4.739936056332572090e-01 5.237031147320117975e-04 6.078079777833311119e-05
1.140270863394421408e-02 4.739175491596756551e-01 5.928596451280606153e-04 8.623466678074178716e-05
1.275799156182871180e-02 4.736197703029860762e-01 4.336858965764947473e-04 7.877486508179421887e-05
1.275799156182871180e-02 4.736197703029860762e-01 4.336858965764947473e-04 7.877486508179421887e-05
8.152044124183459306e-03 4.741338636958594144e-01 6.394623334174834393e-04 8.233207551729238125e-05
1.004919569015653991e-02 4.731949455583799313e-01 6.885711475175910427e-04 1.128534766909692483e-04
1.092722070022925096e-02 4.728051058045710242e-01 6.220417135176410650e-04 8.190984611882248540e-05
1.092722070022925096e-02 4.728051058045710242e-01 6.220417135176410650e-04 8.190984611882248540e-05
1.092722070022925096e-02 4.728051058045710242e-01 6.220417135176410650e-04 8.190984611882248540e-05
8.574210705001496929e-03 4.714109953823140131e-01 7.212071621726569987e-04 1.530516897324176871e-04
3.673668834189049159e-03 4.719508690252234295e-01 6.474665449637409878e-04 1.221575471661502958e-04
7.481893167064254668e-03 4.697980825437768626e-01 1.016265974236878807e-03 1.294935600156291405e-04
1.245466087374042657e-02 4.679409317078488950e-01 6.292807268739714598e-04 1.326905046905154859e-04
1.245466087374042657e-02 4.679409317078488950e-01 6.292807268739714598e-04 1.326905046905154859e-04
4.432992813568577273e-03 4.652544218367666851e-01 9.411469781651169569e-04 1.222429329520362089e-04
4.432992813568577273e-03 4.652544218367666851e-01 9.411469781651169569e-04 1.222429329520362089e-04
9.895902977090836883e-03 4.586732370507744516e-01 6.254011032429717190e-04 1.948900772168360874e-04
1.807787729717447167e-02 4.559746627326299873e-01 6.930455299825047030e-04 8.638104228100347169e-05
7.715960046805886430e-03 4.466087646355392238e-01 1.252444659777927731e-03 1.598415454599061685e-04
7.715960046805886430e-03 4.466087646355392238e-01 1.252444659777927731e-03 1.598415454599061685e-04
2.462714256074483715e-02 4.278114251504572252e-01 5.465779601275888924e-04 1.750199665268748102e-04
2.462714256074483715e-02 4.278114251504572252e-01 5.465779601275888924e-04 1.750199665268748102e-04
9.676247013385805285e-03 4.048256145453157373e-01 1.179705803797812241e-03 2.231894499348278330e-04
9.676247013385805285e-03 4.048256145453157373e-01 1.179705803797812241e-03 2.231894499348278330e-04
4.160033280524848276e-02 3.589726973571538693e-01 4.798828937642948302e-04 1.837728486255965675e-04
4.160033280524848276e-02 3.589726973571538693e-01 4.798828937642948302e-04 1.837728486255965675e-04
2.750198244966384209e-02 2.966931374021504197e-01 1.724371054793152804e-03 3.402882890877260936e-04
2.750198244966384209e-02 2.966931374021504197e-01 1.724371054793152804e-03 3.402882890877260936e-04
7.832480479261821893e-02 1.886572718946305516e-01 4.864345931515955471e-04 4.328836451025768351e-04
7.632999886952179791e-02 1.302330632755145379e-01 1.015796262304346446e-03 3.369724234733309986e-04
7.632999886952179791e-02 1.302330632755145379e-01 1.015796262304346446e-03 3.369724234733309986e-04
7.632999886952179791e-02 1.302330632755145379e-01 1.015796262304346446e-03 3.369724234733309986e-04
7.632999886952179791e-02 1.302330632755145379e-01 1.015796262304346446e-03 3.369724234733309986e-04
7.632999886952179791e-02 1.302330632755145379e-01 1.015796262304346446e-03 3.369724234733309986e-04
7.632999886952179791e-02 1.302330632755145379e-01 1.015796262304346446e-03 3.369724234733309986e-04
7.632999886952179791e-02 1.302330632755145379e-01 1.015796262304346446e-03 3.369724234733309986e-04
9.007126875062410054e-02 1.197859424020308317e-01 1.202110320315955124e-03 2.761513222188541165e-04
8.352230595267962077e-02 1.332532981151507423e-02 2.180223850791006453e-03 3.880596475022387356e-04
9.026215855011276989e-02 8.511055348679127941e-02 1.036494111548770004e-03 5.353567852171012623e-05
9.026215855011276989e-02 8.511055348679127941e-02 1.036494111548770004e-03 5.353567852171012623e-05
9.026215855011276989e-02 8.511055348679127941e-02 1.036494111548770004e-03 5.353567852171012623e-05
9.026215855011276989e-02 8.511055348679127941e-02 1.036494111548770004e-03 5.353567852171012623e-05
1.143856349937086569e-01 1.927597627510804074e-02 8.829623763376192105e-04 -1.081673258353509385e-05
1.143856349937086569e-01 1.927597627510804074e-02 8.829623763376192105e-04 -1.081673258353509385e-05
1.143856349937086569e-01 1.927597627510804074e-02 8.829623763376192105e-04 -1.081673258353509385e-05
1.143856349937086569e-01 1.927597627510804074e-02 8.829623763376192105e-04 -1.081673258353509385e-05
9.775614875742785759e-02 4.651997083215190371e-02 1.123904217388847380e-03 5.678113293279267340e-06
9.775614875742785759e-02 4.651997083215190371e-02 1.123904217388847380e-03 5.678113293279267340e-06
1.026549788377323635e-01 1.272686044306389937e-02 1.245589877841007855e-03 4.622807384291098499e-05
1.026549788377323635e-01 1.272686044306389937e-02 1.245589877841007855e-03 4.622807384291098499e-05
8.789839987152683887e-02 5.814439430646676371e-02 1.038307330080341997e-03 4.664641467586369523e-05
8.789839987152683887e-02 5.814439430646676371e-02 1.038307330080341997e-03 4.664641467586369523e-05
8.863023221089416648e-02 3.087376314835825475e-02 1.606262704659444521e-03 8.014476591929112204e-05
8.840489446606233925e-02 1.402149285005656332e-02 1.575800552986573880e-03 4.727236660108123575e-05
7.638102219992284891e-02 4.846191944264089529e-02 1.619220230107196092e-03 7.244552430534653632e-06
7.638102219992284891e-02 4.846191944264089529e-02 1.619220230107196092e-03 7.244552430534653632e-06
7.638102219992284891e-02 4.846191944264089529e-02 1.619220230107196092e-03 7.244552430534653632e-06
8.009273067327804529e-02 1.609002791879925870e-02 1.785845143521237093e-03 -5.071581865718282028e-05
8.009273067327804529e-02 1.609002791879925870e-02 1.785845143521237093e-03 -5.071581865718282028e-05
6.791410961755789399e-02 3.978117327397936304e-02 1.612576024466247284e-03 1.055418681419695752e-05
6.791410961755789399e-02 3.978117327397936304e-02 1.612576024466247284e-03 1.055418681419695752e-05
6.791410961755789399e-02 3.978117327397936304e-02 1.612576024466247284e-03 1.055418681419695752e-05
6.110743501483276163e-02 2.782169607688227825e-02 1.893153494266885950e-03 -8.100483323407384596e-05
6.110743501483276163e-02 2.782169607688227825e-02 1.893153494266885950e-03 -8.100483323407384596e-05
3.483264377835404435e-02 3.958747095341520750e-02 2.314559252177806736e-03 1.948276669875672923e-05
3.483264377835404435e-02 3.958747095341520750e-02 2.314559252177806736e-03 1.948276669875672923e-05
3.738781001252344804e-02 5.542884922456585428e-02 1.512507689366545359e-03 7.999555687187951010e-06
3.738781001252344804e-02 5.542884922456585428e-02 1.512507689366545359e-03 7.999555687187951010e-06
3.738781001252344804e-02 5.542884922456585428e-02 1.512507689366545359e-03 7.999555687187951010e-06
4.059201764483350017e-03 5.288702220418387001e-02 2.156471688568384251e-03 4.425092863938430768e-05
4.059201764483350017e-03 5.288702220418387001e-02 2.156471688568384251e-03 4.425092863938430768e-05
7.835124287825748213e-03 5.898924318905177100e-02 1.286808678088421747e-03 -7.192377851706668586e-05
1.856045314665430435e-02 4.702866952719379767e-02 8.730058020868748311e-04 5.650201082367778518e-05
1.856045314665430435e-02 4.702866952719379767e-02 8.730058020868748311e-04 5.650201082367778518e-05
1.856045314665430435e-02 4.702866952719379767e-02 8.730058020868748311e-04 5.650201082367778518e-05
1.856045314665430435e-02 4.702866952719379767e-02 8.730058020868748311e-04 5.650201082367778518e-05
6.390912804133750368e-03 2.110869192452885512e-02 6.035533562320570360e-04 -1.096872855587285140e-04
6.390912804133750368e-03 2.110869192452885512e-02 6.035533562320570360e-04 -1.096872855587285140e-04
2.108742034330823162e-02 2.910334107512313473e-02 -4.707490220575015656e-04 -6.199799829754578068e-06
2.108742034330823162e-02 2.910334107512313473e-02 -4.707490220575015656e-04 -6.199799829754578068e-06
1.939188608034005112e-02 7.809351136067593790e-04 6.999746859656428124e-04 7.468974201074140678e-06
-3.991482661502520485e-03 3.131151352475380900e-03 -3.531353167459453084e-04 -7.545691151543435719e-05
-3.506297057954293507e-03 3.142885175625657196e-02 1.634364381951119625e-04 1.226977706409248885e-05
-3.506297057954293507e-03 3.142885175625657196e-02 1.634364381951119625e-04 1.226977706409248885e-05
-1.009044188888562170e-02 -5.876148101852742694e-03 4.339919439882047154e-04 1.770487246397939735e-05
5.275383332980693174e-03 9.239822627161782542e-03 -1.738615128513247836e-04 3.461249178607263971e-05
8.156838255749808073e-03 5.130927261058503344e-03 3.587912870560772192e-04 2.375765825375842277e-06
-2.016306000514936879e-03 6.556007369065705061e-03 -7.877288882446401843e-05 -2.935809236527713172e-05
-2.016306000514936879e-03 6.556007369065705061e-03 -7.877288882446401843e-05 -2.935809236527713172e-05
-3.816664535485978470e-03 1.877239609054057352e-03 2.489201855127156173e-04 1.096892791848800276e-05
2.729742091888845337e-03 8.514902096297854647e-03 -2.158830611544092204e-06 1.646729209608654559e-05
2.729742091888845337e-03 8.514902096297854647e-03 -2.158830611544092204e-06 1.646729209608654559e-05
9.395524415349692507e-04 1.389741169970613865e-04 7.052056513209557548e-05 -4.580197542079643519e-06
-5.900639339163910990e-04 5.454824570782865895e-03 2.765489617113941643e-05 -1.155824713612957956e-05
-5.900639339163910990e-04 5.454824570782865895e-03 2.765489617113941643e-05 -1.155824713612957956e-05
-5.900639339163910990e-04 5.454824570782865895e-03 2.765489617113941643e-05 -1.155824713612957956e-05
1.984356460083639209e-03 6.278057752458259845e-03 -1.137077277435026270e-05 5.116267664712585158e-06
-1.223412940861450275e-03 2.349334207087443345e-03 -2.961637700044820272e-05 -3.434996993676036197e-06
2.557140599252646050e-04 3.596457696827411697e-03 -7.994934433020848706e-05 -3.922559212515404508e-06
-3.098036038058362101e-04 6.560015776684961775e-03 -7.024088179124811121e-05 -2.884727108063341298e-06
-2.066752200404933901e-04 5.075395464523691988e-03 -1.006972390146217559e-05 -6.419875524257563960e-06
8.066560169440052230e-04 5.336679269369568740e-03 -2.941992726509600639e-05 4.753639775422495454e-07
8.066560169440052230e-04 5.336679269369568740e-03 -2.941992726509600639e-05 4.753639775422495454e-07
-3.823604952778556117e-04 6.762455373196412690e-03 5.824991270692364748e-06 -2.147796729998810553e-06
-3.823604952778556117e-04 6.762455373196412690e-03 5.824991270692364748e-06 -2.147796729998810553e-06
2.205273103307571155e-04 4.797098217291304381e-03 -3.912098045001507500e-06 2.519340710195091421e-06
-1.727723375621610495e-04 4.472411558666197426e-03 -1.842878267770084206e-05 -1.902018576084897692e-06
1.324456731629609441e-04 4.621139098112729549e-03 1.133275554171286518e-05 -1.540470650002600343e-06
1.324456731629609441e-04 4.621139098112729549e-03 1.133275554171286518e-05 -1.540470650002600343e-06
-1.213979134845187709e-04 5.773806004056124611e-03 -3.832519336943961458e-07 -1.207565200356615758e-06
-1.213979134845187709e-04 5.773806004056124611e-03 -3.832519336943961458e-07 -1.207565200356615758e-06
-1.213979134845187709e-04 5.773806004056124611e-03 -3.832519336943961458e-07 -1.207565200356615758e-06
-1.213979134845187709e-04 5.773806004056124611e-03 -3.832519336943961458e-07 -1.207565200356615758e-06
-6.358994635933221150e-05 6.029245436901179214e-03 -3.981582661741904955e-07 9.027988590766146077e-07
-6.358994635933221150e-05 6.029245436901179214e-03 -3.981582661741904955e-07 9.027988590766146077e-07
-6.358994635933221150e-05 6.029245436901179214e-03 -3.981582661741904955e-07 9.027988590766146077e-07
5.528171285420697322e-05 5.286748996809241888e-03 -7.295969278303990647e-07 2.536978405963058496e-07
-5.198495876715075021e-05 5.656161923206858011e-03 1.440829394869374226e-06 -4.974970199235727376e-07
5.077833870908549888e-05 5.536559543230099717e-03 3.130238141459635106e-06 6.501830399643210985e-08
5.077833870908549888e-05 5.536559543230099717e-03 3.130238141459635106e-06 6.501830399643210985e-08
-1.919530523114018974e-05 5.813351780367398761e-03 -8.378866781351747195e-07 5.195527350544918912e-07
-1.919530523114018974e-05 5.813351780367398761e-03 -8.378866781351747195e-07 5.195527350544918912e-07
-1.919530523114018974e-05 5.813351780367398761e-03 -8.378866781351747195e-07 5.195527350544918912e-07
-2.503222860337254998e-05 5.725440292220202940e-03 5.626350200012478929e-07 -1.260847072978222400e-07
1.687309922068831887e-05 5.689249195855586479e-03 1.086389003114079998e-06 1.312850782503984165e-07
1.687309922068831887e-05 5.689249195855586479e-03 1.086389003114079998e-06 1.312850782503984165e-07
1.687309922068831887e-05 5.689249195855586479e-03 1.086389003114079998e-06 1.312850782503984165e-07
1.687309922068831887e-05 5.689249195855586479e-03 1.086389003114079998e-06 1.312850782503984165e-07
-1.226950460950072025e-05 5.821373365285591184e-03 -3.246601936450463824e-08 5.202604977111531437e-08
-1.030766340669744019e-05 5.738676197759962766e-03 2.435679673872228460e-07 -4.487184727314023355e-08
-1.030766340669744019e-05 5.738676197759962766e-03 2.435679673872228460e-07 -4.487184727314023355e-08
