1.000000000000000000e+00 1.000000000000000000e+00
1.074999999999999734e+00 8.999999999999999112e-01
1.187500000000000000e+00 8.499999999999996447e-01
1.293749999999999734e+00 6.249999999999991118e-01
1.571875000000000355e+00 4.124999999999983125e-01
1.678125000000000089e+00 1.874999999999977796e-01
1.956250000000000711e+00 -2.500000000000301981e-02
1.956250000000000711e+00 -2.500000000000301981e-02
2.119921875000001066e+00 -4.218750000000331957e-02
2.119921875000001066e+00 -4.218750000000331957e-02
2.119921875000001066e+00 -4.218750000000331957e-02
2.119921875000001066e+00 -4.218750000000331957e-02
2.260095214843751421e+00 -1.108398437500349859e-02
2.579742431640627220e+00 -8.283691406250415223e-02
3.019912719726565165e+00 -5.650634765625484057e-02
3.339559936523441408e+00 -1.282592773437555012e-01
3.339559936523441408e+00 -1.282592773437555012e-01
3.339559936523441408e+00 -1.282592773437555012e-01
3.339559936523441408e+00 -1.282592773437555012e-01
3.339559936523441408e+00 -1.282592773437555012e-01
3.366579389572147196e+00 -1.010847091674859644e-01
3.450134742259983067e+00 -1.095756053924616946e-01
3.450134742259983067e+00 -1.095756053924616946e-01
3.415111929178241468e+00 -9.853651523590645223e-02
3.415111929178241468e+00 -9.853651523590645223e-02
3.431434829905632977e+00 -1.081428244710024716e-01
3.436188853159550582e+00 -9.179576784372890652e-02
3.424461885355416513e+00 -9.925290569663607065e-02
3.428106447961185133e+00 -7.028736136854255023e-02
3.428106447961185133e+00 -7.028736136854255023e-02
3.434881072514694544e+00 -5.931740636006559153e-02
3.432008260895967666e+00 -1.784125021659396793e-02
3.432008260895967666e+00 -1.784125021659396793e-02
3.432008260895967666e+00 -1.784125021659396793e-02
3.432008260895967666e+00 -1.784125021659396793e-02
3.435049858740971462e+00 1.303093168243672946e-02
3.432108076524495566e+00 -3.985366438433756917e-03
3.432793614264350701e+00 -6.659233797296240827e-03
3.433750352067697520e+00 3.854315782285865077e-03
3.433853936486788161e+00 -1.110052920409035707e-04
3.433297879270796660e+00 -2.393789276086880254e-03
3.433297879270796660e+00 -2.393789276086880254e-03
3.433107072757253686e+00 -9.818247349349901003e-04
3.433432802993634958e+00 -1.934238781999742971e-04
3.433255967177768042e+00 3.154581781922167474e-04
3.433225728921477593e+00 -4.604037924694344376e-04
3.433336825521628999e+00 -1.329483426692915711e-04
3.433336825521628999e+00 -1.329483426692915711e-04
3.433336825521628999e+00 -1.329483426692915711e-04
3.433336825521628999e+00 -1.329483426692915711e-04
3.433336825521628999e+00 -1.329483426692915711e-04
3.433329036864342765e+00 3.187386945457676700e-05
3.433329036864342765e+00 3.187386945457676700e-05
3.433329036864342765e+00 3.187386945457676700e-05
3.433329036864342765e+00 3.187386945457676700e-05
