1.000000000000000000e+00 5.000000000000000278e-02
1.074999999999999734e+00 4.500000000000001221e-02
1.187500000000000000e+00 4.250000000000000999e-02
1.293749999999999734e+00 3.125000000000002776e-02
1.406250000000000000e+00 2.875000000000002554e-02
1.406250000000000000e+00 2.875000000000002554e-02
1.356249999999999734e+00 2.875000000000002900e-02
1.356249999999999734e+00 2.875000000000002900e-02
1.356249999999999734e+00 2.875000000000002900e-02
1.348437499999999734e+00 3.156250000000002109e-02
1.341015624999999822e+00 3.023437500000002165e-02
1.350488281249999645e+00 2.982421875000002692e-02
1.343066406249999734e+00 2.849609375000002748e-02
1.343066406249999734e+00 2.849609375000002748e-02
1.342431640624999645e+00 2.522460937500003997e-02
1.342431640624999645e+00 2.522460937500003997e-02
1.348980712890624822e+00 2.205444335937505052e-02
1.341830444335937678e+00 1.597229003906255884e-02
1.351353454589844461e+00 6.590881347656334099e-03
1.341814422607424007e+00 -1.026412963867176509e-02
1.356090927124027345e+00 -3.745445251464826764e-02
1.344151115417488107e+00 -8.475963592529271728e-02
1.358427619934091446e+00 -1.119499588012692198e-01
1.346487808227552208e+00 -1.592551422119136695e-01
1.346487808227552208e+00 -1.592551422119136695e-01
1.341880357265484491e+00 -1.461021971702572142e-01
1.346244248747836547e+00 -1.314298814535137527e-01
1.346244248747836547e+00 -1.314298814535137527e-01
1.346244248747836547e+00 -1.314298814535137527e-01
1.343789244489755230e+00 -1.316279495228078467e-01
1.344115187518775567e+00 -1.347839282010678541e-01
1.344115187518775567e+00 -1.347839282010678541e-01
1.344115187518775567e+00 -1.347839282010678541e-01
1.344115187518775567e+00 -1.347839282010678541e-01
1.344987268954366710e+00 -1.346141231549696782e-01
1.344655687975057301e+00 -1.341187828015423800e-01
1.344468332991743731e+00 -1.345751905896619416e-01
1.344468332991743731e+00 -1.345751905896619416e-01
1.344468332991743731e+00 -1.345751905896619416e-01
1.344363134294948914e+00 -1.343835232281032077e-01
1.344546025594475003e+00 -1.344266484268510919e-01
1.344461456468228011e+00 -1.344901382085695318e-01
1.344433437663150155e+00 -1.344209582729067598e-01
1.344433437663150155e+00 -1.344209582729067598e-01
1.344433437663150155e+00 -1.344209582729067598e-01
