6.549359585833494091e-01 -2.093257828505952212e-01 9.615065303374314976e-01 -4.320238063405068552e-02
6.794960570302250868e-01 -2.171754997074926141e-01 8.653558773036880147e-01 -4.482246990782759455e-02
6.979161308653818452e-01 -2.230627873501656033e-01 8.893935405621240520e-01 -4.009720952597829735e-02
6.400975657716954093e-01 -2.333655407248433900e-01 8.353087982306433013e-01 -4.208856925832910045e-02
6.400975657716954093e-01 -2.333655407248433900e-01 8.353087982306433013e-01 -4.208856925832910045e-02
7.142255712402607593e-01 -2.528058551282532651e-01 6.302374835571122880e-01 -4.027862577278151779e-02
7.142255712402607593e-01 -2.528058551282532651e-01 6.302374835571122880e-01 -4.027862577278151779e-02
6.463255334442603584e-01 -2.709659910989464793e-01 4.705184788594589662e-01 -4.102907728208643467e-02
6.533629770177835638e-01 -3.107160424840731405e-01 3.629358512096427791e-01 -3.676223571574191440e-02
7.456906989929117380e-01 -3.453433040006554933e-01 -3.340976975836995599e-02 -3.239621510022765161e-02
7.456906989929117380e-01 -3.453433040006554933e-01 -3.340976975836995599e-02 -3.239621510022765161e-02
7.456906989929117380e-01 -3.453433040006554933e-01 -3.340976975836995599e-02 -3.239621510022765161e-02
7.456906989929117380e-01 -3.453433040006554933e-01 -3.340976975836995599e-02 -3.239621510022765161e-02
7.456906989929117380e-01 -3.453433040006554933e-01 -3.340976975836995599e-02 -3.239621510022765161e-02
7.456906989929117380e-01 -3.453433040006554933e-01 -3.340976975836995599e-02 -3.239621510022765161e-02
7.456906989929117380e-01 -3.453433040006554933e-01 -3.340976975836995599e-02 -3.239621510022765161e-02
7.852063337666641551e-01 -3.648496314177209765e-01 -1.319300843582133648e-02 -2.509910411517822515e-02
7.852063337666641551e-01 -3.648496314177209765e-01 -1.319300843582133648e-02 -2.509910411517822515e-02
7.852063337666641551e-01 -3.648496314177209765e-01 -1.319300843582133648e-02 -2.509910411517822515e-02
7.852063337666641551e-01 -3.648496314177209765e-01 -1.319300843582133648e-02 -2.509910411517822515e-02
7.852063337666641551e-01 -3.648496314177209765e-01 -1.319300843582133648e-02 -2.509910411517822515e-02
7.852063337666641551e-01 -3.648496314177209765e-01 -1.319300843582133648e-02 -2.509910411517822515e-02
7.419022575584226509e-01 -3.789003084491879836e-01 -3.523558578655100471e-02 -2.219028975994672553e-02
9.249946986571182528e-01 -3.813535769550164822e-01 6.640282112877426979e-03 -9.812389022468837041e-03
9.249946986571182528e-01 -3.813535769550164822e-01 6.640282112877426979e-03 -9.812389022468837041e-03
9.249946986571182528e-01 -3.813535769550164822e-01 6.640282112877426979e-03 -9.812389022468837041e-03
9.249946986571182528e-01 -3.813535769550164822e-01 6.640282112877426979e-03 -9.812389022468837041e-03
9.249946986571182528e-01 -3.813535769550164822e-01 6.640282112877426979e-03 -9.812389022468837041e-03
9.249946986571182528e-01 -3.813535769550164822e-01 6.640282112877426979e-03 -9.812389022468837041e-03
1.053313576051011724e+00 -3.871350810772589690e-01 8.491468184946865394e-02 3.242194102716778117e-03
9.385762813276918859e-01 -4.034403692609656034e-01 -1.218437040387482240e-02 -1.624845744577399498e-03
9.385762813276918859e-01 -4.034403692609656034e-01 -1.218437040387482240e-02 -1.624845744577399498e-03
9.385762813276918859e-01 -4.034403692609656034e-01 -1.218437040387482240e-02 -1.624845744577399498e-03
9.385762813276918859e-01 -4.034403692609656034e-01 -1.218437040387482240e-02 -1.624845744577399498e-03
9.385762813276918859e-01 -4.034403692609656034e-01 -1.218437040387482240e-02 -1.624845744577399498e-03
9.385762813276918859e-01 -4.034403692609656034e-01 -1.218437040387482240e-02 -1.624845744577399498e-03
9.385762813276918859e-01 -4.034403692609656034e-01 -1.218437040387482240e-02 -1.624845744577399498e-03
9.385762813276918859e-01 -4.034403692609656034e-01 -1.218437040387482240e-02 -1.624845744577399498e-03
9.385762813276918859e-01 -4.034403692609656034e-01 -1.218437040387482240e-02 -1.624845744577399498e-03
9.385762813276918859e-01 -4.034403692609656034e-01 -1.218437040387482240e-02 -1.624845744577399498e-03
1.005167862168504067e+00 -3.982478782732016276e-01 -1.002637674300347476e-02 5.352297545515533137e-04
1.005167862168504067e+00 -3.982478782732016276e-01 -1.002637674300347476e-02 5.352297545515533137e-04
9.986533050278512125e-01 -3.998157651684701719e-01 4.046477660767414455e-03 4.497750835776175059e-04
9.986533050278512125e-01 -3.998157651684701719e-01 4.046477660767414455e-03 4.497750835776175059e-04
9.986533050278512125e-01 -3.998157651684701719e-01 4.046477660767414455e-03 4.497750835776175059e-04
9.658714725242386612e-01 -4.015307896035531510e-01 -6.881933128727797319e-03 -5.971188276737290305e-04
9.658714725242386612e-01 -4.015307896035531510e-01 -6.881933128727797319e-03 -5.971188276737290305e-04
9.658714725242386612e-01 -4.015307896035531510e-01 -6.881933128727797319e-03 -5.971188276737290305e-04
9.658714725242386612e-01 -4.015307896035531510e-01 -6.881933128727797319e-03 -5.971188276737290305e-04
9.658714725242386612e-01 -4.015307896035531510e-01 -6.881933128727797319e-03 -5.971188276737290305e-04
9.658714725242386612e-01 -4.015307896035531510e-01 -6.881933128727797319e-03 -5.971188276737290305e-04
9.510708034872537020e-01 -4.035064005690458533e-01 2.443358544589661202e-03 -6.897045046441027324e-04
9.510708034872537020e-01 -4.035064005690458533e-01 2.443358544589661202e-03 -6.897045046441027324e-04
9.510708034872537020e-01 -4.035064005690458533e-01 2.443358544589661202e-03 -6.897045046441027324e-04
9.510708034872537020e-01 -4.035064005690458533e-01 2.443358544589661202e-03 -6.897045046441027324e-04
8.989049195016332039e-01 -4.136202916877289582e-01 -3.499061532152989568e-03 -7.242856775432830567e-04
8.989049195016332039e-01 -4.136202916877289582e-01 -3.499061532152989568e-03 -7.242856775432830567e-04
8.989049195016332039e-01 -4.136202916877289582e-01 -3.499061532152989568e-03 -7.242856775432830567e-04
8.989049195016332039e-01 -4.136202916877289582e-01 -3.499061532152989568e-03 -7.242856775432830567e-04
8.989049195016332039e-01 -4.136202916877289582e-01 -3.499061532152989568e-03 -7.242856775432830567e-04
8.663645341710104475e-01 -4.227896602939020809e-01 2.459253965770317671e-03 -1.897752920430031617e-04
8.663645341710104475e-01 -4.227896602939020809e-01 2.459253965770317671e-03 -1.897752920430031617e-04
8.663645341710104475e-01 -4.227896602939020809e-01 2.459253965770317671e-03 -1.897752920430031617e-04
7.768497681118260445e-01 -4.390758975889007543e-01 -1.374086420337367054e-02 -5.636025390311030260e-04
7.364125015284768150e-01 -4.439663451316619991e-01 1.334722689892351571e-03 -8.546006688583314154e-04
6.390816784450570331e-01 -4.692775879529778038e-01 -6.861297456644394749e-03 2.648946228493253945e-04
5.249075894527079900e-01 -4.856141340453499211e-01 4.458540873845784347e-03 -1.066798621711234673e-03
4.722612345980234938e-01 -4.961773220655432137e-01 -9.863703013910282355e-03 -9.202783113326686980e-04
4.094817339003067325e-01 -5.084417970088657146e-01 8.274995749965399078e-03 -7.247889504953517782e-04
6.147417424011791809e-02 -5.817004405412284918e-01 -5.663043264842322969e-03 -1.260271078007844849e-04
6.147417424011791809e-02 -5.817004405412284918e-01 -5.663043264842322969e-03 -1.260271078007844849e-04
6.147417424011791809e-02 -5.817004405412284918e-01 -5.663043264842322969e-03 -1.260271078007844849e-04
6.147417424011791809e-02 -5.817004405412284918e-01 -5.663043264842322969e-03 -1.260271078007844849e-04
6.147417424011791809e-02 -5.817004405412284918e-01 -5.663043264842322969e-03 -1.260271078007844849e-04
6.147417424011791809e-02 -5.817004405412284918e-01 -5.663043264842322969e-03 -1.260271078007844849e-04
6.147417424011791809e-02 -5.817004405412284918e-01 -5.663043264842322969e-03 -1.260271078007844849e-04
6.147417424011791809e-02 -5.817004405412284918e-01 -5.663043264842322969e-03 -1.260271078007844849e-04
-9.062167714176619371e-02 -6.093121159789269825e-01 3.945995561589665281e-03 -3.734134046260963115e-04
5.895066895785462668e-02 -5.818522614948822280e-01 -6.098553787127040677e-04 6.137941336465117977e-05
5.895066895785462668e-02 -5.818522614948822280e-01 -6.098553787127040677e-04 6.137941336465117977e-05
-1.941728479554344008e-02 -5.984159746580487438e-01 7.263809811338573126e-04 1.385941975923067691e-04
-1.941728479554344008e-02 -5.984159746580487438e-01 7.263809811338573126e-04 1.385941975923067691e-04
-4.988696268679050638e-02 -6.023968601081004515e-01 1.293200692124223811e-03 -1.825969862473492621e-04
-4.430980364748875189e-02 -6.020772151351723167e-01 -1.595212277110485532e-03 -4.618235865599714648e-05
1.692171735008067210e-02 -5.901490577502859214e-01 -5.872225454926872446e-04 7.685395111450591760e-06
-5.493984672942965608e-03 -5.945765715171695831e-01 -1.361720766287275028e-03 -5.723714165292880158e-05
-2.132974522365636144e-02 -5.967419018624988691e-01 -1.207298576854262586e-03 -1.736712580879626203e-04
-3.171995836764617688e-02 -5.991415233371910620e-01 5.266857534402314724e-05 -1.249741635343543794e-04
-3.171995836764617688e-02 -5.991415233371910620e-01 5.266857534402314724e-05 -1.249741635343543794e-04
-3.171995836764617688e-02 -5.991415233371910620e-01 5.266857534402314724e-05 -1.249741635343543794e-04
4.941479301648783566e-03 -5.919724609484389166e-01 -3.681719002623543924e-04 -1.155224520013456771e-04
-1.652000251397869185e-02 -5.955565927954200589e-01 2.989563573195482601e-04 -1.781628706748615467e-04
-4.041964262233934541e-03 -5.937844314030381598e-01 3.714215820165152576e-04 -9.139873492194852819e-05
-3.877430772371032435e-03 -5.937620972990362844e-01 -2.570041312792133788e-04 -9.207335315752275431e-05
-1.829721896468994649e-02 -5.964552094743371669e-01 3.198452614632354193e-05 -1.221317581116370115e-04
-1.849697084330199567e-02 -5.963481436402173763e-01 3.510953254573673265e-04 -1.236512928240658432e-04
-1.384919936231395962e-02 -5.953220316247886945e-01 2.116653414523982167e-04 -1.427383277143275456e-04
-8.836084623951584102e-03 -5.946281509563164924e-01 2.279284237303670819e-04 -1.057737089369183983e-04
-9.373649610467701954e-03 -5.947252406114755807e-01 -2.566786354129967529e-05 -1.078235625271299804e-04
-9.373649610467701954e-03 -5.947252406114755807e-01 -2.566786354129967529e-05 -1.078235625271299804e-04
-9.373649610467701954e-03 -5.947252406114755807e-01 -2.566786354129967529e-05 -1.078235625271299804e-04
-9.373649610467701954e-03 -5.947252406114755807e-01 -2.566786354129967529e-05 -1.078235625271299804e-04
-9.373649610467701954e-03 -5.947252406114755807e-01 -2.566786354129967529e-05 -1.078235625271299804e-04
-9.373649610467701954e-03 -5.947252406114755807e-01 -2.566786354129967529e-05 -1.078235625271299804e-04
-1.228752791277338934e-02 -5.953409482883686987e-01 -5.299424103360854659e-05 -1.025743216640003918e-04
-1.228752791277338934e-02 -5.953409482883686987e-01 -5.299424103360854659e-05 -1.025743216640003918e-04
-1.228752791277338934e-02 -5.953409482883686987e-01 -5.299424103360854659e-05 -1.025743216640003918e-04
-9.084350011186632934e-03 -5.946301417528145894e-01 -1.739341570970670634e-04 -1.084590547241967042e-04
-1.119474052438946404e-02 -5.950229231306578548e-01 -4.405895533213870468e-05 -1.131233660936153507e-04
-1.139255124040600142e-02 -5.949792786176619774e-01 -2.676138915169861440e-05 -1.112072705661561981e-04
-1.139255124040600142e-02 -5.949792786176619774e-01 -2.676138915169861440e-05 -1.112072705661561981e-04
-1.139255124040600142e-02 -5.949792786176619774e-01 -2.676138915169861440e-05 -1.112072705661561981e-04
-1.139255124040600142e-02 -5.949792786176619774e-01 -2.676138915169861440e-05 -1.112072705661561981e-04
-7.505618691489818889e-03 -5.939843558817106128e-01 1.718639197908312455e-04 -1.177750480793798632e-04
-9.936057032397725003e-03 -5.943148584051582972e-01 8.556551466159258406e-05 -1.291791491159686956e-04
-9.936057032397725003e-03 -5.943148584051582972e-01 8.556551466159258406e-05 -1.291791491159686956e-04
-8.474633894756108260e-03 -5.938868894776949681e-01 6.916329934476426935e-05 -1.214863384228255928e-04
-8.474633894756108260e-03 -5.938868894776949681e-01 6.916329934476426935e-05 -1.214863384228255928e-04
-1.313060248541773195e-02 -5.943795346118592171e-01 1.745761903787224067e-04 -1.414075874974489336e-04
-5.821834185839251663e-03 -5.925267505205236152e-01 1.437947794512099958e-05 -1.549718141083925743e-04
-6.258931201849608772e-03 -5.920876959339320678e-01 2.515728809386227590e-04 -1.545336947450659938e-04
-6.258931201849608772e-03 -5.920876959339320678e-01 2.515728809386227590e-04 -1.545336947450659938e-04
-9.030766436130995001e-03 -5.911795015116596552e-01 1.540895719746803415e-04 -2.103692455021762778e-04
3.356047782157305093e-03 -5.877941864181814857e-01 -7.210117389626748228e-05 -2.222479908564751723e-04
-4.378077341002241385e-03 -5.879503315240959260e-01 1.834317620898939707e-04 -2.455766701956496904e-04
-4.378077341002241385e-03 -5.879503315240959260e-01 1.834317620898939707e-04 -2.455766701956496904e-04
-4.378077341002241385e-03 -5.879503315240959260e-01 1.834317620898939707e-04 -2.455766701956496904e-04
-4.378077341002241385e-03 -5.879503315240959260e-01 1.834317620898939707e-04 -2.455766701956496904e-04
-4.378077341002241385e-03 -5.879503315240959260e-01 1.834317620898939707e-04 -2.455766701956496904e-04
1.787518297455092768e-03 -5.844371523876938923e-01 4.611472385931601704e-04 -2.913307290261573854e-04
1.787518297455092768e-03 -5.844371523876938923e-01 4.611472385931601704e-04 -2.913307290261573854e-04
-8.836186335256443480e-03 -5.901511104061594182e-01 4.052736851490741339e-04 -1.737780671155717558e-04
5.036128631929024692e-03 -5.840960024267896067e-01 1.220653748353485012e-04 -2.684189979819195200e-04
-1.139649547348074374e-02 -5.846785442432147484e-01 4.558854022054047812e-04 -3.226897395589738756e-04
-1.300621477510319549e-03 -5.816214440497013971e-01 7.164152514074527758e-04 -3.010098098706675759e-04
-1.594791758564904904e-02 -5.865360210690109266e-01 3.524353080116399660e-04 -2.167610028430348289e-04
-1.594791758564904904e-02 -5.865360210690109266e-01 3.524353080116399660e-04 -2.167610028430348289e-04
-1.594791758564904904e-02 -5.865360210690109266e-01 3.524353080116399660e-04 -2.167610028430348289e-04
-8.001697719831335487e-03 -5.766067694674588129e-01 8.404869256021403872e-04 -2.850515105463349505e-04
-8.001697719831335487e-03 -5.766067694674588129e-01 8.404869256021403872e-04 -2.850515105463349505e-04
-8.001697719831335487e-03 -5.766067694674588129e-01 8.404869256021403872e-04 -2.850515105463349505e-04
-8.001697719831335487e-03 -5.766067694674588129e-01 8.404869256021403872e-04 -2.850515105463349505e-04
-2.506901453033193172e-02 -5.733396023917114448e-01 1.700702734891337137e-03 -1.716252996327682608e-04
-2.506901453033193172e-02 -5.733396023917114448e-01 1.700702734891337137e-03 -1.716252996327682608e-04
-2.506901453033193172e-02 -5.733396023917114448e-01 1.700702734891337137e-03 -1.716252996327682608e-04
3.000277883808064039e-03 -5.535823421090713126e-01 2.256133601757062592e-03 -3.032026606984807634e-04
-3.501423791185366563e-02 -5.492867818947269054e-01 3.207577394173603564e-03 -1.804685477266698267e-04
-3.501423791185366563e-02 -5.492867818947269054e-01 3.207577394173603564e-03 -1.804685477266698267e-04
-1.190776780491607095e-02 -5.264088703991200990e-01 5.253340447148664022e-03 -1.664337417397913433e-04
7.313772970357748648e-03 -4.919992379738729049e-01 6.540872706437855788e-03 -2.223162883504407102e-04
7.313772970357748648e-03 -4.919992379738729049e-01 6.540872706437855788e-03 -2.223162883504407102e-04
7.313772970357748648e-03 -4.919992379738729049e-01 6.540872706437855788e-03 -2.223162883504407102e-04
7.313772970357748648e-03 -4.919992379738729049e-01 6.540872706437855788e-03 -2.223162883504407102e-04
7.313772970357748648e-03 -4.919992379738729049e-01 6.540872706437855788e-03 -2.223162883504407102e-04
-3.211736212327907791e-02 -5.072339580692701855e-01 5.786790388324648468e-03 -1.596116847388436835e-04
-3.211736212327907791e-02 -5.072339580692701855e-01 5.786790388324648468e-03 -1.596116847388436835e-04
-3.211736212327907791e-02 -5.072339580692701855e-01 5.786790388324648468e-03 -1.596116847388436835e-04
1.473205622226084893e-02 -4.879850396714295879e-01 5.289330448040717447e-03 -2.402767918084758704e-04
1.473205622226084893e-02 -4.879850396714295879e-01 5.289330448040717447e-03 -2.402767918084758704e-04
1.473205622226084893e-02 -4.879850396714295879e-01 5.289330448040717447e-03 -2.402767918084758704e-04
1.473205622226084893e-02 -4.879850396714295879e-01 5.289330448040717447e-03 -2.402767918084758704e-04
3.580567574661969177e-02 -4.706260523277920882e-01 5.820653325298272979e-03 -5.976736001514471562e-05
2.967986483801897390e-02 -4.329760437534231343e-01 7.873067335565458319e-03 -2.729102009000571841e-04
6.587906503413835935e-02 -4.453046824161115413e-01 4.525482907772557586e-03 -2.143515695201796004e-04
6.587906503413835935e-02 -4.453046824161115413e-01 4.525482907772557586e-03 -2.143515695201796004e-04
1.447987849751252720e-01 -3.525408794709687932e-01 7.539231704721819499e-03 -1.690558996480101550e-04
1.447987849751252720e-01 -3.525408794709687932e-01 7.539231704721819499e-03 -1.690558996480101550e-04
7.944604544783911981e-02 -3.452378713945847277e-01 8.415286528220530804e-03 -1.749669820321635193e-04
1.828151547975646052e-01 -3.165683397805835186e-01 5.925548700599830854e-03 -2.202519740224174387e-04
1.016033813132692643e-01 -3.738205527447761023e-01 6.085543989041701518e-03 3.863668603321064121e-05
1.016033813132692643e-01 -3.738205527447761023e-01 6.085543989041701518e-03 3.863668603321064121e-05
1.246403298933247972e-01 -2.582226684575295028e-01 7.334312919092447064e-03 3.432446029410959583e-05
1.246403298933247972e-01 -2.582226684575295028e-01 7.334312919092447064e-03 3.432446029410959583e-05
1.246403298933247972e-01 -2.582226684575295028e-01 7.334312919092447064e-03 3.432446029410959583e-05
1.246403298933247972e-01 -2.582226684575295028e-01 7.334312919092447064e-03 3.432446029410959583e-05
7.288454716611397766e-02 -2.626879077375878779e-01 2.796377018492540029e-03 6.489005288727134162e-05
7.288454716611397766e-02 -2.626879077375878779e-01 2.796377018492540029e-03 6.489005288727134162e-05
7.288454716611397766e-02 -2.626879077375878779e-01 2.796377018492540029e-03 6.489005288727134162e-05
1.482308430207897043e-01 -1.104239753243774769e-01 5.872259216451954783e-03 1.069020268959320155e-04
4.280589864430534019e-02 -8.223621829820781937e-02 1.387560011509841179e-04 4.804832283818635244e-04
-5.201834156614512650e-02 -8.924349296589073610e-02 1.871049945250531990e-03 9.490956989792692731e-05
7.442150978313051557e-02 -5.484387059677442444e-02 -9.933552256369115180e-04 1.094210475910337155e-04
7.442150978313051557e-02 -5.484387059677442444e-02 -9.933552256369115180e-04 1.094210475910337155e-04
7.442150978313051557e-02 -5.484387059677442444e-02 -9.933552256369115180e-04 1.094210475910337155e-04
-3.317348240925626496e-02 6.020382253621774093e-02 -5.319040946092281480e-04 -4.910041035701329017e-05
-3.317348240925626496e-02 6.020382253621774093e-02 -5.319040946092281480e-04 -4.910041035701329017e-05
-3.317348240925626496e-02 6.020382253621774093e-02 -5.319040946092281480e-04 -4.910041035701329017e-05
-1.485152593190304168e-02 -4.289830842152871082e-02 1.070141209257258154e-03 6.610481870137594222e-05
3.720927027835558426e-02 -2.420530196506483905e-02 -1.041243218246924729e-04 6.794602893672212142e-05
1.854846220743952556e-02 -1.066813869506100416e-02 1.326027444715447432e-03 -2.962429501820940580e-05
6.441438854680765248e-03 1.649659783476574437e-02 2.591258777436920434e-04 1.198263225441723750e-04
-1.066828552855652798e-02 2.244251736224776861e-02 5.294422893184903660e-05 3.481404217000985712e-06
-1.066828552855652798e-02 2.244251736224776861e-02 5.294422893184903660e-05 3.481404217000985712e-06
-1.066828552855652798e-02 2.244251736224776861e-02 5.294422893184903660e-05 3.481404217000985712e-06
-1.066828552855652798e-02 2.244251736224776861e-02 5.294422893184903660e-05 3.481404217000985712e-06
-1.066828552855652798e-02 2.244251736224776861e-02 5.294422893184903660e-05 3.481404217000985712e-06
-1.066828552855652798e-02 2.244251736224776861e-02 5.294422893184903660e-05 3.481404217000985712e-06
1.363506677318675891e-02 5.440270297563436219e-03 1.042296734427328479e-04 -2.241534520182392111e-05
1.363506677318675891e-02 5.440270297563436219e-03 1.042296734427328479e-04 -2.241534520182392111e-05
3.771344841878410126e-03 1.401342032478673783e-02 -2.777411077755636160e-04 2.729182239811026451e-05
3.771344841878410126e-03 1.401342032478673783e-02 -2.777411077755636160e-04 2.729182239811026451e-05
-3.960631128418292540e-03 1.805404886093342487e-02 -4.843542171081141926e-05 -2.526202547957389141e-06
-5.501098909277022872e-04 2.383276938589147520e-04 -2.265352172693799898e-04 1.376191872993848114e-05
5.584165642540220124e-03 8.149450489424375083e-03 -6.208335198382090967e-05 -8.593808031915157062e-06
5.584165642540220124e-03 8.149450489424375083e-03 -6.208335198382090967e-05 -8.593808031915157062e-06
5.584165642540220124e-03 8.149450489424375083e-03 -6.208335198382090967e-05 -8.593808031915157062e-06
-2.497545793607387158e-03 1.196792126127479983e-02 -9.488444337260843831e-05 -4.813432482523524205e-06
-2.784568784519294432e-03 6.131184845695517548e-03 -8.981317122594203724e-05 -1.484107239542733914e-05
3.834147291087683894e-03 2.622173301220281569e-03 2.062817685944320759e-05 -2.176602394427328596e-06
2.419698489738017141e-04 3.728005084131329021e-03 -1.415367073500560188e-04 3.077844951932571943e-06
2.419698489738017141e-04 3.728005084131329021e-03 -1.415367073500560188e-04 3.077844951932571943e-06
-1.492870834928989535e-03 8.180850589506858186e-03 -8.422751295293929848e-05 -4.491141140278215409e-06
1.144377308980123846e-03 4.293702107689867375e-03 -6.335466633455817198e-05 5.048485721345231367e-06
1.498216703353889151e-03 3.973125928264714321e-03 -3.627085095203830902e-05 -9.758486748649068255e-07
1.498216703353889151e-03 3.973125928264714321e-03 -3.627085095203830902e-05 -9.758486748649068255e-07
-3.912104112587529809e-04 7.030253570426072025e-03 8.383176526807214167e-06 -3.804780533750481761e-06
-3.912104112587529809e-04 7.030253570426072025e-03 8.383176526807214167e-06 -3.804780533750481761e-06
-3.117257440246655009e-04 4.889903894375429751e-03 -5.551010618421234463e-05 -2.394822069247873221e-07
-3.117257440246655009e-04 4.889903894375429751e-03 -5.551010618421234463e-05 -2.394822069247873221e-07
-7.034452422848046574e-04 5.848420513864666971e-03 -4.366347620228990667e-06 -2.761890538675756066e-06
3.201507516636160639e-04 4.672761778818923517e-03 -1.667977814188460072e-05 -6.943501509950319257e-07
3.201507516636160639e-04 4.672761778818923517e-03 -1.667977814188460072e-05 -6.943501509950319257e-07
3.201507516636160639e-04 4.672761778818923517e-03 -1.667977814188460072e-05 -6.943501509950319257e-07
-2.012709336340313894e-04 6.350755777892308322e-03 1.741807232764428230e-05 -1.079271332074542886e-06
-2.012709336340313894e-04 6.350755777892308322e-03 1.741807232764428230e-05 -1.079271332074542886e-06
-2.012709336340313894e-04 6.350755777892308322e-03 1.741807232764428230e-05 -1.079271332074542886e-06
-1.224669402382243309e-04 5.887287614199152204e-03 -9.938196217692337760e-06 -1.006493590933638950e-06
-1.224669402382243309e-04 5.887287614199152204e-03 -9.938196217692337760e-06 -1.006493590933638950e-06
1.101496902107769384e-04 5.294909641578195506e-03 -1.170690712210914770e-05 -4.944643952015608105e-07
1.101496902107769384e-04 5.294909641578195506e-03 -1.170690712210914770e-05 -4.944643952015608105e-07
-9.478756505019578693e-05 6.003155851450361208e-03 2.967318040077480388e-06 -6.865575745838788315e-07
6.817913173615824940e-05 5.698160845386544479e-03 -9.302154877130644841e-06 -1.161098854592043591e-07
6.817913173615824940e-05 5.698160845386544479e-03 -9.302154877130644841e-06 -1.161098854592043591e-07
-4.705314911187379338e-05 5.705913759395551607e-03 -9.905886130750524317e-06 -1.092078251159314487e-07
-4.705314911187379338e-05 5.705913759395551607e-03 -9.905886130750524317e-06 -1.092078251159314487e-07
-4.533530113125761008e-05 5.885210619990540772e-03 -1.591251884127835340e-06 -2.981507703525803696e-07
3.197215623997569432e-05 5.683354362464865250e-03 -5.518265355597238661e-06 1.448129440122751979e-07
3.197215623997569432e-05 5.683354362464865250e-03 -5.518265355597238661e-06 1.448129440122751979e-07
2.043759232557475569e-05 5.752387719858912361e-03 -7.152092935598553279e-06 -8.296890543980812616e-08
2.619062566058059357e-05 5.930552409498688823e-03 1.278720740193584711e-06 2.267143411316933679e-08
-2.024161303158044270e-05 5.882427956713707357e-03 -3.119221482286381341e-06 4.912562678926541857e-09
-1.537280541630998163e-05 5.848695616062292435e-03 -2.609483321224991136e-06 -1.378968807557198263e-07
-1.537280541630998163e-05 5.848695616062292435e-03 -2.609483321224991136e-06 -1.378968807557198263e-07
5.732665005518245442e-06 5.836863043789034325e-03 -4.167641118696616831e-06 -8.545529305460596152e-08
1.184845531724977027e-05 5.800113390472930869e-03 -3.090222871324936376e-06 4.731385297515941430e-08
1.084115056464999476e-05 5.886288705629089818e-03 -9.839607290948231962e-07 -1.005500271294530933e-08
1.084115056464999476e-05 5.886288705629089818e-03 -9.839607290948231962e-07 -1.005500271294530933e-08
