-1.712268441774953409e-01 -5.981135561348078777e-01 5.211274053618342172e-01 9.322285011739346317e-01
-1.776478508341514662e-01 -6.205428144898630372e-01 5.406696830629029726e-01 8.390056510565411241e-01
-1.776478508341514662e-01 -6.205428144898630372e-01 5.406696830629029726e-01 8.390056510565411241e-01
-1.776478508341514662e-01 -6.205428144898630372e-01 5.406696830629029726e-01 8.390056510565411241e-01
-1.804570412464385765e-01 -6.864287609078381092e-01 5.247915824307844979e-01 7.749149416008327407e-01
-1.873796890481459476e-01 -6.704245505190746801e-01 5.275397152324972083e-01 6.569297719210069886e-01
-1.873796890481459476e-01 -6.704245505190746801e-01 5.275397152324972083e-01 6.569297719210069886e-01
-2.039965519779689540e-01 -7.206421413283421451e-01 5.640160890404164462e-01 4.892378872371798693e-01
-2.077055611941918123e-01 -8.293605239897852144e-01 5.456983844049254628e-01 2.735234894313554044e-01
-2.225235703304325741e-01 -8.047874534652952327e-01 5.931346871497682471e-01 2.566131921566405794e-02
-2.225235703304325741e-01 -8.047874534652952327e-01 5.931346871497682471e-01 2.566131921566405794e-02
-2.225235703304325741e-01 -8.047874534652952327e-01 5.931346871497682471e-01 2.566131921566405794e-02
-2.225235703304325741e-01 -8.047874534652952327e-01 5.931346871497682471e-01 2.566131921566405794e-02
-2.225235703304325741e-01 -8.047874534652952327e-01 5.931346871497682471e-01 2.566131921566405794e-02
-2.225235703304325741e-01 -8.047874534652952327e-01 5.931346871497682471e-01 2.566131921566405794e-02
-2.225235703304325741e-01 -8.047874534652952327e-01 5.931346871497682471e-01 2.566131921566405794e-02
-2.225235703304325741e-01 -8.047874534652952327e-01 5.931346871497682471e-01 2.566131921566405794e-02
-2.225235703304325741e-01 -8.047874534652952327e-01 5.931346871497682471e-01 2.566131921566405794e-02
-2.225235703304325741e-01 -8.047874534652952327e-01 5.931346871497682471e-01 2.566131921566405794e-02
-2.287644736022426406e-01 -8.468108272785088708e-01 5.758945340367708221e-01 -1.767504456414200481e-02
-2.287644736022426406e-01 -8.468108272785088708e-01 5.758945340367708221e-01 -1.767504456414200481e-02
-2.301463506377744439e-01 -8.306248566956273560e-01 5.728291230333150130e-01 1.527276405727328451e-02
-2.301463506377744439e-01 -8.306248566956273560e-01 5.728291230333150130e-01 1.527276405727328451e-02
-2.285366836548008984e-01 -8.407632261997434187e-01 5.804548144628866035e-01 -6.768238519857848814e-03
-2.285366836548008984e-01 -8.407632261997434187e-01 5.804548144628866035e-01 -6.768238519857848814e-03
-2.288734684260421148e-01 -8.441277710544206059e-01 5.755822483930530531e-01 -7.253226557143771860e-03
-2.278410847449353072e-01 -8.405455774815325798e-01 5.766522161286609105e-01 6.252036361154322472e-03
-2.296385424048719703e-01 -8.380217643481658873e-01 5.741187260090878652e-01 5.328302153282676520e-03
-2.296385424048719703e-01 -8.380217643481658873e-01 5.741187260090878652e-01 5.328302153282676520e-03
-2.296385424048719703e-01 -8.380217643481658873e-01 5.741187260090878652e-01 5.328302153282676520e-03
-2.296385424048719703e-01 -8.380217643481658873e-01 5.741187260090878652e-01 5.328302153282676520e-03
-2.296385424048719703e-01 -8.380217643481658873e-01 5.741187260090878652e-01 5.328302153282676520e-03
-2.300142576944463335e-01 -8.476213510450646416e-01 5.720431803244880875e-01 -1.812131000472487746e-03
-2.300142576944463335e-01 -8.476213510450646416e-01 5.720431803244880875e-01 -1.812131000472487746e-03
-2.339379890407194962e-01 -8.488289429948985276e-01 5.632176842465859146e-01 4.201943230703785587e-03
-2.339379890407194962e-01 -8.488289429948985276e-01 5.632176842465859146e-01 4.201943230703785587e-03
-2.339379890407194962e-01 -8.488289429948985276e-01 5.632176842465859146e-01 4.201943230703785587e-03
-2.339379890407194962e-01 -8.488289429948985276e-01 5.632176842465859146e-01 4.201943230703785587e-03
-2.339379890407194962e-01 -8.488289429948985276e-01 5.632176842465859146e-01 4.201943230703785587e-03
-2.386115783956236358e-01 -8.529214436795367060e-01 5.511281479336092026e-01 7.351009222633098951e-03
-2.386115783956236358e-01 -8.529214436795367060e-01 5.511281479336092026e-01 7.351009222633098951e-03
-2.448318892686517367e-01 -8.675880684030552459e-01 5.374566935446467575e-01 2.964827890335055421e-03
-2.448318892686517367e-01 -8.675880684030552459e-01 5.374566935446467575e-01 2.964827890335055421e-03
-2.448318892686517367e-01 -8.675880684030552459e-01 5.374566935446467575e-01 2.964827890335055421e-03
-2.448318892686517367e-01 -8.675880684030552459e-01 5.374566935446467575e-01 2.964827890335055421e-03
-2.552564030991774646e-01 -8.771239811166702260e-01 5.151339289276173350e-01 -5.940766331320734839e-05
-2.644814580776362334e-01 -9.035924010027058806e-01 4.905433192702275402e-01 -1.447159099144888425e-03
-2.644814580776362334e-01 -9.035924010027058806e-01 4.905433192702275402e-01 -1.447159099144888425e-03
-2.644814580776362334e-01 -9.035924010027058806e-01 4.905433192702275402e-01 -1.447159099144888425e-03
-2.644814580776362334e-01 -9.035924010027058806e-01 4.905433192702275402e-01 -1.447159099144888425e-03
-2.979589726957748708e-01 -9.420654975109972185e-01 4.178346901168863425e-01 -5.669266511341419790e-03
-2.979589726957748708e-01 -9.420654975109972185e-01 4.178346901168863425e-01 -5.669266511341419790e-03
-2.979589726957748708e-01 -9.420654975109972185e-01 4.178346901168863425e-01 -5.669266511341419790e-03
-3.273483620476491662e-01 -1.002737403754394796e+00 3.435844808851806764e-01 -6.379966128658272340e-03
-3.273483620476491662e-01 -1.002737403754394796e+00 3.435844808851806764e-01 -6.379966128658272340e-03
-3.459963733381332673e-01 -1.011787574906386045e+00 3.011398142542713874e-01 1.198356515709731937e-02
-4.037571801588386577e-01 -1.100370121187037586e+00 1.688224150498556231e-01 -5.613805791369034029e-03
-4.695413220736002202e-01 -1.215316660505870505e+00 9.157501458084249535e-03 6.224649423295508521e-04
-4.695413220736002202e-01 -1.215316660505870505e+00 9.157501458084249535e-03 6.224649423295508521e-04
-4.695413220736002202e-01 -1.215316660505870505e+00 9.157501458084249535e-03 6.224649423295508521e-04
-4.695413220736002202e-01 -1.215316660505870505e+00 9.157501458084249535e-03 6.224649423295508521e-04
-4.695413220736002202e-01 -1.215316660505870505e+00 9.157501458084249535e-03 6.224649423295508521e-04
-4.695413220736002202e-01 -1.215316660505870505e+00 9.157501458084249535e-03 6.224649423295508521e-04
-4.695413220736002202e-01 -1.215316660505870505e+00 9.157501458084249535e-03 6.224649423295508521e-04
-4.695413220736002202e-01 -1.215316660505870505e+00 9.157501458084249535e-03 6.224649423295508521e-04
-4.695413220736002202e-01 -1.215316660505870505e+00 9.157501458084249535e-03 6.224649423295508521e-04
-4.695413220736002202e-01 -1.215316660505870505e+00 9.157501458084249535e-03 6.224649423295508521e-04
-4.695413220736002202e-01 -1.215316660505870505e+00 9.157501458084249535e-03 6.224649423295508521e-04
-4.695413220736002202e-01 -1.215316660505870505e+00 9.157501458084249535e-03 6.224649423295508521e-04
-4.695413220736002202e-01 -1.215316660505870505e+00 9.157501458084249535e-03 6.224649423295508521e-04
-4.695413220736002202e-01 -1.215316660505870505e+00 9.157501458084249535e-03 6.224649423295508521e-04
-4.695413220736002202e-01 -1.215316660505870505e+00 9.157501458084249535e-03 6.224649423295508521e-04
-4.695413220736002202e-01 -1.215316660505870505e+00 9.157501458084249535e-03 6.224649423295508521e-04
-4.696849956516025992e-01 -1.216795413326619446e+00 7.534760624885387947e-03 -4.216168076263505449e-04
-4.696849956516025992e-01 -1.216795413326619446e+00 7.534760624885387947e-03 -4.216168076263505449e-04
-4.757267081084383120e-01 -1.225893832257916038e+00 -6.223143262730889552e-03 -9.645535875104499501e-05
-4.757267081084383120e-01 -1.225893832257916038e+00 -6.223143262730889552e-03 -9.645535875104499501e-05
-4.739192317839994173e-01 -1.222030359518954334e+00 -1.947896803676334859e-03 1.781310923786856397e-04
-4.739192317839994173e-01 -1.222030359518954334e+00 -1.947896803676334859e-03 1.781310923786856397e-04
-4.712852929531563539e-01 -1.218731847164628679e+00 4.161085245806861108e-03 -2.371574499645345922e-04
-4.719232544620322045e-01 -1.219009171844500639e+00 3.187661833912913169e-03 -2.430630406480767966e-04
-4.738847798564072011e-01 -1.222650771491644139e+00 -1.779320820135907571e-03 -6.019092925919406660e-05
-4.736078960366901791e-01 -1.221978574070695212e+00 -1.270504560931104508e-03 -2.390468223921965256e-04
-4.732972688055354649e-01 -1.221311475330910667e+00 -4.365831895065721549e-04 -8.366734093657424392e-06
-4.732972688055354649e-01 -1.221311475330910667e+00 -4.365831895065721549e-04 -8.366734093657424392e-06
-4.725893448648028627e-01 -1.220245272618223131e+00 1.413429755737364299e-03 -1.834086017648453950e-04
-4.725893448648028627e-01 -1.220245272618223131e+00 1.413429755737364299e-03 -1.834086017648453950e-04
-4.731256211300081671e-01 -1.221181291146376413e+00 -6.452925053870308368e-05 -1.921396497613925020e-04
-4.731256211300081671e-01 -1.221181291146376413e+00 -6.452925053870308368e-05 -1.921396497613925020e-04
-4.731076030653028064e-01 -1.221006091294788654e+00 4.176683909278775799e-05 -8.952176565663399967e-05
-4.731076030653028064e-01 -1.221006091294788654e+00 4.176683909278775799e-05 -8.952176565663399967e-05
-4.731076030653028064e-01 -1.221006091294788654e+00 4.176683909278775799e-05 -8.952176565663399967e-05
-4.731076030653028064e-01 -1.221006091294788654e+00 4.176683909278775799e-05 -8.952176565663399967e-05
-4.728576036595483756e-01 -1.220423822898309751e+00 7.538103870290000430e-04 -8.433822719679137355e-05
-4.728576036595483756e-01 -1.220423822898309751e+00 7.538103870290000430e-04 -8.433822719679137355e-05
-4.728576036595483756e-01 -1.220423822898309751e+00 7.538103870290000430e-04 -8.433822719679137355e-05
-4.728576036595483756e-01 -1.220423822898309751e+00 7.538103870290000430e-04 -8.433822719679137355e-05
-4.728576036595483756e-01 -1.220423822898309751e+00 7.538103870290000430e-04 -8.433822719679137355e-05
-4.728576036595483756e-01 -1.220423822898309751e+00 7.538103870290000430e-04 -8.433822719679137355e-05
-4.728576036595483756e-01 -1.220423822898309751e+00 7.538103870290000430e-04 -8.433822719679137355e-05
-4.728576036595483756e-01 -1.220423822898309751e+00 7.538103870290000430e-04 -8.433822719679137355e-05
-4.728576036595483756e-01 -1.220423822898309751e+00 7.538103870290000430e-04 -8.433822719679137355e-05
-4.728534846874260511e-01 -1.220290379121745428e+00 7.765271146591792330e-04 -7.036125127795399650e-05
-4.728534846874260511e-01 -1.220290379121745428e+00 7.765271146591792330e-04 -7.036125127795399650e-05
-4.730035307368335440e-01 -1.220527193130109822e+00 4.503484294176756178e-04 -1.053458694885332173e-04
-4.730035307368335440e-01 -1.220527193130109822e+00 4.503484294176756178e-04 -1.053458694885332173e-04
-4.730827629374981802e-01 -1.220421522284435678e+00 2.908752355670308435e-04 -6.865252913672081425e-05
-4.730591678481353979e-01 -1.220066630613599656e+00 5.087916624103194958e-04 -5.059704980386962305e-05
-4.730591678481353979e-01 -1.220066630613599656e+00 5.087916624103194958e-04 -5.059704980386962305e-05
-4.734422159831941368e-01 -1.220428594547785739e+00 -3.226939130537016375e-04 -9.775365699491651611e-05
-4.733152687917109303e-01 -1.220096409439578977e+00 -1.662938981025969317e-05 -4.984213063187475793e-05
-4.734870528084800245e-01 -1.219848524652019428e+00 -1.618003807559056755e-04 -8.136914302853579212e-05
-4.734870528084800245e-01 -1.219848524652019428e+00 -1.618003807559056755e-04 -8.136914302853579212e-05
-4.734870528084800245e-01 -1.219848524652019428e+00 -1.618003807559056755e-04 -8.136914302853579212e-05
-4.734870528084800245e-01 -1.219848524652019428e+00 -1.618003807559056755e-04 -8.136914302853579212e-05
-4.740032562095840563e-01 -1.219565714089559272e+00 -9.520064078555248851e-04 -7.489174660770843558e-05
-4.735267013701269789e-01 -1.219347563565077230e+00 -1.563541659119985910e-05 -3.154545781452955595e-05
-4.738329286431235410e-01 -1.218932974714692641e+00 -4.009477338686654032e-04 -7.398895151980371490e-05
-4.738329286431235410e-01 -1.218932974714692641e+00 -4.009477338686654032e-04 -7.398895151980371490e-05
-4.738329286431235410e-01 -1.218932974714692641e+00 -4.009477338686654032e-04 -7.398895151980371490e-05
-4.733616359626198200e-01 -1.218126938478845123e+00 8.295527479751144649e-04 -4.433415649269362678e-05
-4.741909465859035500e-01 -1.217647770713134570e+00 -4.092981111287998441e-04 -1.406182580876744832e-04
-4.741144560231143057e-01 -1.216431585925880299e+00 1.572732427836756337e-04 -4.435668805905288283e-05
-4.741144560231143057e-01 -1.216431585925880299e+00 1.572732427836756337e-04 -4.435668805905288283e-05
-4.738502389059313646e-01 -1.213912709680515789e+00 1.816513699618226918e-03 -9.499644587597153023e-05
-4.751592764744225761e-01 -1.212364110553463270e+00 9.573344966300190162e-05 -1.923027529676501340e-04
-4.751592764744225761e-01 -1.212364110553463270e+00 9.573344966300190162e-05 -1.923027529676501340e-04
-4.756286538186653701e-01 -1.207459263723394738e+00 1.375327326409742524e-03 -1.138320483383910330e-04
-4.756286538186653701e-01 -1.207459263723394738e+00 1.375327326409742524e-03 -1.138320483383910330e-04
-4.775357232931467522e-01 -1.201007143127490906e+00 6.458235162896731364e-04 -2.383701983626834936e-04
-4.775357232931467522e-01 -1.201007143127490906e+00 6.458235162896731364e-04 -2.383701983626834936e-04
-4.792410101361470609e-01 -1.187651092827064048e+00 3.447111113916465769e-03 -2.458697251920365350e-04
-4.818820808262525013e-01 -1.185249091947513378e+00 -3.825986053987515817e-04 -2.855631564921103571e-04
-4.859390178888667311e-01 -1.166668238655558021e+00 3.530368049825347715e-04 -5.716532953155297175e-04
-4.882424678828756193e-01 -1.152348287782761993e+00 2.191691117818495797e-03 -4.141853963025993179e-04
-4.964069859643129856e-01 -1.116923247154691268e+00 2.915283290909711535e-03 -6.612132832513398228e-04
-4.964069859643129856e-01 -1.116923247154691268e+00 2.915283290909711535e-03 -6.612132832513398228e-04
-5.019092881142785956e-01 -1.094192464820591404e+00 2.658401807373887704e-03 -8.981817511870005813e-04
-5.157867203021220259e-01 -1.031469027464816168e+00 4.436654944791149774e-03 -8.772071127912100391e-04
-5.157867203021220259e-01 -1.031469027464816168e+00 4.436654944791149774e-03 -8.772071127912100391e-04
-5.157867203021220259e-01 -1.031469027464816168e+00 4.436654944791149774e-03 -8.772071127912100391e-04
-5.157867203021220259e-01 -1.031469027464816168e+00 4.436654944791149774e-03 -8.772071127912100391e-04
-5.392169371202211181e-01 -9.274752916359592092e-01 6.965415392274947742e-03 -1.336936226673125089e-03
-5.396486820447243815e-01 -9.408266126507345284e-01 1.534513717072576167e-04 -1.385295174058211783e-03
-5.592138715039944863e-01 -8.399170658519361510e-01 7.966955690115764405e-03 -1.382407475129948833e-03
-5.545011471251948265e-01 -8.689783425863781829e-01 3.924878299265414233e-03 -1.039057064552990038e-03
-5.545011471251948265e-01 -8.689783425863781829e-01 3.924878299265414233e-03 -1.039057064552990038e-03
-5.969666002112021808e-01 -7.001881542181340734e-01 -1.095345189815660758e-03 -1.452177975021558959e-03
-5.969666002112021808e-01 -7.001881542181340734e-01 -1.095345189815660758e-03 -1.452177975021558959e-03
-6.350087114452258596e-01 -5.465979499175279699e-01 -4.175884416210726841e-03 -1.423726856484460769e-03
-6.333080919010343202e-01 -5.542740645909045583e-01 -5.312798785836235146e-03 -5.960745912139018762e-04
-6.333080919010343202e-01 -5.542740645909045583e-01 -5.312798785836235146e-03 -5.960745912139018762e-04
-6.333080919010343202e-01 -5.542740645909045583e-01 -5.312798785836235146e-03 -5.960745912139018762e-04
-6.333080919010343202e-01 -5.542740645909045583e-01 -5.312798785836235146e-03 -5.960745912139018762e-04
-6.333080919010343202e-01 -5.542740645909045583e-01 -5.312798785836235146e-03 -5.960745912139018762e-04
-7.094632149144628475e-01 -2.358966798013018007e-01 -7.615818474016471801e-03 -4.890381094815219546e-04
-6.775347568319074476e-01 -3.714053696093728707e-01 -7.608628942455924159e-03 -6.275016649478657935e-05
-6.775347568319074476e-01 -3.714053696093728707e-01 -7.608628942455924159e-03 -6.275016649478657935e-05
-6.775347568319074476e-01 -3.714053696093728707e-01 -7.608628942455924159e-03 -6.275016649478657935e-05
-7.064573549561570243e-01 -2.406767838898276057e-01 -4.654752268930369141e-03 3.153793882284902802e-04
-7.064573549561570243e-01 -2.406767838898276057e-01 -4.654752268930369141e-03 3.153793882284902802e-04
-7.064573549561570243e-01 -2.406767838898276057e-01 -4.654752268930369141e-03 3.153793882284902802e-04
-7.064573549561570243e-01 -2.406767838898276057e-01 -4.654752268930369141e-03 3.153793882284902802e-04
-7.064573549561570243e-01 -2.406767838898276057e-01 -4.654752268930369141e-03 3.153793882284902802e-04
-6.905278261717999744e-01 -2.960814707455109440e-01 1.377322723952112936e-03 -2.898598578318035881e-04
-6.905278261717999744e-01 -2.960814707455109440e-01 1.377322723952112936e-03 -2.898598578318035881e-04
-6.916206709452441537e-01 -2.851975061732464622e-01 3.849763382239934119e-03 3.820950697539058239e-07
-6.916206709452441537e-01 -2.851975061732464622e-01 3.849763382239934119e-03 3.820950697539058239e-07
-7.068615011093084544e-01 -2.318505699722412383e-01 -1.338319894487246132e-03 1.586487557163901311e-04
-7.068615011093084544e-01 -2.318505699722412383e-01 -1.338319894487246132e-03 1.586487557163901311e-04
-7.065725406080483051e-01 -2.255224772576913672e-01 2.120618310470426607e-03 1.399172117249951298e-04
-6.981196939097424892e-01 -2.635019792500933322e-01 1.350825746446819662e-03 -1.054899212806824311e-04
-6.981196939097424892e-01 -2.635019792500933322e-01 1.350825746446819662e-03 -1.054899212806824311e-04
-6.981196939097424892e-01 -2.635019792500933322e-01 1.350825746446819662e-03 -1.054899212806824311e-04
-7.033572565413473976e-01 -2.434123437068158868e-01 2.141428561116661073e-04 9.617947242293501569e-05
-7.033572565413473976e-01 -2.434123437068158868e-01 2.141428561116661073e-04 9.617947242293501569e-05
-7.028801611658517245e-01 -2.438115510943584252e-01 1.036859717752121410e-03 -8.337059801631807501e-05
-7.028801611658517245e-01 -2.438115510943584252e-01 1.036859717752121410e-03 -8.337059801631807501e-05
-7.028801611658517245e-01 -2.438115510943584252e-01 1.036859717752121410e-03 -8.337059801631807501e-05
-7.028801611658517245e-01 -2.438115510943584252e-01 1.036859717752121410e-03 -8.337059801631807501e-05
-6.990035192172270317e-01 -2.609489176419377832e-01 6.893308770531216857e-04 2.723749955396606148e-06
-7.019199467952038640e-01 -2.481040923056892222e-01 8.335983320320864602e-04 5.976733720259917542e-05
-7.012779899634308256e-01 -2.498918959294136877e-01 1.318326216311363442e-03 3.897815888021796075e-06
-7.023138304133877963e-01 -2.470507289748328228e-01 5.918358209494197462e-04 4.596702434017994567e-05
-7.020044913815820520e-01 -2.476552299036633986e-01 9.475662646693096356e-04 -2.764080808488434624e-05
-7.020044913815820520e-01 -2.476552299036633986e-01 9.475662646693096356e-04 -2.764080808488434624e-05
-7.020044913815820520e-01 -2.476552299036633986e-01 9.475662646693096356e-04 -2.764080808488434624e-05
-7.016512444219130673e-01 -2.504801527165939068e-01 3.535686867933561951e-04 -1.035427121639082852e-05
-7.013507847920390503e-01 -2.507065073273324618e-01 8.365347314324281854e-04 -1.897711888088043892e-05
-7.018378917721124211e-01 -2.489508760071362237e-01 6.638867793080757869e-04 1.731333691556275522e-05
-7.029809142560092816e-01 -2.443341807671942090e-01 5.946969633297517158e-04 -3.144022677923430451e-05
-7.029809142560092816e-01 -2.443341807671942090e-01 5.946969633297517158e-04 -3.144022677923430451e-05
-7.029809142560092816e-01 -2.443341807671942090e-01 5.946969633297517158e-04 -3.144022677923430451e-05
-7.029706944327882567e-01 -2.446323579945242077e-01 4.507705441506818390e-04 -3.573531985215056635e-06
-7.029706944327882567e-01 -2.446323579945242077e-01 4.507705441506818390e-04 -3.573531985215056635e-06
-7.031918850793646980e-01 -2.431806346338749314e-01 6.900755759533046436e-04 -1.520742750571513934e-05
-7.032417286243535237e-01 -2.434007775897115144e-01 4.960679597495265894e-04 -9.053545159284071800e-06
-7.032417286243535237e-01 -2.434007775897115144e-01 4.960679597495265894e-04 -9.053545159284071800e-06
-7.032417286243535237e-01 -2.434007775897115144e-01 4.960679597495265894e-04 -9.053545159284071800e-06
-7.032417286243535237e-01 -2.434007775897115144e-01 4.960679597495265894e-04 -9.053545159284071800e-06
-7.032417286243535237e-01 -2.434007775897115144e-01 4.960679597495265894e-04 -9.053545159284071800e-06
-7.032133295577353005e-01 -2.431873053208477575e-01 6.412518720069928894e-04 -6.459733062759221079e-06
-7.032133295577353005e-01 -2.431873053208477575e-01 6.412518720069928894e-04 -6.459733062759221079e-06
-7.032133295577353005e-01 -2.431873053208477575e-01 6.412518720069928894e-04 -6.459733062759221079e-06
-7.031939301195935244e-01 -2.432942338812364991e-01 6.334672343855773241e-04 -1.146437956647026388e-05
-7.031939301195935244e-01 -2.432942338812364991e-01 6.334672343855773241e-04 -1.146437956647026388e-05
-7.032279954364322183e-01 -2.431998488064010255e-01 6.064437671491762364e-04 -6.718544220109878837e-06
-7.031436092964085116e-01 -2.434083720734947776e-01 6.745693153974377390e-04 -8.263370060319957984e-06
-7.031015227942021273e-01 -2.437057806734899690e-01 6.244634220278783704e-04 -9.656334582797963974e-06
-7.031201992655827793e-01 -2.436168123964633780e-01 6.282199974730418371e-04 -1.159158115208981126e-05
-7.031027332767192384e-01 -2.436711730936880760e-01 6.333810166381896589e-04 -6.650535441188542996e-06
-7.031027332767192384e-01 -2.436711730936880760e-01 6.333810166381896589e-04 -6.650535441188542996e-06
-7.031027332767192384e-01 -2.436711730936880760e-01 6.333810166381896589e-04 -6.650535441188542996e-06
-7.031027332767192384e-01 -2.436711730936880760e-01 6.333810166381896589e-04 -6.650535441188542996e-06
-7.031027332767192384e-01 -2.436711730936880760e-01 6.333810166381896589e-04 -6.650535441188542996e-06
-7.031596787751897004e-01 -2.435046859348775072e-01 5.979482575038548835e-04 -6.707627776077224751e-06
-7.031060995949703907e-01 -2.436597537565037275e-01 6.305951133537656805e-04 -7.478221288843489773e-06
-7.031060995949703907e-01 -2.436597537565037275e-01 6.305951133537656805e-04 -7.478221288843489773e-06
-7.031060995949703907e-01 -2.436597537565037275e-01 6.305951133537656805e-04 -7.478221288843489773e-06
-7.031694624051585407e-01 -2.434376087120332932e-01 6.067068350788982177e-04 -6.270343501566150957e-06
-7.031694624051585407e-01 -2.434376087120332932e-01 6.067068350788982177e-04 -6.270343501566150957e-06
-7.030931855826745291e-01 -2.436723429821069375e-01 6.435064049253556850e-04 -4.488878195672217327e-06
-7.031133953918593527e-01 -2.436492459975790337e-01 6.178659650987242385e-04 -8.564223709472561821e-06
-7.031750585428218070e-01 -2.434394766405512112e-01 5.865228834023542177e-04 -3.663423809154307185e-06
-7.031327259139037444e-01 -2.434767767231517666e-01 6.498750162919277214e-04 -6.234065693744027088e-06
-7.030468492631278821e-01 -2.438031643334751530e-01 6.599140321309751242e-04 -4.672256552900033575e-06
-7.031646506684352538e-01 -2.434318118068539150e-01 5.986206128422747689e-04 -8.372720932608763869e-06
-7.031626725074979767e-01 -2.433149301328659808e-01 6.354674783032002346e-04 -7.840282236022726387e-08
-7.030300566790801398e-01 -2.436410589661577308e-01 7.348620878715747887e-04 -7.191236882901175747e-06
-7.030377200107986724e-01 -2.436896704832111071e-01 6.718981257771636240e-04 -2.767831505589596165e-06
-7.030377200107986724e-01 -2.436896704832111071e-01 6.718981257771636240e-04 -2.767831505589596165e-06
-7.029565610634955775e-01 -2.435472995937701945e-01 8.298121334790031084e-04 5.817708817956893455e-06
-7.028059338023684433e-01 -2.439553400374242509e-01 9.018768939390046577e-04 -6.348843672302339217e-06
-7.029030733016705668e-01 -2.435387931742906131e-01 8.283487793528275175e-04 8.508619356728685146e-06
-7.029030733016705668e-01 -2.435387931742906131e-01 8.283487793528275175e-04 8.508619356728685146e-06
-7.029030733016705668e-01 -2.435387931742906131e-01 8.283487793528275175e-04 8.508619356728685146e-06
-7.029030733016705668e-01 -2.435387931742906131e-01 8.283487793528275175e-04 8.508619356728685146e-06
-7.029030733016705668e-01 -2.435387931742906131e-01 8.283487793528275175e-04 8.508619356728685146e-06
-7.026533043960885294e-01 -2.440172876154241832e-01 9.147940114573168899e-04 2.466781678165791267e-05
-7.028275558945735746e-01 -2.435834876228238910e-01 7.771342314066777453e-04 1.084241047592332916e-05
-7.028275558945735746e-01 -2.435834876228238910e-01 7.771342314066777453e-04 1.084241047592332916e-05
-7.028275558945735746e-01 -2.435834876228238910e-01 7.771342314066777453e-04 1.084241047592332916e-05
-7.028275558945735746e-01 -2.435834876228238910e-01 7.771342314066777453e-04 1.084241047592332916e-05
-7.029578484040746034e-01 -2.425415974095008753e-01 6.889908340295446479e-04 3.271902568736728212e-05
-7.029578484040746034e-01 -2.425415974095008753e-01 6.889908340295446479e-04 3.271902568736728212e-05
-7.029778494421914381e-01 -2.427059111502515298e-01 4.710353667546117798e-04 2.401891272248161859e-05
-7.029778494421914381e-01 -2.427059111502515298e-01 4.710353667546117798e-04 2.401891272248161859e-05
-7.030221367430118384e-01 -2.413089258744066656e-01 4.736620604848017571e-04 4.313085075136619396e-05
-7.030221367430118384e-01 -2.413089258744066656e-01 4.736620604848017571e-04 4.313085075136619396e-05
-7.030221367430118384e-01 -2.413089258744066656e-01 4.736620604848017571e-04 4.313085075136619396e-05
-7.030221367430118384e-01 -2.413089258744066656e-01 4.736620604848017571e-04 4.313085075136619396e-05
-7.025900844791377331e-01 -2.423973998244969286e-01 5.602504183715663246e-04 4.357406129019958645e-05
-7.031863939696920696e-01 -2.387270885212207094e-01 -3.207589347446911359e-05 6.993091785528082359e-05
-7.024599280034231619e-01 -2.415364189161668396e-01 7.873139039325091279e-04 2.853186824019817726e-05
-7.024599280034231619e-01 -2.415364189161668396e-01 7.873139039325091279e-04 2.853186824019817726e-05
-7.018962291124513087e-01 -2.399567518388374676e-01 6.025606121611332307e-04 7.545968796471402948e-05
-7.018962291124513087e-01 -2.399567518388374676e-01 6.025606121611332307e-04 7.545968796471402948e-05
-7.018962291124513087e-01 -2.399567518388374676e-01 6.025606121611332307e-04 7.545968796471402948e-05
-7.013418577323702330e-01 -2.392411806320289269e-01 9.231821722960520307e-04 3.516173364818405778e-05
-7.002853097136618743e-01 -2.359907091298916182e-01 9.525046630597762062e-04 1.302537400322770905e-04
-7.002853097136618743e-01 -2.359907091298916182e-01 9.525046630597762062e-04 1.302537400322770905e-04
-6.991251463344623218e-01 -2.365857804391420238e-01 9.728119745072648893e-04 9.647301131730302067e-05
-6.979676884990726471e-01 -2.303414053605765677e-01 1.033701606498680422e-03 1.216796512863605340e-04
-6.979676884990726471e-01 -2.303414053605765677e-01 1.033701606498680422e-03 1.216796512863605340e-04
-6.934528779743418525e-01 -2.291698241489718013e-01 2.414536661267373003e-03 2.005234652164533367e-04
-6.909470317788075633e-01 -2.224504925200438965e-01 1.879247929599855982e-03 1.958720482866059260e-04
-6.909470317788075633e-01 -2.224504925200438965e-01 1.879247929599855982e-03 1.958720482866059260e-04
-6.838348939824183681e-01 -2.163227697642644554e-01 4.248795580791622784e-03 2.020061981802964094e-04
-6.838348939824183681e-01 -2.163227697642644554e-01 4.248795580791622784e-03 2.020061981802964094e-04
-6.738152327395416918e-01 -1.951767324436781692e-01 4.448800364965387923e-03 3.201671246603951786e-04
-6.738152327395416918e-01 -1.951767324436781692e-01 4.448800364965387923e-03 3.201671246603951786e-04
-6.738152327395416918e-01 -1.951767324436781692e-01 4.448800364965387923e-03 3.201671246603951786e-04
-6.596374014566102062e-01 -1.793713371639337195e-01 7.567023249985822819e-03 2.293747283495772274e-04
-6.596374014566102062e-01 -1.793713371639337195e-01 7.567023249985822819e-03 2.293747283495772274e-04
-6.636955672668594097e-01 -1.768207942712161085e-01 4.562822178201923068e-03 1.915046670204922268e-04
-6.393942575243998228e-01 -1.317658227904998647e-01 7.704879131892276162e-03 3.261444853848409356e-04
-6.393942575243998228e-01 -1.317658227904998647e-01 7.704879131892276162e-03 3.261444853848409356e-04
-6.419421678715291346e-01 -1.276904937232145598e-01 5.803132946585635304e-03 -5.755055187942515089e-06
-6.149522931266275805e-01 -6.850060890450954121e-02 5.560731069562736828e-03 1.050331689728959328e-04
-6.149522931266275805e-01 -6.850060890450954121e-02 5.560731069562736828e-03 1.050331689728959328e-04
-6.054047462117591039e-01 -1.959247008078512930e-02 2.556640341007852812e-03 -5.472919051053312754e-05
-5.689990351258293888e-01 6.130798964935635365e-02 2.330107989458669177e-03 -5.130412775110592674e-04
-5.091958648722962888e-01 1.949061940442139151e-01 3.528831642226729765e-03 -2.297068631078299302e-04
-5.091958648722962888e-01 1.949061940442139151e-01 3.528831642226729765e-03 -2.297068631078299302e-04
-5.091958648722962888e-01 1.949061940442139151e-01 3.528831642226729765e-03 -2.297068631078299302e-04
-5.091958648722962888e-01 1.949061940442139151e-01 3.528831642226729765e-03 -2.297068631078299302e-04
-5.091958648722962888e-01 1.949061940442139151e-01 3.528831642226729765e-03 -2.297068631078299302e-04
-5.091958648722962888e-01 1.949061940442139151e-01 3.528831642226729765e-03 -2.297068631078299302e-04
-5.091958648722962888e-01 1.949061940442139151e-01 3.528831642226729765e-03 -2.297068631078299302e-04
-5.091958648722962888e-01 1.949061940442139151e-01 3.528831642226729765e-03 -2.297068631078299302e-04
-4.635479384985378148e-01 3.002194456221364272e-01 4.277286633194246970e-03 5.546130941885807873e-05
-4.635479384985378148e-01 3.002194456221364272e-01 4.277286633194246970e-03 5.546130941885807873e-05
-4.635479384985378148e-01 3.002194456221364272e-01 4.277286633194246970e-03 5.546130941885807873e-05
-4.643791134512175178e-01 3.095762264372315942e-01 1.431505282043863542e-03 -1.399518264493636722e-04
-4.643791134512175178e-01 3.095762264372315942e-01 1.431505282043863542e-03 -1.399518264493636722e-04
-4.656278618380010892e-01 3.064310447553000305e-01 1.832470687029928713e-03 4.587651689856104198e-05
-4.656278618380010892e-01 3.064310447553000305e-01 1.832470687029928713e-03 4.587651689856104198e-05
-4.656278618380010892e-01 3.064310447553000305e-01 1.832470687029928713e-03 4.587651689856104198e-05
-4.801043953131800546e-01 2.677862970462935865e-01 2.378208342190802748e-03 -2.553134499109649153e-05
-4.801043953131800546e-01 2.677862970462935865e-01 2.378208342190802748e-03 -2.553134499109649153e-05
-4.801043953131800546e-01 2.677862970462935865e-01 2.378208342190802748e-03 -2.553134499109649153e-05
-4.729325230062764174e-01 2.872128445171818756e-01 8.598341555709244910e-04 3.610058140933525078e-05
-4.729325230062764174e-01 2.872128445171818756e-01 8.598341555709244910e-04 3.610058140933525078e-05
-4.729325230062764174e-01 2.872128445171818756e-01 8.598341555709244910e-04 3.610058140933525078e-05
-4.729325230062764174e-01 2.872128445171818756e-01 8.598341555709244910e-04 3.610058140933525078e-05
-4.834158667594007364e-01 2.497453369509373688e-01 2.246246692134060488e-03 4.408175080812134995e-05
-4.834158667594007364e-01 2.497453369509373688e-01 2.246246692134060488e-03 4.408175080812134995e-05
-4.834158667594007364e-01 2.497453369509373688e-01 2.246246692134060488e-03 4.408175080812134995e-05
-4.694461611842158932e-01 2.824245461452693506e-01 1.341817054056170921e-03 1.281211415271408930e-04
-4.899010197264112021e-01 2.292756585101182187e-01 1.328309532482861363e-03 1.221398839648124308e-04
-4.899010197264112021e-01 2.292756585101182187e-01 1.328309532482861363e-03 1.221398839648124308e-04
-4.899010197264112021e-01 2.292756585101182187e-01 1.328309532482861363e-03 1.221398839648124308e-04
-4.687469074984347284e-01 2.667530007421126115e-01 1.274606922718331606e-03 2.192065437771939832e-04
-4.687469074984347284e-01 2.667530007421126115e-01 1.274606922718331606e-03 2.192065437771939832e-04
-4.910102462437174742e-01 2.191613089839707929e-01 6.079220718776458688e-04 9.583423439838448200e-05
-4.910102462437174742e-01 2.191613089839707929e-01 6.079220718776458688e-04 9.583423439838448200e-05
-4.910102462437174742e-01 2.191613089839707929e-01 6.079220718776458688e-04 9.583423439838448200e-05
-4.676381838477381425e-01 2.412920068052701872e-01 1.935632603173175099e-03 2.937464122761629728e-04
-4.676381838477381425e-01 2.412920068052701872e-01 1.935632603173175099e-03 2.937464122761629728e-04
-4.531104665499894324e-01 2.901701994217471547e-01 -4.473076305097981042e-05 1.456092460548850118e-04
-4.755165899725080081e-01 2.142941029931486607e-01 -9.324589851589417788e-04 1.949256060755541454e-04
-4.755165899725080081e-01 2.142941029931486607e-01 -9.324589851589417788e-04 1.949256060755541454e-04
-4.351263736757573497e-01 2.741345186515877774e-01 1.179926650990105116e-03 1.391404861457587938e-04
-4.351263736757573497e-01 2.741345186515877774e-01 1.179926650990105116e-03 1.391404861457587938e-04
-4.360962831250576599e-01 2.085424225672626308e-01 -1.438446368599121620e-03 3.418289227953485651e-04
-4.360962831250576599e-01 2.085424225672626308e-01 -1.438446368599121620e-03 3.418289227953485651e-04
-3.653200286783548911e-01 3.093660036377706701e-01 -7.828342471433084697e-04 9.320090530686797950e-05
-3.917187085737887653e-01 1.821679269678645463e-01 2.222228051541312154e-03 1.842881251767475564e-04
-3.606371371655054947e-01 1.378772443633740075e-01 -3.324703530469118751e-03 2.079876430758385375e-04
-2.692261335327121863e-01 1.988944867205342248e-01 8.201174323217621381e-05 5.623987961777470812e-04
-1.679839397126556833e-01 2.041444011326323249e-01 1.524419250069039208e-03 1.022487567122037358e-04
-1.679839397126556833e-01 2.041444011326323249e-01 1.524419250069039208e-03 1.022487567122037358e-04
-1.219363620386360036e-01 1.143781521176217009e-01 -2.563958317960257378e-03 4.696598504383474402e-04
-1.219363620386360036e-01 1.143781521176217009e-01 -2.563958317960257378e-03 4.696598504383474402e-04
-7.299255691664008339e-03 5.991444718142679982e-02 1.597297660139523250e-03 2.295841031399843083e-04
-7.299255691664008339e-03 5.991444718142679982e-02 1.597297660139523250e-03 2.295841031399843083e-04
-7.299255691664008339e-03 5.991444718142679982e-02 1.597297660139523250e-03 2.295841031399843083e-04
-7.299255691664008339e-03 5.991444718142679982e-02 1.597297660139523250e-03 2.295841031399843083e-04
-7.299255691664008339e-03 5.991444718142679982e-02 1.597297660139523250e-03 2.295841031399843083e-04
-7.299255691664008339e-03 5.991444718142679982e-02 1.597297660139523250e-03 2.295841031399843083e-04
-7.299255691664008339e-03 5.991444718142679982e-02 1.597297660139523250e-03 2.295841031399843083e-04
-1.765472279594236527e-02 -3.982858117290338784e-02 -2.005427892634854652e-03 4.097341255567340948e-05
-1.765472279594236527e-02 -3.982858117290338784e-02 -2.005427892634854652e-03 4.097341255567340948e-05
-1.765472279594236527e-02 -3.982858117290338784e-02 -2.005427892634854652e-03 4.097341255567340948e-05
-1.765472279594236527e-02 -3.982858117290338784e-02 -2.005427892634854652e-03 4.097341255567340948e-05
-2.161431782715645886e-03 5.040270701914927043e-02 -1.869477249250343052e-04 -5.274604832729268798e-05
-2.161431782715645886e-03 5.040270701914927043e-02 -1.869477249250343052e-04 -5.274604832729268798e-05
8.095093585079458226e-03 1.344215250992096544e-02 1.267982314790373636e-03 -1.409621876526365427e-05
8.095093585079458226e-03 1.344215250992096544e-02 1.267982314790373636e-03 -1.409621876526365427e-05
-1.445646337979644529e-02 -8.705138386016018914e-03 -6.913356066094207423e-04 2.150213424250620875e-05
-1.128978137900334827e-02 2.177052586633744513e-02 5.860627282379149991e-04 4.138672095785937103e-05
-2.282164973176608463e-02 6.995271961176509866e-03 3.454978253613047489e-04 -1.325603269873643377e-05
-6.139816004543626089e-03 2.938920500350199888e-02 9.505204526000444109e-05 -2.193094869660065647e-05
-2.790917019348958597e-03 1.290230931058547470e-02 6.759007814264122961e-04 -3.585375157003266155e-06
-1.260850220673097495e-02 4.529594824692170091e-03 -1.328536307690058173e-04 1.107786267194298067e-05
-1.260850220673097495e-02 4.529594824692170091e-03 -1.328536307690058173e-04 1.107786267194298067e-05
-1.260850220673097495e-02 4.529594824692170091e-03 -1.328536307690058173e-04 1.107786267194298067e-05
-3.701873376912793133e-03 -8.612363119026050784e-03 9.254925316848136162e-05 -1.272988241552004788e-05
-3.701873376912793133e-03 -8.612363119026050784e-03 9.254925316848136162e-05 -1.272988241552004788e-05
-3.701873376912793133e-03 -8.612363119026050784e-03 9.254925316848136162e-05 -1.272988241552004788e-05
1.141318889638242087e-03 6.111055690090381326e-03 1.052496599021892027e-04 1.961879758154770983e-05
1.141318889638242087e-03 6.111055690090381326e-03 1.052496599021892027e-04 1.961879758154770983e-05
1.289729572161832111e-03 1.000706504032780782e-02 -6.288236881931742479e-05 -7.795586620348435170e-06
1.289729572161832111e-03 1.000706504032780782e-02 -6.288236881931742479e-05 -7.795586620348435170e-06
1.289729572161832111e-03 1.000706504032780782e-02 -6.288236881931742479e-05 -7.795586620348435170e-06
1.289729572161832111e-03 1.000706504032780782e-02 -6.288236881931742479e-05 -7.795586620348435170e-06
5.442962909155251707e-04 3.081274927335505426e-03 -1.276359686168582913e-04 3.485296851545216917e-06
5.442962909155251707e-04 3.081274927335505426e-03 -1.276359686168582913e-04 3.485296851545216917e-06
2.046709034488595645e-04 5.247066012781735622e-03 2.747555150428961776e-05 9.587922723504904991e-06
-2.041135089553434024e-03 5.262520375666320666e-03 -3.520353743148223289e-05 3.880989996587731080e-06
-1.136313392457532850e-04 1.951591539852363250e-03 -1.213379825926852164e-05 -1.457899146987765272e-06
-1.136313392457532850e-04 1.951591539852363250e-03 -1.213379825926852164e-05 -1.457899146987765272e-06
-8.275065117979232571e-04 5.737181432114302725e-03 3.766541392222860459e-05 2.026198723981859309e-06
-2.118061806281382989e-04 5.110737065734790620e-03 6.293985092320335080e-06 5.105028245063561465e-06
7.641409885659985503e-04 4.773433248974284435e-03 1.083196768269365824e-05 -5.482800051821032974e-07
1.859695605000558408e-04 5.669787474393665760e-03 -1.960700570029006007e-05 -3.397462764370342185e-07
1.859695605000558408e-04 5.669787474393665760e-03 -1.960700570029006007e-05 -3.397462764370342185e-07
1.859695605000558408e-04 5.669787474393665760e-03 -1.960700570029006007e-05 -3.397462764370342185e-07
1.859695605000558408e-04 5.669787474393665760e-03 -1.960700570029006007e-05 -3.397462764370342185e-07
1.859695605000558408e-04 5.669787474393665760e-03 -1.960700570029006007e-05 -3.397462764370342185e-07
-1.272118288107755297e-05 4.411266904251589897e-03 2.155488074265408127e-07 5.334125151417044043e-07
-1.040637189836791487e-04 5.119387666469113821e-03 7.944657633922914692e-06 1.154359793870634738e-06
-1.040637189836791487e-04 5.119387666469113821e-03 7.944657633922914692e-06 1.154359793870634738e-06
-1.040637189836791487e-04 5.119387666469113821e-03 7.944657633922914692e-06 1.154359793870634738e-06
1.080137915321916354e-04 5.082141187389660301e-03 -6.820158427069951804e-06 -8.204991448641180123e-07
6.777641667870238870e-05 5.322832205437085309e-03 -1.148875236129573001e-05 -1.201644001930440613e-07
6.777641667870238870e-05 5.322832205437085309e-03 -1.148875236129573001e-05 -1.201644001930440613e-07
4.048309581808775626e-06 5.919568370070967846e-03 -9.737480432207714189e-06 -4.972709079738786853e-07
4.048309581808775626e-06 5.919568370070967846e-03 -9.737480432207714189e-06 -4.972709079738786853e-07
4.048309581808775626e-06 5.919568370070967846e-03 -9.737480432207714189e-06 -4.972709079738786853e-07
6.677556698537245373e-05 5.888718491056828264e-03 -6.260976912887835331e-06 1.566221067997377230e-07
6.677556698537245373e-05 5.888718491056828264e-03 -6.260976912887835331e-06 1.566221067997377230e-07
4.551413567303188939e-05 5.951195363797351021e-03 -6.908929325405067679e-07 -1.116522988970860781e-07
-3.583026293359337615e-05 5.868307891975758570e-03 -2.582444914395895702e-06 1.278159081213610493e-07
-1.027956845965792083e-05 5.574686384495326774e-03 -2.718185072754076303e-06 1.493200815046215648e-07
-1.027956845965792083e-05 5.574686384495326774e-03 -2.718185072754076303e-06 1.493200815046215648e-07
-1.027956845965792083e-05 5.574686384495326774e-03 -2.718185072754076303e-06 1.493200815046215648e-07
-1.027956845965792083e-05 5.574686384495326774e-03 -2.718185072754076303e-06 1.493200815046215648e-07
-1.027956845965792083e-05 5.574686384495326774e-03 -2.718185072754076303e-06 1.493200815046215648e-07
8.854761968177664750e-06 5.846008262948997405e-03 -1.087182614689633239e-06 -2.674296127843773993e-08
8.854761968177664750e-06 5.846008262948997405e-03 -1.087182614689633239e-06 -2.674296127843773993e-08
8.854761968177664750e-06 5.846008262948997405e-03 -1.087182614689633239e-06 -2.674296127843773993e-08
8.854761968177664750e-06 5.846008262948997405e-03 -1.087182614689633239e-06 -2.674296127843773993e-08
6.323994371983980332e-06 5.757584461170386220e-03 1.359990636852489343e-06 -3.101935402692700042e-08
-4.221032262327508934e-06 5.705125182958159166e-03 3.100762133440817322e-07 4.289084813540448457e-08
-4.221032262327508934e-06 5.705125182958159166e-03 3.100762133440817322e-07 4.289084813540448457e-08
-4.221032262327508934e-06 5.705125182958159166e-03 3.100762133440817322e-07 4.289084813540448457e-08
2.074072082158036785e-06 5.816696741963708894e-03 1.310073837596080722e-07 -1.029409999863803274e-07
2.074072082158036785e-06 5.816696741963708894e-03 1.310073837596080722e-07 -1.029409999863803274e-07
5.359283108608609063e-06 5.794418111442859246e-03 -2.842409974195749908e-07 -2.918011660333928977e-08
5.359283108608609063e-06 5.794418111442859246e-03 -2.842409974195749908e-07 -2.918011660333928977e-08
-1.156416569974031055e-06 5.733751165341640157e-03 2.701178385931985921e-08 -3.406609625115377189e-09
-1.156416569974031055e-06 5.733751165341640157e-03 2.701178385931985921e-08 -3.406609625115377189e-09
