1.000000000000000000e+00
1.150000000000000355e+00
1.350000000000000977e+00
1.750000000000001776e+00
2.550000000000003375e+00
4.150000000000006573e+00
4.150000000000006573e+00
4.150000000000006573e+00
3.950000000000006395e+00
4.050000000000006040e+00
4.000000000000006217e+00
4.000000000000006217e+00
4.000000000000006217e+00
4.000000000000006217e+00
4.000000000000006217e+00
4.000000000000006217e+00
4.000000000000006217e+00
4.000000000000006217e+00
4.000000000000006217e+00
4.000000000000006217e+00
4.000000000000006217e+00
