1.000000000000000000e+00
1.150000000000000355e+00
1.350000000000000977e+00
1.750000000000001776e+00
2.550000000000003375e+00
4.150000000000006573e+00
4.950000000000008171e+00
4.550000000000007816e+00
4.550000000000007816e+00
4.450000000000008171e+00
4.500000000000007994e+00
4.475000000000008527e+00
4.475000000000008527e+00
4.475000000000008527e+00
4.478125000000008349e+00
4.478125000000008349e+00
4.478125000000008349e+00
4.477734375000007816e+00
4.477734375000007816e+00
4.477734375000007816e+00
4.477734375000007816e+00
