1.000000000000000000e+00 1.000000000000000000e+00
1.074999999999999734e+00 1.074999999999999734e+00
1.187500000000000000e+00 1.012499999999999734e+00
1.293749999999999734e+00 1.131249999999999201e+00
1.571875000000000355e+00 1.065624999999998934e+00
1.923437500000000355e+00 1.270312499999997513e+00
2.655468750000001599e+00 1.241406249999996270e+00
3.724609375000001776e+00 1.636328124999992806e+00
5.723242187500003908e+00 1.775976562499988809e+00
5.723242187500003908e+00 1.775976562499988809e+00
5.723242187500003908e+00 1.775976562499988809e+00
4.991210937500002665e+00 1.804882812499989608e+00
4.991210937500002665e+00 1.804882812499989608e+00
4.991210937500002665e+00 1.804882812499989608e+00
4.991210937500002665e+00 1.804882812499989608e+00
4.991210937500002665e+00 1.804882812499989608e+00
4.991210937500002665e+00 1.804882812499989608e+00
4.991210937500002665e+00 1.804882812499989608e+00
4.991210937500002665e+00 1.804882812499989608e+00
4.991210937500002665e+00 1.804882812499989608e+00
4.991210937500002665e+00 1.804882812499989608e+00
4.991992187500001954e+00 1.769726562499989608e+00
5.000781250000002842e+00 1.774218749999989742e+00
5.000781250000002842e+00 1.774218749999989742e+00
5.000781250000002842e+00 1.774218749999989742e+00
5.000781250000002842e+00 1.774218749999989742e+00
5.000695800781253197e+00 1.753063964843739830e+00
4.999807739257814632e+00 1.761776733398427330e+00
4.999807739257814632e+00 1.761776733398427330e+00
4.999807739257814632e+00 1.761776733398427330e+00
4.999870681762697444e+00 1.748788070678700901e+00
5.000034809112551493e+00 1.753707027435292609e+00
5.000034809112551493e+00 1.753707027435292609e+00
4.999968481063845616e+00 1.748000383377065203e+00
4.999968481063845616e+00 1.748000383377065203e+00
4.999977618455890394e+00 1.753387540578832171e+00
5.000003929436209305e+00 1.752200494706620759e+00
5.000003929436209305e+00 1.752200494706620759e+00
5.000003929436209305e+00 1.752200494706620759e+00
5.000003929436209305e+00 1.752200494706620759e+00
4.999998956592756727e+00 1.753965314989899715e+00
4.999998956592756727e+00 1.753965314989899715e+00
5.000000980286861463e+00 1.752288240683255172e+00
5.000000980286861463e+00 1.752288240683255172e+00
5.000000684129193296e+00 1.753711807713251858e+00
4.999999894400391831e+00 1.753482669594076615e+00
4.999999894400391831e+00 1.753482669594076615e+00
4.999999894400391831e+00 1.753482669594076615e+00
4.999999894400391831e+00 1.753482669594076615e+00
5.000000037844736234e+00 1.753925249682437570e+00
5.000000035919944352e+00 1.753399905300712547e+00
4.999999965641366728e+00 1.753572623542825948e+00
4.999999982248615638e+00 1.753266771791434975e+00
5.000000004932467768e+00 1.753409801483921449e+00
5.000000004932467768e+00 1.753409801483921449e+00
5.000000004932467768e+00 1.753409801483921449e+00
5.000000003577858010e+00 1.753285788416776070e+00
4.999999999251935279e+00 1.753319455381661340e+00
4.999999999251935279e+00 1.753319455381661340e+00
