8.790641693973961779e-01 -3.061790491820383098e-01 7.540764253267809303e-02 -1.516385516733537685e-02 2.640793993600939592e-03 -4.113432857417896539e-04 5.849027712906052141e-05 -7.699979173413184065e-06 9.481989028462066876e-07 -1.100862518026486271e-07 1.212517391796352756e-08 -1.273346284791193192e-09 1.280297194814882851e-10 -1.236784429988268212e-11 1.151290398706266968e-12 -1.035366585289666430e-13 9.015483935870454759e-15 -7.615866853920440708e-16 6.252007010691914086e-17 -4.964042590185195623e-18
-3.061790491820383098e-01 1.125655985629210598e-01 -2.918211591643216432e-02 6.161630356982734577e-03 -1.124138053998254005e-03 1.830588764699899503e-04 -2.716125844618735323e-05 3.724613696527447004e-06 -4.770033574502884830e-07 5.750990847667645389e-08 -6.568848165888411945e-09 7.144721547268534838e-10 -7.431398723625120416e-11 7.418089947209909616e-12 -7.128025798166678845e-13 6.610596002850202754e-14 -5.930601362634661633e-15 5.157229696659727099e-16 -4.354589749584697318e-17 3.552253831956104330e-18
7.540764253267806527e-02 -2.918211591643216085e-02 7.945610423731201688e-03 -1.758342466313709629e-03 3.355731071524422813e-04 -5.706100641908659068e-05 8.825822784808715627e-06 -1.259703018849560837e-06 1.676717938206798309e-07 -2.098186391139991551e-08 2.484289435517279853e-09 -2.797647498499284348e-10 3.009453034767563783e-11 -3.103572386966885768e-12 3.077951501614248604e-13 -2.943405950061202844e-14 2.720458288310747010e-15 -2.435179824581572687e-16 2.114886914630802422e-17 -1.772472866496047815e-18
-1.516385516733537338e-02 6.161630356982731975e-03 -1.758342466313709412e-03 4.071252741600227439e-04 -8.116143629457058504e-05 1.439353165481122396e-05 -2.318528589813651974e-06 3.441546484047095304e-07 -4.757795451345295909e-08 6.176087895477501746e-09 -7.576838061058227160e-10 8.831114943068266322e-11 -9.821842035757214910e-12 1.046213370521192376e-12 -1.070695155112841256e-13 1.055634462517047504e-14 -1.005074004250468001e-15 9.260428253055108799e-17 -8.271743711175409634e-18 7.122138670506619648e-19
2.640793993600939159e-03 -1.124138053998254005e-03 3.355731071524422813e-04 -8.116143629457059860e-05 1.687749876853059114e-05 -3.118051411731155328e-06 5.225523237479975771e-07 -8.060085346528064180e-08 1.156514167752819457e-08 -1.556435820408656014e-09 1.977488184373306919e-10 -2.384550856614862120e-11 2.741111686776863587e-12 -3.015046340291278636e-13 3.183430625652029616e-14 -3.235434126019567857e-15 3.172903891072291564e-16 -3.008819287460018241e-17 2.764053702012073154e-18 -2.444872219806127231e-19
-4.113432857417898708e-04 1.830588764699901129e-04 -5.706100641908663811e-05 1.439353165481123582e-05 -3.118051411731157445e-06 5.994029814273021232e-07 -1.044098614531734449e-07 1.672081262231560358e-08 -2.488397647654402695e-09 3.469860075661372334e-10 -4.563346052148099436e-11 5.690595534068752487e-12 -6.758778136088389365e-13 7.674498829332815308e-14 -8.358057738289034443e-15 8.754886143264324038e-16 -8.842009228614598209e-17 8.628750662490751168e-18 -8.151682562858848188e-19 7.406601697431697535e-20
5.849027712906049430e-05 -2.716125844618733629e-05 8.825822784808713933e-06 -2.318528589813651127e-06 5.225523237479974712e-07 -1.044098614531733390e-07 1.888513281817269088e-08 -3.137463863056357369e-09 4.839267044266849503e-10 -6.987401996052824088e-11 9.507084917896136884e-12 -1.225489059098111613e-12 1.503304193455510741e-13 -1.761597550441643498e-14 1.978349069102890872e-15 -2.135323049391535756e-16 2.220576837380362230e-17 -2.229780005247676470e-18 2.166033939063650356e-19 -2.021413482327466382e-20
-7.699979173413184065e-06 3.724613696527447851e-06 -1.259703018849561261e-06 3.441546484047096892e-07 -8.060085346528065504e-08 1.672081262231559697e-08 -3.137463863056359850e-09 5.402798833777173810e-10 -8.630643177694098217e-11 1.289585225954975687e-11 -1.814287050149638155e-12 2.416313117992250975e-13 -3.060163428811316251e-14 3.699438216480076158e-15 -4.283014634370259544e-16 4.762369586639461508e-17 -5.098503258191385866e-18 5.267080454195379106e-19 -5.260447228373066783e-20 5.041705660411546027e-21
9.481989028462065818e-07 -4.770033574502884830e-07 1.676717938206798309e-07 -4.757795451345296571e-08 1.156514167752819292e-08 -2.488397647654399800e-09 4.839267044266851571e-10 -8.630643177694096925e-11 1.426841426902328022e-11 -2.204838311990785473e-12 3.205645643937519671e-13 -4.408979510059857539e-14 5.762384379495372354e-15 -7.184045970370425406e-16 8.571716453698459553e-17 -9.816170802934814912e-18 1.081646466860864061e-18 -1.149386773525195696e-19 1.180062382387951365e-20 -1.161347887151285216e-21
-1.100862518026486006e-07 5.750990847667644727e-08 -2.098186391139991882e-08 6.176087895477501746e-09 -1.556435820408655807e-09 3.469860075661369749e-10 -6.987401996052826673e-11 1.289585225954975363e-11 -2.204838311990785473e-12 3.521223824028450422e-13 -5.287735455697846159e-14 7.506753219123378481e-15 -1.012047328551973268e-15 1.300708603231359940e-16 -1.598904939374599807e-17 1.885284948271833868e-18 -2.137673468904806871e-19 2.336090843266302721e-20 -2.465145489122674306e-21 2.490756651809145103e-22
1.212517391796352425e-08 -6.568848165888410290e-09 2.484289435517279439e-09 -7.576838061058225092e-10 1.977488184373306402e-10 -4.563346052148094266e-11 9.507084917896136884e-12 -1.814287050149636943e-12 3.205645643937518661e-13 -5.287735455697844265e-14 8.196625461358416173e-15 -1.200487157444619822e-15 1.668771423743256410e-16 -2.210132295510229971e-17 2.798056680697661678e-18 -3.395958682528277059e-19 3.961296941548945298e-20 -4.451015012969980869e-21 4.826650310709387977e-22 -5.005948082936522971e-23
-1.273346284791192779e-09 7.144721547268532770e-10 -2.797647498499283831e-10 8.831114943068265029e-11 -2.384550856614861151e-11 5.690595534068746024e-12 -1.225489059098111613e-12 2.416313117992249460e-13 -4.408979510059856277e-14 7.506753219123375326e-15 -1.200487157444619625e-15 1.812996804097481257e-16 -2.597338987816423217e-17 3.543370800080494049e-18 -4.618444480328443172e-19 5.767899728573938100e-20 -6.919672595430636521e-21 7.992429785759293309e-22 -8.904547070889762482e-23 9.477994592910736441e-24
1.280297194814882334e-10 -7.431398723625119124e-11 3.009453034767563783e-11 -9.821842035757214910e-12 2.741111686776863183e-12 -6.758778136088383306e-13 1.503304193455510993e-13 -3.060163428811315620e-14 5.762384379495371565e-15 -1.012047328551973070e-15 1.668771423743256657e-16 -2.597338987816423833e-17 3.833104913697579960e-18 -5.384247247191333607e-19 7.222455087250553101e-20 -9.278576813472761519e-21 1.144505062988919414e-21 -1.358545245004783555e-22 1.554742753283575669e-23 -1.697977932211393779e-24
-1.236784429988267242e-11 7.418089947209903154e-12 -3.103572386966884556e-12 1.046213370521191771e-12 -3.015046340291277122e-13 7.674498829332801424e-14 -1.761597550441643183e-14 3.699438216480073003e-15 -7.184045970370421461e-16 1.300708603231358954e-16 -2.210132295510229663e-17 3.543370800080493279e-18 -5.384247247191329755e-19 7.783981539679684925e-20 -1.074181558858478484e-20 1.419063880594696988e-21 -1.799188470400216197e-22 2.194226443025396947e-23 -2.578790041323811389e-24 2.889056243361693039e-25
1.151290398706267775e-12 -7.128025798166683894e-13 3.077951501614251128e-13 -1.070695155112842265e-13 3.183430625652032140e-14 -8.358057738289034443e-15 1.978349069102892844e-15 -4.283014634370262502e-16 8.571716453698463251e-17 -1.598904939374601040e-17 2.798056680697664375e-18 -4.618444480328449913e-19 7.222455087250557916e-20 -1.074181558858479838e-20 1.524408173734201128e-21 -2.070150828624489101e-22 2.696993152372815788e-23 -3.378413295977735150e-24 4.076525223187665122e-25 -4.683684680255232739e-26
-1.035366585289666683e-13 6.610596002850201491e-14 -2.943405950061204106e-14 1.055634462517047977e-14 -3.235434126019568252e-15 8.754886143264317135e-16 -2.135323049391536495e-16 4.762369586639460276e-17 -9.816170802934813372e-18 1.885284948271833868e-18 -3.395958682528278504e-19 5.767899728573939304e-20 -9.278576813472761519e-21 1.419063880594697741e-21 -2.070150828624486985e-22 2.888844787822349630e-23 -3.866033544925406912e-24 4.972806467819987261e-25 -6.158983501103108636e-26 7.255191845488188395e-27
9.015483935870462647e-15 -5.930601362634666367e-15 2.720458288310749771e-15 -1.005074004250468987e-15 3.172903891072295015e-16 -8.842009228614599441e-17 2.220576837380364695e-17 -5.098503258191388947e-18 1.081646466860864831e-18 -2.137673468904808556e-19 3.961296941548950715e-20 -6.919672595430645549e-21 1.144505062988920354e-21 -1.799188470400218548e-22 2.696993152372816375e-23 -3.866033544925410585e-24 5.312846884122446758e-25 -7.015147740186945060e-26 8.915729405765383951e-27 -1.076510429809597193e-27
-7.615866853920447611e-16 5.157229696659734002e-16 -2.435179824581576632e-16 9.260428253055122358e-17 -3.008819287460021323e-17 8.628750662490754250e-18 -2.229780005247680322e-18 5.267080454195385847e-19 -1.149386773525197381e-19 2.336090843266306332e-20 -4.451015012969988392e-21 7.992429785759310236e-22 -1.358545245004785671e-22 2.194226443025401649e-23 -3.378413295977738089e-24 4.972806467819996445e-25 -7.015147740186948504e-26 9.505750104730405566e-27 -1.239357582462731485e-27 1.533390794966944824e-28
6.252007010691938738e-17 -4.354589749584713958e-17 2.114886914630811975e-17 -8.271743711175449693e-18 2.764053702012084709e-18 -8.151682562858875151e-19 2.166033939063660467e-19 -5.260447228373087848e-20 1.180062382387956631e-20 -2.465145489122685214e-21 4.826650310709413368e-22 -8.904547070889807151e-23 1.554742753283583310e-23 -2.578790041323825348e-24 4.076525223187683489e-25 -6.158983501103139631e-26 8.915729405765419824e-27 -1.239357582462735790e-27 1.657128264977282280e-28 -2.100197599185370238e-29
-4.964042590185188690e-18 3.552253831956099708e-18 -1.772472866496045889e-18 7.122138670506614833e-19 -2.444872219806125305e-19 7.406601697431684294e-20 -2.021413482327464877e-20 5.041705660411540009e-21 -1.161347887151284276e-21 2.490756651809142282e-22 -5.005948082936520032e-23 9.477994592910733502e-24 -1.697977932211392677e-24 2.889056243361692580e-25 -4.683684680255225851e-26 7.255191845488186960e-27 -1.076510429809595579e-27 1.533390794966941461e-28 -2.100197599185358467e-29 2.723349713688497497e-30
