1.000000000000000000e+00 1.000000000000000000e+00
1.074999999999999734e+00 8.999999999999999112e-01
1.187500000000000000e+00 8.499999999999996447e-01
1.293749999999999734e+00 6.249999999999991118e-01
1.571875000000000355e+00 4.124999999999983125e-01
1.678125000000000089e+00 1.874999999999977796e-01
1.956250000000000711e+00 -2.500000000000301981e-02
1.956250000000000711e+00 -2.500000000000301981e-02
2.119921875000001066e+00 -4.218750000000331957e-02
2.119921875000001066e+00 -4.218750000000331957e-02
2.119921875000001066e+00 -4.218750000000331957e-02
2.119921875000001066e+00 -4.218750000000331957e-02
2.260095214843751421e+00 -1.108398437500349859e-02
2.579742431640627220e+00 -8.283691406250415223e-02
3.019912719726565165e+00 -5.650634765625484057e-02
3.339559936523441408e+00 -1.282592773437555012e-01
3.339559936523441408e+00 -1.282592773437555012e-01
3.289778900146487661e+00 -8.580017089844284295e-02
3.289778900146487661e+00 -8.580017089844284295e-02
3.497418785095218752e+00 -6.202011108399002604e-02
3.497418785095218752e+00 -6.202011108399002604e-02
3.386843979358676648e+00 -8.070378303528381869e-02
3.385595482587818950e+00 -3.569648265839162060e-02
3.385595482587818950e+00 -3.569648265839162060e-02
3.467434152215723486e+00 1.769765913485940589e-02
3.395905936136847991e+00 9.322200864552943056e-02
3.395905936136847991e+00 9.322200864552943056e-02
3.375607508420953806e+00 3.243619203567459919e-01
3.375607508420953806e+00 3.243619203567459919e-01
3.375607508420953806e+00 3.243619203567459919e-01
3.319383732974539924e+00 3.487755596637682753e-01
3.320632229745398067e+00 3.037682592868760634e-01
3.320632229745398067e+00 3.037682592868760634e-01
3.326801860146234802e+00 3.316590733826116910e-01
3.335762394918138973e+00 3.215152906253889720e-01
3.325957178638792477e+00 3.151777206454381974e-01
3.328830823462350263e+00 3.250027895090126240e-01
3.331578197984355061e+00 3.208027728513072052e-01
3.328080844681072570e+00 3.190402509127990838e-01
3.329330172397532372e+00 3.224621506955328565e-01
3.330141853261828544e+00 3.207769868277365877e-01
3.328908428755376292e+00 3.203299098372168752e-01
3.328908428755376292e+00 3.203299098372168752e-01
3.328908428755376292e+00 3.203299098372168752e-01
3.329147776520683166e+00 3.207259426731206009e-01
3.329365896393161162e+00 3.204493357080392402e-01
3.329365896393161162e+00 3.204493357080392402e-01
3.329262508489141403e+00 3.203181113298929072e-01
3.329262508489141403e+00 3.203181113298929072e-01
3.329298179699778260e+00 3.204095079406009128e-01
3.329298179699778260e+00 3.204095079406009128e-01
