-2.008894173098478841e-01 8.653401669023152998e-01 2.683109143505966188e-01 9.748720192911055626e-01
-2.084227704589671770e-01 8.977904231611519847e-01 2.783725736387439031e-01 8.773848173619951396e-01
-2.084227704589671770e-01 8.977904231611519847e-01 2.783725736387439031e-01 8.773848173619951396e-01
-2.084227704589671770e-01 8.977904231611519847e-01 2.783725736387439031e-01 8.773848173619951396e-01
-2.117186124617069787e-01 8.714245899508470394e-01 3.079286977976767314e-01 8.103623660357315295e-01
-2.198405088256012441e-01 8.759879072372456221e-01 3.007492846597797920e-01 6.869801260942014487e-01
-2.198405088256012441e-01 8.759879072372456221e-01 3.007492846597797920e-01 6.869801260942014487e-01
-2.393360028150212648e-01 9.365574936266236605e-01 3.232766585477605537e-01 5.116174054365631996e-01
-2.436875442092637511e-01 9.061406600011934209e-01 3.720472111617441069e-01 2.860354474570439010e-01
-2.436875442092637511e-01 9.061406600011934209e-01 3.720472111617441069e-01 2.860354474570439010e-01
-2.909826623755312758e-01 9.126746807163967912e-01 3.916786236656624176e-01 -9.474418434553255608e-02
-2.909826623755312758e-01 9.126746807163967912e-01 3.916786236656624176e-01 -9.474418434553255608e-02
-2.909826623755312758e-01 9.126746807163967912e-01 3.916786236656624176e-01 -9.474418434553255608e-02
-2.909826623755312758e-01 9.126746807163967912e-01 3.916786236656624176e-01 -9.474418434553255608e-02
-2.660609373768096919e-01 9.214807452362085982e-01 3.908344161207623624e-01 6.380455509907606571e-02
-2.716550899808553576e-01 9.472982860380562142e-01 3.794378281653214002e-01 1.437505156603097189e-02
-2.716550899808553576e-01 9.472982860380562142e-01 3.794378281653214002e-01 1.437505156603097189e-02
-2.716550899808553576e-01 9.472982860380562142e-01 3.794378281653214002e-01 1.437505156603097189e-02
-2.716550899808553576e-01 9.472982860380562142e-01 3.794378281653214002e-01 1.437505156603097189e-02
-2.716550899808553576e-01 9.472982860380562142e-01 3.794378281653214002e-01 1.437505156603097189e-02
-2.716550899808553576e-01 9.472982860380562142e-01 3.794378281653214002e-01 1.437505156603097189e-02
-2.716550899808553576e-01 9.472982860380562142e-01 3.794378281653214002e-01 1.437505156603097189e-02
-2.716550899808553576e-01 9.472982860380562142e-01 3.794378281653214002e-01 1.437505156603097189e-02
-2.744900477710638387e-01 9.269085426384284787e-01 3.881137643857758834e-01 -1.136071220523750605e-02
-2.754724789158031761e-01 9.312720474944242710e-01 3.827662224087215459e-01 -1.086476943164584215e-02
-2.736430992106997917e-01 9.249148617650120308e-01 3.843765349150993771e-01 4.883532273223223016e-03
-2.736430992106997917e-01 9.249148617650120308e-01 3.843765349150993771e-01 4.883532273223223016e-03
-2.728100486638460609e-01 9.387463163288822798e-01 3.818492446619390357e-01 5.890153578917083077e-03
-2.740175276705481000e-01 9.300311663403750817e-01 3.854041478066866366e-01 -4.821370083697831821e-03
-2.743268743372608842e-01 9.320578086241169125e-01 3.830601174929051389e-01 -3.817973778408498796e-03
-2.743268743372608842e-01 9.320578086241169125e-01 3.830601174929051389e-01 -3.817973778408498796e-03
-2.743268743372608842e-01 9.320578086241169125e-01 3.830601174929051389e-01 -3.817973778408498796e-03
-2.734718833745146682e-01 9.342488550242388223e-01 3.830664210859141550e-01 1.750392716650566284e-03
-2.734718833745146682e-01 9.342488550242388223e-01 3.830664210859141550e-01 1.750392716650566284e-03
-2.736182233703190469e-01 9.332754757830130643e-01 3.822578254936899178e-01 2.474521195723770883e-03
-2.740083688315603228e-01 9.411694340391290048e-01 3.796750721968235043e-01 -7.243663026780069493e-04
-2.740083688315603228e-01 9.411694340391290048e-01 3.796750721968235043e-01 -7.243663026780069493e-04
-2.740083688315603228e-01 9.411694340391290048e-01 3.796750721968235043e-01 -7.243663026780069493e-04
-2.740083688315603228e-01 9.411694340391290048e-01 3.796750721968235043e-01 -7.243663026780069493e-04
-2.740083688315603228e-01 9.411694340391290048e-01 3.796750721968235043e-01 -7.243663026780069493e-04
-2.740083688315603228e-01 9.411694340391290048e-01 3.796750721968235043e-01 -7.243663026780069493e-04
-2.749506942804780252e-01 9.475191205337383238e-01 3.753158630881838764e-01 -3.431501135367108143e-03
-2.745209712689720138e-01 9.493918789106956524e-01 3.744626354241971100e-01 -2.747322201583669854e-04
-2.747059337584827343e-01 9.598123901590447371e-01 3.709800737780504232e-01 -9.576286562139862263e-04
-2.747059337584827343e-01 9.598123901590447371e-01 3.709800737780504232e-01 -9.576286562139862263e-04
-2.765134913936858618e-01 9.741030265409249544e-01 3.600796048439156571e-01 -1.523167622378136625e-03
-2.765134913936858618e-01 9.741030265409249544e-01 3.600796048439156571e-01 -1.523167622378136625e-03
-2.774077986375370619e-01 9.931027287821425631e-01 3.507446885988620977e-01 1.018164317472207816e-03
-2.777164817088251247e-01 1.019082574329370550e+00 3.402388024906930486e-01 -6.963299153320045079e-04
-2.809546040235681996e-01 1.047642038583222135e+00 3.188515548550450163e-01 2.817558202278643009e-03
-2.809546040235681996e-01 1.047642038583222135e+00 3.188515548550450163e-01 2.817558202278643009e-03
-2.846161786659343607e-01 1.131837769615591682e+00 2.784206883552693412e-01 4.203663261306553496e-03
-2.882338491995301011e-01 1.197889645758243304e+00 2.428475206626818927e-01 1.510123589481624038e-03
-2.882338491995301011e-01 1.197889645758243304e+00 2.428475206626818927e-01 1.510123589481624038e-03
-2.959775202125163318e-01 1.334019852697482911e+00 1.673478030556913021e-01 1.271397956752086042e-02
-3.068928277760468726e-01 1.547314646587107489e+00 5.922651572182102697e-02 1.130860202219162794e-02
-3.068928277760468726e-01 1.547314646587107489e+00 5.922651572182102697e-02 1.130860202219162794e-02
-3.068928277760468726e-01 1.547314646587107489e+00 5.922651572182102697e-02 1.130860202219162794e-02
-3.068928277760468726e-01 1.547314646587107489e+00 5.922651572182102697e-02 1.130860202219162794e-02
-3.128979828547900910e-01 1.664636845979743818e+00 -1.554673119515070923e-03 8.639563590255135844e-03
-3.128979828547900910e-01 1.664636845979743818e+00 -1.554673119515070923e-03 8.639563590255135844e-03
-3.125091514720119701e-01 1.610729223514641983e+00 2.153877377114282732e-02 5.054653915713219758e-03
-3.125091514720119701e-01 1.610729223514641983e+00 2.153877377114282732e-02 5.054653915713219758e-03
-3.159859810635050614e-01 1.710065958169343148e+00 -2.097651511490103426e-02 8.709938781706338951e-04
-3.159859810635050614e-01 1.710065958169343148e+00 -2.097651511490103426e-02 8.709938781706338951e-04
-3.159859810635050614e-01 1.710065958169343148e+00 -2.097651511490103426e-02 8.709938781706338951e-04
-3.159859810635050614e-01 1.710065958169343148e+00 -2.097651511490103426e-02 8.709938781706338951e-04
-3.159859810635050614e-01 1.710065958169343148e+00 -2.097651511490103426e-02 8.709938781706338951e-04
-3.159859810635050614e-01 1.710065958169343148e+00 -2.097651511490103426e-02 8.709938781706338951e-04
-3.122960856548431807e-01 1.628426819398828496e+00 1.769569180151660259e-02 1.306910598855881870e-03
-3.137669487357491738e-01 1.642012423118115461e+00 9.887789567579893801e-03 -9.448605124495179901e-04
-3.150836277630797433e-01 1.670336395439466326e+00 -5.109622267046190144e-03 -4.093598746303992830e-04
-3.150836277630797433e-01 1.670336395439466326e+00 -5.109622267046190144e-03 -4.093598746303992830e-04
-3.150836277630797433e-01 1.670336395439466326e+00 -5.109622267046190144e-03 -4.093598746303992830e-04
-3.133650922995944166e-01 1.646145735792093667e+00 8.759550520157199927e-03 4.049857414331811396e-04
-3.145514160683655636e-01 1.656829030460590158e+00 1.100600638538573334e-03 6.261070286515163681e-04
-3.145514160683655636e-01 1.656829030460590158e+00 1.100600638538573334e-03 6.261070286515163681e-04
-3.145514160683655636e-01 1.656829030460590158e+00 1.100600638538573334e-03 6.261070286515163681e-04
-3.145514160683655636e-01 1.656829030460590158e+00 1.100600638538573334e-03 6.261070286515163681e-04
-3.139043752967018430e-01 1.643079624095996394e+00 7.961873432295563449e-03 -2.264963562256325637e-05
-3.138176127384725289e-01 1.649490018248601420e+00 6.184632666808343587e-03 2.156303359832036006e-04
-3.138176127384725289e-01 1.649490018248601420e+00 6.184632666808343587e-03 2.156303359832036006e-04
-3.143206788529647744e-01 1.654440491466671048e+00 2.714834786123402222e-03 1.178523948633993250e-04
-3.143206788529647744e-01 1.654440491466671048e+00 2.714834786123402222e-03 1.178523948633993250e-04
-3.143206788529647744e-01 1.654440491466671048e+00 2.714834786123402222e-03 1.178523948633993250e-04
-3.143206788529647744e-01 1.654440491466671048e+00 2.714834786123402222e-03 1.178523948633993250e-04
-3.146180228914724486e-01 1.653678205527311817e+00 1.710947267039911873e-03 3.501352370505667923e-04
-3.146180228914724486e-01 1.653678205527311817e+00 1.710947267039911873e-03 3.501352370505667923e-04
-3.146180228914724486e-01 1.653678205527311817e+00 1.710947267039911873e-03 3.501352370505667923e-04
-3.146180228914724486e-01 1.653678205527311817e+00 1.710947267039911873e-03 3.501352370505667923e-04
-3.146487301507170375e-01 1.648995929604025079e+00 3.264538782366879603e-03 2.417322231320925374e-04
-3.146487301507170375e-01 1.648995929604025079e+00 3.264538782366879603e-03 2.417322231320925374e-04
-3.146487301507170375e-01 1.648995929604025079e+00 3.264538782366879603e-03 2.417322231320925374e-04
-3.146487301507170375e-01 1.648995929604025079e+00 3.264538782366879603e-03 2.417322231320925374e-04
-3.150084237267516407e-01 1.642834939822506612e+00 3.708873177908689200e-03 4.451177459704725413e-04
-3.150084237267516407e-01 1.642834939822506612e+00 3.708873177908689200e-03 4.451177459704725413e-04
-3.153198198422719756e-01 1.643950715660241535e+00 2.563119014753780650e-03 9.279192034121431717e-05
-3.153198198422719756e-01 1.643950715660241535e+00 2.563119014753780650e-03 9.279192034121431717e-05
-3.156113231465340618e-01 1.632382636824843303e+00 5.103162004650422037e-03 8.559444120654279790e-05
-3.163570866374534329e-01 1.624047077222023017e+00 5.133206654615084762e-03 3.467521103419495291e-04
-3.163570866374534329e-01 1.624047077222023017e+00 5.133206654615084762e-03 3.467521103419495291e-04
-3.177140839793953786e-01 1.616531628228942807e+00 2.708536576402782378e-03 6.738175195758168900e-05
-3.186902735424111954e-01 1.587167604811506649e+00 8.656570546977999936e-03 9.604578583725486684e-05
-3.204164797307949009e-01 1.576392488472301068e+00 6.241540973930401887e-03 1.182792525796320113e-04
-3.204164797307949009e-01 1.576392488472301068e+00 6.241540973930401887e-03 1.182792525796320113e-04
-3.252751332188966726e-01 1.518178656790923675e+00 7.391888645991219822e-03 -1.533854390245190189e-04
-3.252751332188966726e-01 1.518178656790923675e+00 7.391888645991219822e-03 -1.533854390245190189e-04
-3.308063249089671087e-01 1.461652489581332759e+00 5.919252574627494740e-03 2.471528576135698357e-04
-3.308063249089671087e-01 1.461652489581332759e+00 5.919252574627494740e-03 2.471528576135698357e-04
-3.423579078677048138e-01 1.310251206035673022e+00 1.321022226542755904e-02 -2.104510580429244790e-04
-3.423579078677048138e-01 1.310251206035673022e+00 1.321022226542755904e-02 -2.104510580429244790e-04
-3.565711216752232016e-01 1.158957274694203399e+00 1.168874866355200381e-02 -1.176247629143935898e-04
-3.565711216752232016e-01 1.158957274694203399e+00 1.168874866355200381e-02 -1.176247629143935898e-04
-3.831439755389205448e-01 8.414857124849839387e-01 1.869082978352193392e-02 -9.962079354894955857e-04
-3.831439755389205448e-01 8.414857124849839387e-01 1.869082978352193392e-02 -9.962079354894955857e-04
-4.200303550696684596e-01 4.354683636221450271e-01 1.806938192801901127e-02 -6.174256142692964577e-04
-4.200303550696684596e-01 4.354683636221450271e-01 1.806938192801901127e-02 -6.174256142692964577e-04
-4.200303550696684596e-01 4.354683636221450271e-01 1.806938192801901127e-02 -6.174256142692964577e-04
-4.200303550696684596e-01 4.354683636221450271e-01 1.806938192801901127e-02 -6.174256142692964577e-04
-4.200303550696684596e-01 4.354683636221450271e-01 1.806938192801901127e-02 -6.174256142692964577e-04
-4.200303550696684596e-01 4.354683636221450271e-01 1.806938192801901127e-02 -6.174256142692964577e-04
-4.200303550696684596e-01 4.354683636221450271e-01 1.806938192801901127e-02 -6.174256142692964577e-04
-4.184885242530409499e-01 4.807621256415237632e-01 9.048428186588269861e-03 -8.464512478488705680e-04
-4.411168926685247182e-01 2.403748893012769283e-01 6.423189868980890005e-03 -5.563474753685123536e-04
-4.411168926685247182e-01 2.403748893012769283e-01 6.423189868980890005e-03 -5.563474753685123536e-04
-4.580218639703828032e-01 8.795562942218726477e-02 -5.480671327731487241e-03 1.200785188829290532e-04
-4.580218639703828032e-01 8.795562942218726477e-02 -5.480671327731487241e-03 1.200785188829290532e-04
-4.580218639703828032e-01 8.795562942218726477e-02 -5.480671327731487241e-03 1.200785188829290532e-04
-4.580218639703828032e-01 8.795562942218726477e-02 -5.480671327731487241e-03 1.200785188829290532e-04
-4.580218639703828032e-01 8.795562942218726477e-02 -5.480671327731487241e-03 1.200785188829290532e-04
-4.580218639703828032e-01 8.795562942218726477e-02 -5.480671327731487241e-03 1.200785188829290532e-04
-4.580218639703828032e-01 8.795562942218726477e-02 -5.480671327731487241e-03 1.200785188829290532e-04
-4.652492791393451621e-01 7.089075786507897242e-03 -4.922692499519916963e-03 -1.178510786125737061e-04
-4.624870297903362903e-01 1.246390493249112733e-02 2.946797497945235090e-03 -3.381289308693594987e-04
-4.624870297903362903e-01 1.246390493249112733e-02 2.946797497945235090e-03 -3.381289308693594987e-04
-4.510272914399460209e-01 1.464611079825959838e-01 9.194346190460386120e-04 -2.753149067733016552e-04
-4.583646432174977026e-01 7.634403267195696841e-02 -2.877383984120294655e-03 -8.479983816093685433e-05
-4.583646432174977026e-01 7.634403267195696841e-02 -2.877383984120294655e-03 -8.479983816093685433e-05
-4.604322783909411410e-01 4.700268054060965928e-02 -6.370152568515251822e-04 -2.152058926393958819e-05
-4.604322783909411410e-01 4.700268054060965928e-02 -6.370152568515251822e-04 -2.152058926393958819e-05
-4.604322783909411410e-01 4.700268054060965928e-02 -6.370152568515251822e-04 -2.152058926393958819e-05
-4.604322783909411410e-01 4.700268054060965928e-02 -6.370152568515251822e-04 -2.152058926393958819e-05
-4.604322783909411410e-01 4.700268054060965928e-02 -6.370152568515251822e-04 -2.152058926393958819e-05
-4.604322783909411410e-01 4.700268054060965928e-02 -6.370152568515251822e-04 -2.152058926393958819e-05
-4.604322783909411410e-01 4.700268054060965928e-02 -6.370152568515251822e-04 -2.152058926393958819e-05
-4.604322783909411410e-01 4.700268054060965928e-02 -6.370152568515251822e-04 -2.152058926393958819e-05
-4.604322783909411410e-01 4.700268054060965928e-02 -6.370152568515251822e-04 -2.152058926393958819e-05
-4.595903458667859320e-01 5.502838656213378254e-02 -3.067941576979024156e-04 4.683061959393544074e-05
-4.583980387738599283e-01 6.558393260502844158e-02 5.391106602706922674e-04 -3.543840121934172834e-05
-4.583980387738599283e-01 6.558393260502844158e-02 5.391106602706922674e-04 -3.543840121934172834e-05
-4.583980387738599283e-01 6.558393260502844158e-02 5.391106602706922674e-04 -3.543840121934172834e-05
-4.583980387738599283e-01 6.558393260502844158e-02 5.391106602706922674e-04 -3.543840121934172834e-05
-4.597696112661138201e-01 5.297240653305679975e-02 -2.268226142692420844e-04 5.184255816080883479e-06
-4.594773666280874691e-01 5.464325326740067379e-02 2.541567584117218896e-04 3.660304541335238131e-05
-4.594773666280874691e-01 5.464325326740067379e-02 2.541567584117218896e-04 3.660304541335238131e-05
-4.595073172344927848e-01 5.521741004637770872e-02 -6.540057386623655778e-05 1.968227345168491586e-05
-4.595073172344927848e-01 5.521741004637770872e-02 -6.540057386623655778e-05 1.968227345168491586e-05
-4.588588099293342548e-01 6.136889497198502047e-02 2.789213863979918447e-04 -3.881906586625817601e-06
-4.588588099293342548e-01 6.136889497198502047e-02 2.789213863979918447e-04 -3.881906586625817601e-06
-4.588588099293342548e-01 6.136889497198502047e-02 2.789213863979918447e-04 -3.881906586625817601e-06
-4.588588099293342548e-01 6.136889497198502047e-02 2.789213863979918447e-04 -3.881906586625817601e-06
-4.588588099293342548e-01 6.136889497198502047e-02 2.789213863979918447e-04 -3.881906586625817601e-06
-4.588588099293342548e-01 6.136889497198502047e-02 2.789213863979918447e-04 -3.881906586625817601e-06
-4.588987749683453021e-01 6.100695640669552555e-02 2.440765764194156970e-04 1.513928708917339623e-05
-4.589935627941772456e-01 6.029148768907809097e-02 1.365337230164537707e-04 8.975356246400764709e-06
-4.590221090599402864e-01 5.936870838315580490e-02 3.210050972443513184e-04 3.053464841129677685e-06
-4.588898689815192888e-01 6.100736905496578766e-02 2.585009237952325795e-04 -2.002275813562153862e-06
-4.588898689815192888e-01 6.100736905496578766e-02 2.585009237952325795e-04 -2.002275813562153862e-06
-4.590756694358014700e-01 5.906100905438559090e-02 2.145116825284706106e-04 -1.893603068090921867e-06
-4.590193252702581828e-01 5.970025467017944787e-02 2.168873152429309607e-04 9.249029159833001301e-06
-4.590193252702581828e-01 5.970025467017944787e-02 2.168873152429309607e-04 9.249029159833001301e-06
-4.590193252702581828e-01 5.970025467017944787e-02 2.168873152429309607e-04 9.249029159833001301e-06
-4.589526591127223720e-01 6.042040189823126572e-02 2.226615674725872327e-04 9.096488318906091302e-07
-4.589526591127223720e-01 6.042040189823126572e-02 2.226615674725872327e-04 9.096488318906091302e-07
-4.589845521924301730e-01 6.023924613348695389e-02 1.651129982384252708e-04 3.322628239378864085e-06
-4.589947337376096836e-01 5.990696354923991107e-02 2.155006948391731034e-04 1.976341619162729770e-08
-4.589947337376096836e-01 5.990696354923991107e-02 2.155006948391731034e-04 1.976341619162729770e-08
-4.589947337376096836e-01 5.990696354923991107e-02 2.155006948391731034e-04 1.976341619162729770e-08
-4.589947337376096836e-01 5.990696354923991107e-02 2.155006948391731034e-04 1.976341619162729770e-08
-4.589907640546977419e-01 5.972653860616355947e-02 2.723745463991418926e-04 3.831846092354741854e-06
-4.589393877022687196e-01 6.034891798663272189e-02 2.319560700575228930e-04 -1.279889016124198097e-06
-4.589393877022687196e-01 6.034891798663272189e-02 2.319560700575228930e-04 -1.279889016124198097e-06
-4.589393877022687196e-01 6.034891798663272189e-02 2.319560700575228930e-04 -1.279889016124198097e-06
-4.589555831478011605e-01 5.956864883553847356e-02 3.593405336294508336e-04 -5.873824398530195803e-07
-4.589555831478011605e-01 5.956864883553847356e-02 3.593405336294508336e-04 -5.873824398530195803e-07
-4.589726330976940938e-01 5.974069040273435882e-02 2.353212671365714683e-04 1.439785163669453159e-06
-4.589726330976940938e-01 5.974069040273435882e-02 2.353212671365714683e-04 1.439785163669453159e-06
-4.589457700390886519e-01 5.891142450752004378e-02 4.453383358318270665e-04 -4.463416272241351090e-06
-4.589075883948061652e-01 5.938985258395124145e-02 4.237458052457473631e-04 7.247661424118352433e-06
-4.588704511821930510e-01 5.968425865325607815e-02 3.493748172081556982e-04 1.485314341592656064e-06
-4.588704511821930510e-01 5.968425865325607815e-02 3.493748172081556982e-04 1.485314341592656064e-06
-4.588704511821930510e-01 5.968425865325607815e-02 3.493748172081556982e-04 1.485314341592656064e-06
-4.588200066701810798e-01 5.920767366751644722e-02 4.277185885218656811e-04 2.349552658786557510e-05
-4.588306836652771281e-01 5.811418332732798397e-02 4.738832371511138807e-04 1.225927006795658526e-05
-4.588306836652771281e-01 5.811418332732798397e-02 4.738832371511138807e-04 1.225927006795658526e-05
-4.586135512550899573e-01 6.024014439757278960e-02 3.124755476314503792e-04 2.804460554492492754e-05
-4.586135512550899573e-01 6.024014439757278960e-02 3.124755476314503792e-04 2.804460554492492754e-05
-4.586196264892592467e-01 5.883030788958065749e-02 2.106074367397947449e-04 2.621333713311293167e-05
-4.586196264892592467e-01 5.883030788958065749e-02 2.106074367397947449e-04 2.621333713311293167e-05
-4.586196264892592467e-01 5.883030788958065749e-02 2.106074367397947449e-04 2.621333713311293167e-05
-4.582041212434131428e-01 6.098525422805070595e-02 1.034020116258132106e-04 2.725799705871022598e-05
-4.580645844991135807e-01 5.850826224608957071e-02 8.855361268107699198e-05 4.933266403740316333e-05
-4.580645844991135807e-01 5.850826224608957071e-02 8.855361268107699198e-05 4.933266403740316333e-05
-4.580645844991135807e-01 5.850826224608957071e-02 8.855361268107699198e-05 4.933266403740316333e-05
-4.572617340044267120e-01 6.048133795313481720e-02 -2.056261273282776274e-04 3.625063698223303268e-05
-4.572617340044267120e-01 6.048133795313481720e-02 -2.056261273282776274e-04 3.625063698223303268e-05
-4.572617340044267120e-01 6.048133795313481720e-02 -2.056261273282776274e-04 3.625063698223303268e-05
-4.564801955409407697e-01 5.786291689457762066e-02 -2.211923968689390174e-04 8.424631958973440287e-05
-4.553420859462122827e-01 5.966105388221312755e-02 -8.834096817536918420e-04 6.137006251234038698e-05
-4.553420859462122827e-01 5.966105388221312755e-02 -8.834096817536918420e-04 6.137006251234038698e-05
-4.539804424613054223e-01 6.009754549486837072e-02 -7.371813137103198216e-04 8.547656872891294232e-05
-4.539804424613054223e-01 6.009754549486837072e-02 -7.371813137103198216e-04 8.547656872891294232e-05
-4.539804424613054223e-01 6.009754549486837072e-02 -7.371813137103198216e-04 8.547656872891294232e-05
-4.505065061308319851e-01 5.803930007673002711e-02 -1.674326081951204789e-03 1.032075116441766142e-04
-4.505065061308319851e-01 5.803930007673002711e-02 -1.674326081951204789e-03 1.032075116441766142e-04
-4.484871376794843378e-01 6.224312768069206747e-02 -1.976325123185402981e-03 7.240310123627730033e-05
-4.469135464595268559e-01 5.592377411491170069e-02 -1.497958163487818524e-03 1.180105600519684413e-04
-4.469135464595268559e-01 5.592377411491170069e-02 -1.497958163487818524e-03 1.180105600519684413e-04
-4.425607442922443457e-01 5.566933507987012475e-02 -2.612243955786264140e-03 4.065393812080974559e-05
-4.354031957782245055e-01 5.780031706227789501e-02 -3.200329395578273284e-03 6.493906377483070870e-05
-4.296289762549747593e-01 4.606055389054319882e-02 -3.514334517404528978e-03 1.209498564945443656e-04
-4.280261491782031413e-01 4.558584628634876346e-02 -2.827753183829814776e-03 -3.060636185431254378e-06
-4.280261491782031413e-01 4.558584628634876346e-02 -2.827753183829814776e-03 -3.060636185431254378e-06
-4.003442420432854476e-01 3.572205680309337161e-02 -5.366854183145653052e-03 5.111125010914463669e-05
-3.883651237701208903e-01 1.490139764388942467e-02 -5.815576894237168074e-03 -7.829861448161850321e-06
-3.883651237701208903e-01 1.490139764388942467e-02 -5.815576894237168074e-03 -7.829861448161850321e-06
-3.626497444493477218e-01 -2.090611665397867913e-03 -5.684226316241930768e-03 -3.527619129282635229e-05
-3.626497444493477218e-01 -2.090611665397867913e-03 -5.684226316241930768e-03 -3.527619129282635229e-05
-3.626497444493477218e-01 -2.090611665397867913e-03 -5.684226316241930768e-03 -3.527619129282635229e-05
-3.626497444493477218e-01 -2.090611665397867913e-03 -5.684226316241930768e-03 -3.527619129282635229e-05
-2.984651550508804485e-01 -4.762032300679031049e-02 -9.023989245320203009e-03 -1.126255300850886843e-04
-3.129156033663388348e-01 -6.103689277200098628e-02 -5.663898265038710272e-03 -1.416115992489422803e-04
-3.129156033663388348e-01 -6.103689277200098628e-02 -5.663898265038710272e-03 -1.416115992489422803e-04
-3.073127620042620523e-01 -5.402614154119371459e-02 -4.313598678446238510e-03 -1.932717072737988404e-04
-3.073127620042620523e-01 -5.402614154119371459e-02 -4.313598678446238510e-03 -1.932717072737988404e-04
-2.896006856669066654e-01 -1.082017344831049388e-01 2.168766525260969191e-04 -1.722674002372127661e-04
-2.707050601196687722e-01 -1.127867148848847312e-01 -1.798174169973003160e-03 -3.444829267141759506e-04
-2.136844225713857570e-01 -1.628610593891127445e-01 1.549039617243706118e-03 -3.923177675149952352e-04
-2.136844225713857570e-01 -1.628610593891127445e-01 1.549039617243706118e-03 -3.923177675149952352e-04
-2.136844225713857570e-01 -1.628610593891127445e-01 1.549039617243706118e-03 -3.923177675149952352e-04
-2.136844225713857570e-01 -1.628610593891127445e-01 1.549039617243706118e-03 -3.923177675149952352e-04
-1.658554565642624823e-01 -2.074605404012549448e-01 9.957496545999937679e-04 -4.079740503292579265e-04
-1.658554565642624823e-01 -2.074605404012549448e-01 9.957496545999937679e-04 -4.079740503292579265e-04
-1.875556750595138156e-01 -1.562440900375484110e-01 -2.416683038891570719e-03 -4.363925090493707632e-04
-2.197241141236685458e-01 -1.466469714815578085e-01 1.439496448095892167e-03 -1.691763249192439027e-04
-1.867624869110759978e-01 -1.654088805296834164e-01 -2.349380905652002915e-03 -2.777233190562331585e-04
-1.144061530589331466e-01 -2.144438060030708915e-01 1.490377899856052714e-03 -3.153710748264112887e-04
-1.883687580123332150e-01 -1.339113336246753327e-01 -1.913844452895808144e-03 -1.913575635963716301e-04
-1.883687580123332150e-01 -1.339113336246753327e-01 -1.913844452895808144e-03 -1.913575635963716301e-04
-1.085821253642484385e-01 -1.972157414881296478e-01 -1.950916410644952526e-03 -2.432604698951437629e-04
-1.024535718034271792e-01 -1.943572629192271417e-01 2.037193190606467752e-03 -1.174820511776098093e-04
-1.024535718034271792e-01 -1.943572629192271417e-01 2.037193190606467752e-03 -1.174820511776098093e-04
-1.024535718034271792e-01 -1.943572629192271417e-01 2.037193190606467752e-03 -1.174820511776098093e-04
-6.008787514062380319e-02 -2.077248496239768594e-01 -5.217813192986116635e-04 -9.249523971968008846e-05
-1.191500113332201738e-01 -1.259046229986043874e-01 1.320245481508031202e-03 1.738156574478077446e-04
-1.191500113332201738e-01 -1.259046229986043874e-01 1.320245481508031202e-03 1.738156574478077446e-04
-1.191500113332201738e-01 -1.259046229986043874e-01 1.320245481508031202e-03 1.738156574478077446e-04
-3.772266945228255897e-02 -1.393014749616683923e-01 -3.010030123918526392e-03 1.384970529131562367e-04
-3.772266945228255897e-02 -1.393014749616683923e-01 -3.010030123918526392e-03 1.384970529131562367e-04
-3.724298841447973296e-02 -1.195068659932453925e-01 1.528096586429430028e-03 2.901086974688534730e-04
-3.724298841447973296e-02 -1.195068659932453925e-01 1.528096586429430028e-03 2.901086974688534730e-04
-3.724298841447973296e-02 -1.195068659932453925e-01 1.528096586429430028e-03 2.901086974688534730e-04
-3.724298841447973296e-02 -1.195068659932453925e-01 1.528096586429430028e-03 2.901086974688534730e-04
-4.071128942071480794e-02 -9.575210454359320278e-02 -2.103659413862833671e-03 3.271635144489900789e-04
-3.419836312988566024e-02 -1.261217418214925501e-01 -1.837794376491878271e-03 2.315012185211714861e-04
9.223115912126017557e-03 -1.377614977765903581e-01 -9.349809867993763395e-04 1.613080072227598060e-04
-5.286610719790078849e-02 -1.105732534730249905e-01 -4.747849275403477100e-04 1.827765066158673667e-04
-5.286610719790078849e-02 -1.105732534730249905e-01 -4.747849275403477100e-04 1.827765066158673667e-04
-5.286610719790078849e-02 -1.105732534730249905e-01 -4.747849275403477100e-04 1.827765066158673667e-04
-1.180825742164950259e-02 -1.326808355731407540e-01 1.444210426141465456e-03 1.142792177027407170e-04
-1.749887232179760110e-03 -1.473487336335131959e-01 1.858025175284540049e-04 1.607303819699457863e-05
-1.304150169368545331e-02 -9.479144865982019885e-02 -8.897190950243288703e-04 1.766708692564280419e-04
-1.304150169368545331e-02 -9.479144865982019885e-02 -8.897190950243288703e-04 1.766708692564280419e-04
-1.304150169368545331e-02 -9.479144865982019885e-02 -8.897190950243288703e-04 1.766708692564280419e-04
-1.287780560343032565e-02 -9.192399979868171034e-02 -1.581457018236482291e-03 -1.190842809759126621e-05
-4.134048476080773998e-02 -2.101965330181326808e-02 -3.900858528341616654e-04 1.635178311929616404e-04
-4.134048476080773998e-02 -2.101965330181326808e-02 -3.900858528341616654e-04 1.635178311929616404e-04
-4.134048476080773998e-02 -2.101965330181326808e-02 -3.900858528341616654e-04 1.635178311929616404e-04
-4.134048476080773998e-02 -2.101965330181326808e-02 -3.900858528341616654e-04 1.635178311929616404e-04
-4.134048476080773998e-02 -2.101965330181326808e-02 -3.900858528341616654e-04 1.635178311929616404e-04
-7.316092206647181739e-03 -2.449727894208220125e-02 -1.731310590891772805e-03 -2.645658285157896378e-06
-7.316092206647181739e-03 -2.449727894208220125e-02 -1.731310590891772805e-03 -2.645658285157896378e-06
-7.316092206647181739e-03 -2.449727894208220125e-02 -1.731310590891772805e-03 -2.645658285157896378e-06
-8.316916006876454853e-03 -2.885162211559738621e-03 9.031156641273272584e-05 8.401054968159863616e-05
-8.316916006876454853e-03 -2.885162211559738621e-03 9.031156641273272584e-05 8.401054968159863616e-05
-8.316916006876454853e-03 -2.885162211559738621e-03 9.031156641273272584e-05 8.401054968159863616e-05
-8.316916006876454853e-03 -2.885162211559738621e-03 9.031156641273272584e-05 8.401054968159863616e-05
-8.316916006876454853e-03 -2.885162211559738621e-03 9.031156641273272584e-05 8.401054968159863616e-05
-8.316916006876454853e-03 -2.885162211559738621e-03 9.031156641273272584e-05 8.401054968159863616e-05
1.262103901194836300e-03 5.083145396074561020e-03 -5.513001827733065912e-04 -3.915856871266258876e-05
1.262103901194836300e-03 5.083145396074561020e-03 -5.513001827733065912e-04 -3.915856871266258876e-05
1.262103901194836300e-03 5.083145396074561020e-03 -5.513001827733065912e-04 -3.915856871266258876e-05
1.262103901194836300e-03 5.083145396074561020e-03 -5.513001827733065912e-04 -3.915856871266258876e-05
1.262103901194836300e-03 5.083145396074561020e-03 -5.513001827733065912e-04 -3.915856871266258876e-05
-3.538708886959536851e-03 7.534453035921057779e-03 -6.318099420968533776e-05 4.878096457704244303e-05
8.840824078218359472e-03 4.013651711570805775e-03 2.798224009867333927e-04 1.694407195449736570e-06
1.376978372736173146e-03 1.728119735585291819e-02 6.618858806083614821e-05 1.712532977246401499e-05
-6.701101394691304919e-03 2.174619991456745727e-04 -8.766278084950404961e-05 -2.410347375799669955e-05
6.283009717603794519e-04 6.172418210848587550e-03 -2.512541896381058001e-04 -1.414213088296135750e-05
-1.251229189976817450e-03 7.227817677637776717e-03 -3.070374478484770749e-05 2.196224882939068333e-05
3.677030634087733243e-03 5.869187761221022516e-03 1.019821845919140202e-04 9.524503428369484429e-07
2.326143140155853637e-04 1.107645938403309209e-02 -3.605223046498646361e-07 6.646301702640704863e-06
2.326143140155853637e-04 1.107645938403309209e-02 -3.605223046498646361e-07 6.646301702640704863e-06
2.789885673822782922e-04 6.595638005634579630e-03 -1.250590331864649793e-04 -4.641487598373383619e-06
-4.694992938164331640e-04 7.044315280028775120e-03 -2.657822181003810551e-05 1.008523520433212821e-05
1.476314377227821301e-03 6.511891261671366553e-03 2.369469207809874177e-05 7.219340687421583500e-07
1.476314377227821301e-03 6.511891261671366553e-03 2.369469207809874177e-05 7.219340687421583500e-07
1.476314377227821301e-03 6.511891261671366553e-03 2.369469207809874177e-05 7.219340687421583500e-07
1.476314377227821301e-03 6.511891261671366553e-03 2.369469207809874177e-05 7.219340687421583500e-07
-2.153340055001381006e-04 3.898838654791314008e-03 -4.376336495418104637e-05 -1.020115521432643740e-06
2.866832704484596132e-05 4.104719369831967730e-03 7.889174500554558433e-06 -4.326761033562440268e-06
-2.640392013732839171e-04 4.582790106211232298e-03 1.977120813779941264e-05 1.823207518932440896e-06
-2.640392013732839171e-04 4.582790106211232298e-03 1.977120813779941264e-05 1.823207518932440896e-06
6.178408953163431246e-04 5.493556711498912871e-03 6.876556347497833118e-06 -3.395619004284641665e-07
6.178408953163431246e-04 5.493556711498912871e-03 6.876556347497833118e-06 -3.395619004284641665e-07
6.178408953163431246e-04 5.493556711498912871e-03 6.876556347497833118e-06 -3.395619004284641665e-07
5.153116078416063530e-05 5.662744095176194120e-03 2.724852752214724542e-05 -3.820461918584537670e-07
-2.948761247321512709e-05 5.889307250602941919e-03 1.288068137546171604e-05 1.531350082046905764e-06
-2.089320779942315139e-04 5.360820027671821079e-03 -3.484545935429337842e-06 -7.111625325802983512e-07
-2.089320779942315139e-04 5.360820027671821079e-03 -3.484545935429337842e-06 -7.111625325802983512e-07
-2.089320779942315139e-04 5.360820027671821079e-03 -3.484545935429337842e-06 -7.111625325802983512e-07
-7.192100247166531969e-05 5.257124874771548773e-03 -9.920291258652588876e-06 1.254341809117846998e-06
8.933387504727081517e-05 5.448637388544517839e-03 6.817490385172419178e-06 3.750456904940157100e-07
-3.235285396341075915e-05 5.885746207071065883e-03 -1.217908919933328490e-05 3.008613329255535068e-07
-4.272781365936216243e-05 5.688694687558840807e-03 4.094536186700509070e-06 9.180608285180926148e-07
-4.272781365936216243e-05 5.688694687558840807e-03 4.094536186700509070e-06 9.180608285180926148e-07
2.321034949490842643e-05 5.987131971105242798e-03 7.716413843183016568e-06 -4.571291624781214538e-07
2.422383358540088568e-05 5.602694728561547106e-03 2.970141270970141292e-06 2.828041502854221352e-07
2.422383358540088568e-05 5.602694728561547106e-03 2.970141270970141292e-06 2.828041502854221352e-07
2.422383358540088568e-05 5.602694728561547106e-03 2.970141270970141292e-06 2.828041502854221352e-07
2.422383358540088568e-05 5.602694728561547106e-03 2.970141270970141292e-06 2.828041502854221352e-07
7.508861195318458302e-06 5.851143439040725272e-03 3.327572063136575702e-06 -2.456385864605091293e-07
6.329227646847391263e-06 5.772765661354743554e-03 -7.044055252950433986e-07 -3.515091861897487880e-07
6.329227646847391263e-06 5.772765661354743554e-03 -7.044055252950433986e-07 -3.515091861897487880e-07
-1.021261228356846757e-05 5.768088878475029907e-03 -1.558743806030448382e-06 9.790323389827141093e-08
-1.021261228356846757e-05 5.768088878475029907e-03 -1.558743806030448382e-06 9.790323389827141093e-08
-1.021261228356846757e-05 5.768088878475029907e-03 -1.558743806030448382e-06 9.790323389827141093e-08
