-7.074820690166021553e-01 -1.913273372767303471e-01 -3.547863756251432577e-01 -3.887068827415562922e-01
-7.340126466047247611e-01 -1.985021124246076907e-01 -3.680908647110860965e-01 -3.498361944674006629e-01
-7.340126466047247611e-01 -1.985021124246076907e-01 -3.680908647110860965e-01 -3.498361944674006629e-01
-7.340126466047247611e-01 -1.985021124246076907e-01 -3.680908647110860965e-01 -3.498361944674006629e-01
-8.119462182698344854e-01 -2.016410765518039661e-01 -3.572809673287573595e-01 -3.231125962789187511e-01
-7.930155457199767888e-01 -2.093763810081092913e-01 -3.591519111064680470e-01 -2.739168814319403733e-01
-7.930155457199767888e-01 -2.093763810081092913e-01 -3.591519111064680470e-01 -2.739168814319403733e-01
-8.524157125985918348e-01 -2.279439143497840603e-01 -3.839852250448780868e-01 -2.039951941262816426e-01
-9.810138784761761599e-01 -2.320883279239729369e-01 -3.715144319709935417e-01 -1.140497880075201920e-01
-9.810138784761761599e-01 -2.320883279239729369e-01 -3.715144319709935417e-01 -1.140497880075201920e-01
-1.032777975995677888e+00 -2.771322587895967970e-01 -3.741933571110397372e-01 3.777697567073867724e-02
-1.032777975995677888e+00 -2.771322587895967970e-01 -3.741933571110397372e-01 3.777697567073867724e-02
-1.032777975995677888e+00 -2.771322587895967970e-01 -3.741933571110397372e-01 3.777697567073867724e-02
-1.032777975995677888e+00 -2.771322587895967970e-01 -3.741933571110397372e-01 3.777697567073867724e-02
-1.032777975995677888e+00 -2.771322587895967970e-01 -3.741933571110397372e-01 3.777697567073867724e-02
-9.910108138084232632e-01 -2.531142099009544566e-01 -3.705304577471464356e-01 -3.628171499392661425e-02
-1.040666220132848707e+00 -2.623614854777374106e-01 -3.801679502501115193e-01 1.821116653685810743e-02
-1.040666220132848707e+00 -2.623614854777374106e-01 -3.801679502501115193e-01 1.821116653685810743e-02
-1.022396932014896676e+00 -2.580184427711993966e-01 -3.757060235093441225e-01 -1.347346393135219131e-02
-1.022396932014896676e+00 -2.580184427711993966e-01 -3.757060235093441225e-01 -1.347346393135219131e-02
-1.041459198241653450e+00 -2.639766162994977572e-01 -3.705747682384623598e-01 1.133976494619728416e-02
-1.041459198241653450e+00 -2.639766162994977572e-01 -3.705747682384623598e-01 1.133976494619728416e-02
-1.035201068711729011e+00 -2.538799055232672797e-01 -3.742843683774155217e-01 -1.158336814491440006e-02
-1.035201068711729011e+00 -2.538799055232672797e-01 -3.742843683774155217e-01 -1.158336814491440006e-02
-1.034632232080084036e+00 -2.604491469197821596e-01 -3.768252519740251660e-01 5.894533165702453038e-03
-1.034632232080084036e+00 -2.604491469197821596e-01 -3.768252519740251660e-01 5.894533165702453038e-03
-1.036490384621470140e+00 -2.610972890651412359e-01 -3.723240557613370916e-01 4.751519147850850541e-03
-1.026073000006201497e+00 -2.585982428685387191e-01 -3.735890741122229741e-01 -4.813673566170246186e-03
-1.026073000006201497e+00 -2.585982428685387191e-01 -3.735890741122229741e-01 -4.813673566170246186e-03
-1.034376010033534410e+00 -2.568815796258744344e-01 -3.741141310243512041e-01 -4.507917059059925527e-03
-1.032341559607320436e+00 -2.575335768902270450e-01 -3.697069748937114042e-01 -5.960690224494543873e-03
-1.032341559607320436e+00 -2.575335768902270450e-01 -3.697069748937114042e-01 -5.960690224494543873e-03
-1.032341559607320436e+00 -2.575335768902270450e-01 -3.697069748937114042e-01 -5.960690224494543873e-03
-1.049523117614760803e+00 -2.574921871896828085e-01 -3.695618799119360087e-01 2.886510133376082865e-03
-1.049523117614760803e+00 -2.574921871896828085e-01 -3.695618799119360087e-01 2.886510133376082865e-03
-1.048435577433464605e+00 -2.579242469422684536e-01 -3.643808777298240820e-01 -8.935541473603360275e-04
-1.060103827179724512e+00 -2.555344979141211947e-01 -3.589541762922834334e-01 -1.348953489093361689e-03
-1.060103827179724512e+00 -2.555344979141211947e-01 -3.589541762922834334e-01 -1.348953489093361689e-03
-1.086976615099604970e+00 -2.518600017932892676e-01 -3.540612893011765294e-01 -8.357434218732679929e-04
-1.097974414000760568e+00 -2.524171672477018014e-01 -3.395182775399596675e-01 -1.977975209792467125e-03
-1.097974414000760568e+00 -2.524171672477018014e-01 -3.395182775399596675e-01 -1.977975209792467125e-03
-1.146595265540034436e+00 -2.422487424035069115e-01 -3.213867548427642440e-01 -9.334713997098360166e-03
-1.146595265540034436e+00 -2.422487424035069115e-01 -3.213867548427642440e-01 -9.334713997098360166e-03
-1.198615274992381075e+00 -2.403407237840984312e-01 -3.076670399450887050e-01 4.677667845501450039e-03
-1.267525114904476613e+00 -2.299505578818524798e-01 -2.600773155319303642e-01 -1.084863539688686769e-02
-1.267525114904476613e+00 -2.299505578818524798e-01 -2.600773155319303642e-01 -1.084863539688686769e-02
-1.379485938591022531e+00 -2.170608811264707061e-01 -2.217969711965345203e-01 3.846114744147366427e-04
-1.551869090176007493e+00 -2.001140640735481480e-01 -1.490533634787977180e-01 6.226583653335957327e-03
-1.551869090176007493e+00 -2.001140640735481480e-01 -1.490533634787977180e-01 6.226583653335957327e-03
-1.742958976457465781e+00 -1.813828900921657938e-01 -4.642309051283843857e-02 9.281296259883345390e-03
-1.742958976457465781e+00 -1.813828900921657938e-01 -4.642309051283843857e-02 9.281296259883345390e-03
-1.958782573657211756e+00 -1.553170100492569650e-01 4.409601772115148699e-02 7.617939400928329385e-03
-1.958782573657211756e+00 -1.553170100492569650e-01 4.409601772115148699e-02 7.617939400928329385e-03
-1.958782573657211756e+00 -1.553170100492569650e-01 4.409601772115148699e-02 7.617939400928329385e-03
-1.863204097159381956e+00 -1.664827932573360592e-01 1.822637632053445561e-02 -1.176762087795966277e-03
-1.863204097159381956e+00 -1.664827932573360592e-01 1.822637632053445561e-02 -1.176762087795966277e-03
-1.863204097159381956e+00 -1.664827932573360592e-01 1.822637632053445561e-02 -1.176762087795966277e-03
-1.782627164094358951e+00 -1.728824370450338654e-01 -3.184900416554908853e-02 -7.788568911360066460e-04
-1.782627164094358951e+00 -1.728824370450338654e-01 -3.184900416554908853e-02 -7.788568911360066460e-04
-1.782627164094358951e+00 -1.728824370450338654e-01 -3.184900416554908853e-02 -7.788568911360066460e-04
-1.782627164094358951e+00 -1.728824370450338654e-01 -3.184900416554908853e-02 -7.788568911360066460e-04
-1.852982243030463660e+00 -1.662474963923865068e-01 2.501928918508630750e-03 8.282745907800443969e-04
-1.852982243030463660e+00 -1.662474963923865068e-01 2.501928918508630750e-03 8.282745907800443969e-04
-1.788619460100874026e+00 -1.741242312615655929e-01 -2.368831112710151690e-02 5.317093577498859230e-04
-1.827405865872709034e+00 -1.700298809265141375e-01 -4.263879655811506596e-03 1.393733530128368585e-03
-1.838056390216991742e+00 -1.686519023318555355e-01 1.950779906523042104e-03 -3.415234704576966063e-04
-1.838056390216991742e+00 -1.686519023318555355e-01 1.950779906523042104e-03 -3.415234704576966063e-04
-1.838056390216991742e+00 -1.686519023318555355e-01 1.950779906523042104e-03 -3.415234704576966063e-04
-1.834663408188745404e+00 -1.687865963413276715e-01 6.339910784731866977e-04 -8.968991485662871407e-05
-1.820430842798263615e+00 -1.705872367908320697e-01 -7.283285998277249512e-03 6.219436951643740000e-04
-1.800434354039090579e+00 -1.728270626367514051e-01 -1.541185805282808269e-02 -2.728022525722465999e-05
-1.800434354039090579e+00 -1.728270626367514051e-01 -1.541185805282808269e-02 -2.728022525722465999e-05
-1.800434354039090579e+00 -1.728270626367514051e-01 -1.541185805282808269e-02 -2.728022525722465999e-05
-1.800434354039090579e+00 -1.728270626367514051e-01 -1.541185805282808269e-02 -2.728022525722465999e-05
-1.800434354039090579e+00 -1.728270626367514051e-01 -1.541185805282808269e-02 -2.728022525722465999e-05
-1.800434354039090579e+00 -1.728270626367514051e-01 -1.541185805282808269e-02 -2.728022525722465999e-05
-1.817913370422549413e+00 -1.714602842017534101e-01 -3.212502811833179567e-03 -3.183297702454063096e-04
-1.817913370422549413e+00 -1.714602842017534101e-01 -3.212502811833179567e-03 -3.183297702454063096e-04
-1.800604475923940573e+00 -1.739036959261006654e-01 -9.839777215015266948e-03 7.843573524894003647e-05
-1.774230912394767934e+00 -1.775368530833703606e-01 -1.753254899679421858e-02 -3.049775828578375736e-04
-1.795107022456303270e+00 -1.762042975077905416e-01 -1.895397579103313968e-03 -6.704686712748877996e-04
-1.787120738622062444e+00 -1.785080537115944499e-01 1.721141826680459147e-03 -6.783746111726921338e-05
-1.731970621202705729e+00 -1.866941067681351374e-01 -1.423493084950789439e-02 -8.697644450997819854e-05
-1.715113019158998497e+00 -1.914000914509665918e-01 -4.276747269013194547e-03 -1.004566590317859621e-03
-1.715113019158998497e+00 -1.914000914509665918e-01 -4.276747269013194547e-03 -1.004566590317859621e-03
-1.640757830569169684e+00 -2.066929101593457663e-01 -2.659920514682159384e-03 1.394172002682544237e-05
-1.640757830569169684e+00 -2.066929101593457663e-01 -2.659920514682159384e-03 1.394172002682544237e-05
-1.640757830569169684e+00 -2.066929101593457663e-01 -2.659920514682159384e-03 1.394172002682544237e-05
-1.478575398895359605e+00 -2.352846617847179633e-01 -1.967429284587358246e-02 -9.309855532144014310e-04
-1.351795722030168179e+00 -2.631307499048443077e-01 -6.289793367847993505e-03 -8.656059625540861099e-05
-1.351795722030168179e+00 -2.631307499048443077e-01 -6.289793367847993505e-03 -8.656059625540861099e-05
-1.351795722030168179e+00 -2.631307499048443077e-01 -6.289793367847993505e-03 -8.656059625540861099e-05
-1.351795722030168179e+00 -2.631307499048443077e-01 -6.289793367847993505e-03 -8.656059625540861099e-05
-1.130121250654804843e+00 -3.068334455399075456e-01 -3.080263200397774515e-03 -1.071520897051862330e-03
-7.504043975303424929e-01 -3.814628219258567876e-01 -9.632937979590153188e-03 1.108063254079098316e-03
-7.504043975303424929e-01 -3.814628219258567876e-01 -9.632937979590153188e-03 1.108063254079098316e-03
-7.504043975303424929e-01 -3.814628219258567876e-01 -9.632937979590153188e-03 1.108063254079098316e-03
-3.971934423197831521e-02 -5.253590351619887855e-01 1.511151339324946774e-02 -2.311725684805621866e-04
-3.971934423197831521e-02 -5.253590351619887855e-01 1.511151339324946774e-02 -2.311725684805621866e-04
-3.971934423197831521e-02 -5.253590351619887855e-01 1.511151339324946774e-02 -2.311725684805621866e-04
-3.971934423197831521e-02 -5.253590351619887855e-01 1.511151339324946774e-02 -2.311725684805621866e-04
-3.971934423197831521e-02 -5.253590351619887855e-01 1.511151339324946774e-02 -2.311725684805621866e-04
-1.512311828230864241e-01 -5.002446116216041627e-01 -5.213746840138453603e-03 6.609599382301585210e-04
-1.512311828230864241e-01 -5.002446116216041627e-01 -5.213746840138453603e-03 6.609599382301585210e-04
-1.512311828230864241e-01 -5.002446116216041627e-01 -5.213746840138453603e-03 6.609599382301585210e-04
-1.512311828230864241e-01 -5.002446116216041627e-01 -5.213746840138453603e-03 6.609599382301585210e-04
-1.193249702976339616e-01 -5.082773932393981342e-01 6.494800436210730957e-03 7.135015628704800003e-05
-1.193249702976339616e-01 -5.082773932393981342e-01 6.494800436210730957e-03 7.135015628704800003e-05
-1.193249702976339616e-01 -5.082773932393981342e-01 6.494800436210730957e-03 7.135015628704800003e-05
-1.193249702976339616e-01 -5.082773932393981342e-01 6.494800436210730957e-03 7.135015628704800003e-05
-1.193249702976339616e-01 -5.082773932393981342e-01 6.494800436210730957e-03 7.135015628704800003e-05
-7.130834799437006655e-02 -5.169434204785424702e-01 1.977729853771801639e-03 7.235665658833937233e-05
-7.130834799437006655e-02 -5.169434204785424702e-01 1.977729853771801639e-03 7.235665658833937233e-05
-7.130834799437006655e-02 -5.169434204785424702e-01 1.977729853771801639e-03 7.235665658833937233e-05
-7.130834799437006655e-02 -5.169434204785424702e-01 1.977729853771801639e-03 7.235665658833937233e-05
-7.130834799437006655e-02 -5.169434204785424702e-01 1.977729853771801639e-03 7.235665658833937233e-05
-9.524123275070867090e-02 -5.122585443893068469e-01 2.729008115473103516e-03 -7.032216858335428925e-05
-9.524123275070867090e-02 -5.122585443893068469e-01 2.729008115473103516e-03 -7.032216858335428925e-05
-9.524123275070867090e-02 -5.122585443893068469e-01 2.729008115473103516e-03 -7.032216858335428925e-05
-9.524123275070867090e-02 -5.122585443893068469e-01 2.729008115473103516e-03 -7.032216858335428925e-05
-1.337165936803854926e-01 -5.042497148280904451e-01 -1.512429253670698626e-04 2.502467201747170917e-05
-1.337165936803854926e-01 -5.042497148280904451e-01 -1.512429253670698626e-04 2.502467201747170917e-05
-1.337165936803854926e-01 -5.042497148280904451e-01 -1.512429253670698626e-04 2.502467201747170917e-05
-1.347540618533492607e-01 -5.039094487887495477e-01 -6.496941700553991554e-04 -1.325504290190724748e-05
-1.040753224751142236e-01 -5.102988525614068349e-01 1.274175192974589654e-03 -1.325229015988823404e-05
-1.106207870057628745e-01 -5.088861748408093355e-01 7.533095055252176818e-04 -8.599340163599247778e-05
-1.106207870057628745e-01 -5.088861748408093355e-01 7.533095055252176818e-04 -8.599340163599247778e-05
-1.106207870057628745e-01 -5.088861748408093355e-01 7.533095055252176818e-04 -8.599340163599247778e-05
-1.173840016192603669e-01 -5.074593380843894774e-01 9.954027506030625012e-05 -2.635229226374707256e-05
-1.026068998673017874e-01 -5.102998449601435782e-01 -1.639432115797081254e-04 -7.219679414321497201e-05
-1.026068998673017874e-01 -5.102998449601435782e-01 -1.639432115797081254e-04 -7.219679414321497201e-05
-1.026068998673017874e-01 -5.102998449601435782e-01 -1.639432115797081254e-04 -7.219679414321497201e-05
-1.026068998673017874e-01 -5.102998449601435782e-01 -1.639432115797081254e-04 -7.219679414321497201e-05
-1.026068998673017874e-01 -5.102998449601435782e-01 -1.639432115797081254e-04 -7.219679414321497201e-05
-1.026068998673017874e-01 -5.102998449601435782e-01 -1.639432115797081254e-04 -7.219679414321497201e-05
-1.026068998673017874e-01 -5.102998449601435782e-01 -1.639432115797081254e-04 -7.219679414321497201e-05
-1.026068998673017874e-01 -5.102998449601435782e-01 -1.639432115797081254e-04 -7.219679414321497201e-05
-1.026068998673017874e-01 -5.102998449601435782e-01 -1.639432115797081254e-04 -7.219679414321497201e-05
-1.026068998673017874e-01 -5.102998449601435782e-01 -1.639432115797081254e-04 -7.219679414321497201e-05
-1.026068998673017874e-01 -5.102998449601435782e-01 -1.639432115797081254e-04 -7.219679414321497201e-05
-1.026068998673017874e-01 -5.102998449601435782e-01 -1.639432115797081254e-04 -7.219679414321497201e-05
-1.026068998673017874e-01 -5.102998449601435782e-01 -1.639432115797081254e-04 -7.219679414321497201e-05
-1.026068998673017874e-01 -5.102998449601435782e-01 -1.639432115797081254e-04 -7.219679414321497201e-05
-1.026068998673017874e-01 -5.102998449601435782e-01 -1.639432115797081254e-04 -7.219679414321497201e-05
-1.026068998673017874e-01 -5.102998449601435782e-01 -1.639432115797081254e-04 -7.219679414321497201e-05
-1.026068998673017874e-01 -5.102998449601435782e-01 -1.639432115797081254e-04 -7.219679414321497201e-05
-1.026068998673017874e-01 -5.102998449601435782e-01 -1.639432115797081254e-04 -7.219679414321497201e-05
-1.000789109383550951e-01 -5.108141022900207773e-01 -9.006721433067201542e-05 -5.834761525585719581e-05
-9.881588849240004191e-02 -5.110454784087179458e-01 -1.757456549842677696e-04 -6.315437176892418382e-05
-9.881588849240004191e-02 -5.110454784087179458e-01 -1.757456549842677696e-04 -6.315437176892418382e-05
-9.881588849240004191e-02 -5.110454784087179458e-01 -1.757456549842677696e-04 -6.315437176892418382e-05
-9.881588849240004191e-02 -5.110454784087179458e-01 -1.757456549842677696e-04 -6.315437176892418382e-05
-9.881588849240004191e-02 -5.110454784087179458e-01 -1.757456549842677696e-04 -6.315437176892418382e-05
-1.010220045549911350e-01 -5.106105989748487284e-01 -1.835130718286114211e-04 -6.239610418767852136e-05
-1.010220045549911350e-01 -5.106105989748487284e-01 -1.835130718286114211e-04 -6.239610418767852136e-05
-1.010220045549911350e-01 -5.106105989748487284e-01 -1.835130718286114211e-04 -6.239610418767852136e-05
-1.010220045549911350e-01 -5.106105989748487284e-01 -1.835130718286114211e-04 -6.239610418767852136e-05
-1.010220045549911350e-01 -5.106105989748487284e-01 -1.835130718286114211e-04 -6.239610418767852136e-05
-1.010220045549911350e-01 -5.106105989748487284e-01 -1.835130718286114211e-04 -6.239610418767852136e-05
-1.008684695444913570e-01 -5.106383718906408742e-01 -1.818624334657318968e-04 -6.465352458054614911e-05
-1.008684695444913570e-01 -5.106383718906408742e-01 -1.818624334657318968e-04 -6.465352458054614911e-05
-1.011880038273028359e-01 -5.105787539275005171e-01 -1.697858431088507616e-04 -6.319433581851980719e-05
-1.011880038273028359e-01 -5.105787539275005171e-01 -1.697858431088507616e-04 -6.319433581851980719e-05
-1.006381589755274419e-01 -5.106888241938442041e-01 -1.477703486701524593e-04 -6.463182053892087883e-05
-1.008139750518233790e-01 -5.106485945655042658e-01 -1.856772228768816956e-04 -6.331931054783914770e-05
-1.008139750518233790e-01 -5.106485945655042658e-01 -1.856772228768816956e-04 -6.331931054783914770e-05
-1.011936357929841268e-01 -5.105796699110356496e-01 -1.471678997673265860e-04 -6.333294325856303692e-05
-1.011936357929841268e-01 -5.105796699110356496e-01 -1.471678997673265860e-04 -6.333294325856303692e-05
-1.000955133375331374e-01 -5.107969654448136776e-01 -1.313227044698966569e-04 -6.322289569269829985e-05
-1.000955133375331374e-01 -5.107969654448136776e-01 -1.313227044698966569e-04 -6.322289569269829985e-05
-1.008418127430135147e-01 -5.106423875494996434e-01 -1.716292017125426849e-04 -6.243432323999595964e-05
-1.008418127430135147e-01 -5.106423875494996434e-01 -1.716292017125426849e-04 -6.243432323999595964e-05
-9.931553372411761060e-02 -5.109425328333006000e-01 -1.409811832515806148e-04 -6.489625888350528723e-05
-9.931553372411761060e-02 -5.109425328333006000e-01 -1.409811832515806148e-04 -6.489625888350528723e-05
-1.001695528332626761e-01 -5.107687197068515594e-01 -1.528317962519907484e-04 -6.325954070618923964e-05
-1.001695528332626761e-01 -5.107687197068515594e-01 -1.528317962519907484e-04 -6.325954070618923964e-05
-1.001695528332626761e-01 -5.107687197068515594e-01 -1.528317962519907484e-04 -6.325954070618923964e-05
-9.859135139476143950e-02 -5.110607435232339402e-01 -1.997631688911837987e-04 -6.709369682595051412e-05
-9.883993777448940588e-02 -5.110049115965211719e-01 -2.071150037152082743e-04 -6.209530149273815853e-05
-9.883993777448940588e-02 -5.110049115965211719e-01 -2.071150037152082743e-04 -6.209530149273815853e-05
-9.883993777448940588e-02 -5.110049115965211719e-01 -2.071150037152082743e-04 -6.209530149273815853e-05
-9.768378242923800303e-02 -5.112095050061351564e-01 -2.534358382423752398e-04 -6.715018824258276874e-05
-9.891662338008555544e-02 -5.109574211351879391e-01 -2.501296159725748978e-04 -6.146956833373115494e-05
-9.891662338008555544e-02 -5.109574211351879391e-01 -2.501296159725748978e-04 -6.146956833373115494e-05
-9.891662338008555544e-02 -5.109574211351879391e-01 -2.501296159725748978e-04 -6.146956833373115494e-05
-9.614528859218873791e-02 -5.114496227327935962e-01 -3.296100630965743353e-04 -6.477196716131637341e-05
-9.730372890490451843e-02 -5.112205242085594570e-01 -2.940990626828896178e-04 -5.287852785067735650e-05
-9.673554841095255430e-02 -5.113372387064090141e-01 -2.281411074812568149e-04 -5.979008693144803772e-05
-9.673554841095255430e-02 -5.113372387064090141e-01 -2.281411074812568149e-04 -5.979008693144803772e-05
-9.268332078731217338e-02 -5.119957996448920579e-01 -4.020877962421575769e-04 -5.279332069106602247e-05
-9.580143920369516009e-02 -5.114305603334343697e-01 -3.081934889344222547e-04 -4.639368117591068173e-05
-9.218591660810981914e-02 -5.120367532758793860e-01 -3.790780223693651814e-04 -5.612778179841086700e-05
-9.218591660810981914e-02 -5.120367532758793860e-01 -3.790780223693651814e-04 -5.612778179841086700e-05
-9.218591660810981914e-02 -5.120367532758793860e-01 -3.790780223693651814e-04 -5.612778179841086700e-05
-9.267931040932381181e-02 -5.119058373004961027e-01 -2.491869717263228701e-04 -4.483237631789754570e-05
-9.267931040932381181e-02 -5.119058373004961027e-01 -2.491869717263228701e-04 -4.483237631789754570e-05
-9.088255951600338056e-02 -5.122508736057485024e-01 -1.557290938450290371e-04 -5.885287641596554211e-05
-8.974742815851860511e-02 -5.123123802288815920e-01 -2.464621476911790831e-04 -5.832238635122212098e-05
-8.974742815851860511e-02 -5.123123802288815920e-01 -2.464621476911790831e-04 -5.832238635122212098e-05
-9.288791696751599880e-02 -5.117794148056924453e-01 -2.558592731075065444e-05 -5.361307976828161000e-05
-8.831437422570620477e-02 -5.125490688014111562e-01 -2.914339531192840314e-05 -6.627606670401190261e-05
-8.779926895281542354e-02 -5.124042583381109850e-01 -1.109808896749333315e-05 -5.452430441696786540e-05
-8.779926895281542354e-02 -5.124042583381109850e-01 -1.109808896749333315e-05 -5.452430441696786540e-05
-8.779926895281542354e-02 -5.124042583381109850e-01 -1.109808896749333315e-05 -5.452430441696786540e-05
-8.214257059952240203e-02 -5.131465035150515330e-01 1.504832066214811576e-04 -7.809417012510667120e-05
-8.666080336350417967e-02 -5.120552715588444492e-01 2.923180940738938187e-04 -6.163177381946714209e-05
-8.666080336350417967e-02 -5.120552715588444492e-01 2.923180940738938187e-04 -6.163177381946714209e-05
-8.666080336350417967e-02 -5.120552715588444492e-01 2.923180940738938187e-04 -6.163177381946714209e-05
-8.666080336350417967e-02 -5.120552715588444492e-01 2.923180940738938187e-04 -6.163177381946714209e-05
-8.122030187500239862e-02 -5.121134489297549663e-01 3.700347238040440864e-04 -5.290478331828875292e-05
-8.122030187500239862e-02 -5.121134489297549663e-01 3.700347238040440864e-04 -5.290478331828875292e-05
-8.122030187500239862e-02 -5.121134489297549663e-01 3.700347238040440864e-04 -5.290478331828875292e-05
-9.162933499620914968e-02 -5.099568299331469490e-01 6.913108152012384291e-04 -1.630176630746543211e-05
-7.795720929992139281e-02 -5.106368521197233168e-01 1.117484212756165518e-03 -2.426497484509009201e-05
-9.261086998793338632e-02 -5.082469382167802419e-01 8.107676153550449124e-04 8.860978168356121402e-06
-9.261086998793338632e-02 -5.082469382167802419e-01 8.107676153550449124e-04 8.860978168356121402e-06
-9.261086998793338632e-02 -5.082469382167802419e-01 8.107676153550449124e-04 8.860978168356121402e-06
-8.161457970863977840e-02 -5.058286392607356241e-01 1.798367633827391981e-03 7.325898612094554362e-05
-7.621292423121769910e-02 -5.100493535935493039e-01 9.235631331171211336e-04 -8.124407104083265058e-06
-7.621292423121769910e-02 -5.100493535935493039e-01 9.235631331171211336e-04 -8.124407104083265058e-06
-7.949759461564220864e-02 -5.049361265739289450e-01 1.648408544759296128e-03 6.617108625929896636e-05
-7.949759461564220864e-02 -5.049361265739289450e-01 1.648408544759296128e-03 6.617108625929896636e-05
-7.603140719964593397e-02 -5.077303930553425104e-01 6.080133441966513452e-04 2.074128791618742949e-05
-7.603140719964593397e-02 -5.077303930553425104e-01 6.080133441966513452e-04 2.074128791618742949e-05
-6.758816009825760474e-02 -5.028575800577634869e-01 1.892115783577156055e-03 1.048569923742624638e-04
-6.893639539217749634e-02 -5.075840098903863229e-01 3.413716509372229958e-04 -3.159530642056639538e-05
-8.575592132764595088e-02 -5.034683709807770136e-01 7.977400124978509689e-04 6.638402592027634877e-05
-6.965834739322129820e-02 -5.058840504182056108e-01 1.712118508451446631e-04 1.402241363578095020e-05
-6.689130375918489468e-02 -4.993847223996641382e-01 1.185802784999728104e-03 7.376851829994017333e-05
-6.689130375918489468e-02 -4.993847223996641382e-01 1.185802784999728104e-03 7.376851829994017333e-05
-6.689130375918489468e-02 -4.993847223996641382e-01 1.185802784999728104e-03 7.376851829994017333e-05
-5.034961566248857823e-02 -5.005691305436483773e-01 -7.502740063657737865e-04 -3.442582636595330995e-05
-6.806321473328830196e-02 -4.917515817628732577e-01 -1.883320759685499579e-04 3.396121820173678531e-05
-6.806321473328830196e-02 -4.917515817628732577e-01 -1.883320759685499579e-04 3.396121820173678531e-05
-1.793922854992613392e-02 -4.876077683006345698e-01 8.841931201995214748e-05 -2.606892938787467879e-05
-9.908170158166668129e-03 -4.788777287316614562e-01 -2.278265150183241081e-03 -7.468564771303280649e-05
-1.266046222331786153e-02 -4.602403610847027871e-01 4.478950746846625548e-04 1.115081756084445377e-04
-1.266046222331786153e-02 -4.602403610847027871e-01 4.478950746846625548e-04 1.115081756084445377e-04
-1.266046222331786153e-02 -4.602403610847027871e-01 4.478950746846625548e-04 1.115081756084445377e-04
5.587781615392171941e-02 -4.229238815517180061e-01 -4.243853503508938224e-03 -5.565878819107542388e-05
8.915518910446908196e-02 -3.984185753047064793e-01 -9.846758440968253825e-04 5.584479310070888881e-05
8.915518910446908196e-02 -3.984185753047064793e-01 -9.846758440968253825e-04 5.584479310070888881e-05
6.974448211922418261e-02 -3.488950914964392691e-01 -1.238008680273987826e-03 3.304045625919074846e-04
6.974448211922418261e-02 -3.488950914964392691e-01 -1.238008680273987826e-03 3.304045625919074846e-04
6.974448211922418261e-02 -3.488950914964392691e-01 -1.238008680273987826e-03 3.304045625919074846e-04
1.769446452566280081e-01 -2.391625194929580811e-01 -2.102337195799241533e-03 4.119005984769990073e-04
1.769446452566280081e-01 -2.391625194929580811e-01 -2.102337195799241533e-03 4.119005984769990073e-04
1.769446452566280081e-01 -2.391625194929580811e-01 -2.102337195799241533e-03 4.119005984769990073e-04
1.335801901645446987e-01 -2.047466006897586954e-01 -2.604809399779241860e-03 6.427036268100573112e-04
6.319003699884739866e-02 -2.983633750784615568e-01 4.442873245247744816e-04 4.976342392529879179e-04
6.319003699884739866e-02 -2.983633750784615568e-01 4.442873245247744816e-04 4.976342392529879179e-04
1.630486672764777656e-01 -1.785182328145498154e-01 -3.007386973913593782e-03 5.577442504821702616e-04
1.630486672764777656e-01 -1.785182328145498154e-01 -3.007386973913593782e-03 5.577442504821702616e-04
5.948037978718398455e-02 -2.373395436433599626e-01 -1.992990728425609800e-03 6.250291698865250226e-04
6.579492969058695073e-02 -2.880519339233599818e-01 -1.184609188768793227e-03 3.853889130917005201e-04
6.579492969058695073e-02 -2.880519339233599818e-01 -1.184609188768793227e-03 3.853889130917005201e-04
9.987459733044722066e-02 -1.752186569793219850e-01 -2.593823731132155128e-03 6.454715653324284404e-04
1.827005072870829805e-02 -2.664265539370243019e-01 -2.402401935109482224e-03 5.073683924572198372e-04
1.827005072870829805e-02 -2.664265539370243019e-01 -2.402401935109482224e-03 5.073683924572198372e-04
9.337236820783348379e-02 -2.342332504972620688e-01 -3.308998646498580859e-03 2.842946187979972575e-04
9.337236820783348379e-02 -2.342332504972620688e-01 -3.308998646498580859e-03 2.842946187979972575e-04
2.745714968098406095e-02 -1.941054471470176068e-01 -2.692986875723536733e-03 5.029252187872489382e-04
2.745714968098406095e-02 -1.941054471470176068e-01 -2.692986875723536733e-03 5.029252187872489382e-04
2.745714968098406095e-02 -1.941054471470176068e-01 -2.692986875723536733e-03 5.029252187872489382e-04
2.516255025243180343e-02 -2.580461167908529863e-01 -2.728726068888593509e-03 1.179853771736234184e-04
-1.276551884359856948e-02 -1.933662489932987949e-01 -3.870496742580985597e-03 3.375020497055850749e-04
7.159920960021734504e-02 -9.620846611440336815e-02 -2.730352934968110004e-03 3.737313991948993351e-04
7.159920960021734504e-02 -9.620846611440336815e-02 -2.730352934968110004e-03 3.737313991948993351e-04
-2.073025292540691539e-02 -1.866070906803722895e-01 -2.400827768055122449e-03 -1.299152276607194647e-04
-2.531958755031035735e-02 -8.944636013684498232e-02 -2.298525793696134904e-03 3.420211270183907840e-04
-2.531958755031035735e-02 -8.944636013684498232e-02 -2.298525793696134904e-03 3.420211270183907840e-04
4.794492218955846707e-02 -2.477017692008062766e-02 -2.142994175821166282e-03 1.690404306310742781e-05
4.794492218955846707e-02 -2.477017692008062766e-02 -2.142994175821166282e-03 1.690404306310742781e-05
4.794492218955846707e-02 -2.477017692008062766e-02 -2.142994175821166282e-03 1.690404306310742781e-05
-4.245816320311542047e-02 -9.007267682515404661e-03 -9.248635409421397668e-04 9.361608778379551131e-05
-4.245816320311542047e-02 -9.007267682515404661e-03 -9.248635409421397668e-04 9.361608778379551131e-05
-4.245816320311542047e-02 -9.007267682515404661e-03 -9.248635409421397668e-04 9.361608778379551131e-05
-4.245816320311542047e-02 -9.007267682515404661e-03 -9.248635409421397668e-04 9.361608778379551131e-05
-4.245816320311542047e-02 -9.007267682515404661e-03 -9.248635409421397668e-04 9.361608778379551131e-05
1.775023439389674523e-02 1.022648069065298232e-02 -6.081463681256267170e-04 -4.218855690696983636e-05
1.775023439389674523e-02 1.022648069065298232e-02 -6.081463681256267170e-04 -4.218855690696983636e-05
1.775023439389674523e-02 1.022648069065298232e-02 -6.081463681256267170e-04 -4.218855690696983636e-05
1.775023439389674523e-02 1.022648069065298232e-02 -6.081463681256267170e-04 -4.218855690696983636e-05
1.775023439389674523e-02 1.022648069065298232e-02 -6.081463681256267170e-04 -4.218855690696983636e-05
1.775023439389674523e-02 1.022648069065298232e-02 -6.081463681256267170e-04 -4.218855690696983636e-05
1.775023439389674523e-02 1.022648069065298232e-02 -6.081463681256267170e-04 -4.218855690696983636e-05
1.775023439389674523e-02 1.022648069065298232e-02 -6.081463681256267170e-04 -4.218855690696983636e-05
1.775023439389674523e-02 1.022648069065298232e-02 -6.081463681256267170e-04 -4.218855690696983636e-05
1.775023439389674523e-02 1.022648069065298232e-02 -6.081463681256267170e-04 -4.218855690696983636e-05
-2.217485599089157045e-02 1.812226816651246741e-02 -1.629812327140897285e-04 -4.295788121647254318e-06
9.870660083163437792e-03 -9.233390800517909947e-03 -2.566872627391210589e-04 3.911817242957483717e-05
9.870660083163437792e-03 -9.233390800517909947e-03 -2.566872627391210589e-04 3.911817242957483717e-05
9.870660083163437792e-03 -9.233390800517909947e-03 -2.566872627391210589e-04 3.911817242957483717e-05
-5.076761352570554296e-03 -1.137259194945060281e-02 -2.960722086385700509e-04 3.270433986146548026e-06
5.355802394797144414e-03 5.564085508208214091e-03 -4.801743581237988322e-04 -1.474439292848667844e-05
-1.116541049938592385e-02 7.942206413849925081e-03 -2.972409310942439624e-04 2.895915863319684775e-06
-1.116541049938592385e-02 7.942206413849925081e-03 -2.972409310942439624e-04 2.895915863319684775e-06
-5.168078661799021395e-03 1.801712402312399992e-03 -2.637211897898307880e-04 -2.181442783090805853e-05
-5.168078661799021395e-03 1.801712402312399992e-03 -2.637211897898307880e-04 -2.181442783090805853e-05
4.350738789699778487e-03 -1.130855927010770284e-03 -1.424645779288973620e-04 -5.278462108514347763e-06
4.350738789699778487e-03 -1.130855927010770284e-03 -1.424645779288973620e-04 -5.278462108514347763e-06
3.676445007390801052e-03 3.800004019490378117e-03 -7.393559353754866181e-05 -2.120181966537452038e-05
1.594424746781432150e-03 8.392782125934339019e-03 -1.623668185265104025e-04 -1.629234317963972067e-05
5.485486944548476247e-03 6.652084040429196397e-03 8.594185494794679791e-05 -2.953928463013916981e-06
-2.605009053133989973e-03 5.137083115890015220e-03 -2.499898172603197703e-05 -9.097862994225497087e-06
-2.605009053133989973e-03 5.137083115890015220e-03 -2.499898172603197703e-05 -9.097862994225497087e-06
1.581502369812728438e-04 7.507128721242700177e-03 -2.335249477460749068e-05 2.613514675915513469e-06
1.581502369812728438e-04 7.507128721242700177e-03 -2.335249477460749068e-05 2.613514675915513469e-06
1.581502369812728438e-04 7.507128721242700177e-03 -2.335249477460749068e-05 2.613514675915513469e-06
1.581502369812728438e-04 7.507128721242700177e-03 -2.335249477460749068e-05 2.613514675915513469e-06
1.581502369812728438e-04 7.507128721242700177e-03 -2.335249477460749068e-05 2.613514675915513469e-06
1.581502369812728438e-04 7.507128721242700177e-03 -2.335249477460749068e-05 2.613514675915513469e-06
-5.661893518529078489e-04 3.982144592742789709e-03 -2.584441098525503970e-05 -2.820730439896739948e-07
-5.661893518529078489e-04 3.982144592742789709e-03 -2.584441098525503970e-05 -2.820730439896739948e-07
-5.661893518529078489e-04 3.982144592742789709e-03 -2.584441098525503970e-05 -2.820730439896739948e-07
1.220519610324084933e-04 4.476352567291671386e-03 1.626174028582223183e-05 8.361709254043685754e-07
9.448677839558932085e-06 6.019993677518722074e-03 -1.564613592080893581e-05 9.188537249179656650e-07
9.448677839558932085e-06 6.019993677518722074e-03 -1.564613592080893581e-05 9.188537249179656650e-07
9.448677839558932085e-06 6.019993677518722074e-03 -1.564613592080893581e-05 9.188537249179656650e-07
9.448677839558932085e-06 6.019993677518722074e-03 -1.564613592080893581e-05 9.188537249179656650e-07
9.448677839558932085e-06 6.019993677518722074e-03 -1.564613592080893581e-05 9.188537249179656650e-07
9.448677839558932085e-06 6.019993677518722074e-03 -1.564613592080893581e-05 9.188537249179656650e-07
5.723949452550429896e-05 5.087513486444202732e-03 8.441407349031217883e-06 6.745406598709895391e-07
-4.078042945299595041e-05 5.748503314905442294e-03 7.239014038313556303e-06 8.848176533102976701e-07
1.027111534374269483e-04 5.545252767912319317e-03 2.545080324072958529e-06 3.087086945363489287e-07
-6.455969762567199586e-05 5.375444056040826549e-03 -1.419773597005681459e-06 1.377898536667448311e-07
1.155065403031237867e-05 5.729586041922209681e-03 -5.722351946102961523e-06 7.101589701320304371e-07
1.155065403031237867e-05 5.729586041922209681e-03 -5.722351946102961523e-06 7.101589701320304371e-07
1.155065403031237867e-05 5.729586041922209681e-03 -5.722351946102961523e-06 7.101589701320304371e-07
4.303738412899060740e-05 5.628812336695480055e-03 -2.147496912967078693e-06 2.869487620911272135e-07
4.303738412899060740e-05 5.628812336695480055e-03 -2.147496912967078693e-06 2.869487620911272135e-07
4.303738412899060740e-05 5.628812336695480055e-03 -2.147496912967078693e-06 2.869487620911272135e-07
-2.725463579876366072e-05 5.548606181346024332e-03 -3.493187934205662489e-06 2.495593257873245948e-07
-1.085244688856105376e-05 5.623460641092142311e-03 -4.296270590759675997e-06 -2.178011964885746942e-07
-1.085244688856105376e-05 5.623460641092142311e-03 -4.296270590759675997e-06 -2.178011964885746942e-07
-1.480882008902548459e-05 5.597158233900922583e-03 1.023976567696641482e-06 1.506750931627617326e-07
-1.480882008902548459e-05 5.597158233900922583e-03 1.023976567696641482e-06 1.506750931627617326e-07
1.569233780966155552e-05 5.744296134153220948e-03 -2.036310805248142123e-06 -7.649945892594250623e-08
1.569233780966155552e-05 5.744296134153220948e-03 -2.036310805248142123e-06 -7.649945892594250623e-08
-2.027790095904031543e-06 5.627739840649027478e-03 -2.436674620730068442e-06 -9.972367582417938865e-08
8.218722283846598652e-06 5.629879506814353465e-03 -1.557380863982388647e-06 6.935621743686044091e-08
7.271263841816133787e-06 5.604325101984086385e-03 1.188738347969955244e-08 -9.176377811649011426e-08
-3.760093314585210298e-06 5.624359189900547326e-03 -2.403215794617917561e-07 5.050870965266192356e-08
-3.760093314585210298e-06 5.624359189900547326e-03 -2.403215794617917561e-07 5.050870965266192356e-08
-3.760093314585210298e-06 5.624359189900547326e-03 -2.403215794617917561e-07 5.050870965266192356e-08
