1.000000000000000000e+00 5.000000000000000278e-02
1.074999999999999734e+00 4.500000000000001221e-02
1.187500000000000000e+00 4.250000000000000999e-02
1.293749999999999734e+00 3.125000000000002776e-02
1.571875000000000355e+00 2.062500000000003220e-02
1.923437500000000355e+00 -7.187499999999930056e-03
2.655468750000001599e+00 -4.234374999999990230e-02
3.724609375000001776e+00 -1.155468749999998129e-01
4.456640625000003020e+00 -1.507031249999997990e-01
4.456640625000003020e+00 -1.507031249999997990e-01
4.456640625000003020e+00 -1.507031249999997990e-01
4.456640625000003020e+00 -1.507031249999997990e-01
4.456640625000003020e+00 -1.507031249999997990e-01
4.686901855468753375e+00 -1.692749023437497558e-01
4.678701782226566408e+00 -1.642706298828122968e-01
4.569721221923831678e+00 -1.587379455566403919e-01
4.569721221923831678e+00 -1.587379455566403919e-01
4.569721221923831678e+00 -1.587379455566403919e-01
4.593891334533696025e+00 -1.582445144653318314e-01
4.593891334533696025e+00 -1.582445144653318314e-01
4.583856296539310371e+00 -1.597422981262204833e-01
4.583856296539310371e+00 -1.597422981262204833e-01
4.586823797225957122e+00 -1.577423381805417857e-01
4.586823797225957122e+00 -1.577423381805417857e-01
4.587390065193179822e+00 -1.599933862686154784e-01
4.587390065193179822e+00 -1.599933862686154784e-01
4.586046530306344238e+00 -1.581016376614568508e-01
4.590288133919242952e+00 -1.611665359139439757e-01
4.590288133919242952e+00 -1.611665359139439757e-01
4.587973015382889486e+00 -1.597239116579291796e-01
4.587973015382889486e+00 -1.597239116579291796e-01
4.590190975554291342e+00 -1.612114483490583450e-01
4.590190975554291342e+00 -1.612114483490583450e-01
4.588021594565365291e+00 -1.597014554403720088e-01
4.588021594565365291e+00 -1.597014554403720088e-01
4.588021594565365291e+00 -1.597014554403720088e-01
4.588021594565365291e+00 -1.597014554403720088e-01
4.588021594565365291e+00 -1.597014554403720088e-01
4.586794746971285974e+00 -1.588158591676617770e-01
4.586794746971285974e+00 -1.588158591676617770e-01
4.586794746971285974e+00 -1.588158591676617770e-01
4.586794746971285974e+00 -1.588158591676617770e-01
4.586794746971285974e+00 -1.588158591676617770e-01
4.587529499791700438e+00 -1.593464326315890967e-01
4.587529499791700438e+00 -1.593464326315890967e-01
4.587529499791700438e+00 -1.593464326315890967e-01
4.587529499791700438e+00 -1.593464326315890967e-01
4.587529499791700438e+00 -1.593464326315890967e-01
4.587529499791700438e+00 -1.593464326315890967e-01
4.587529499791700438e+00 -1.593464326315890967e-01
4.587461469236062683e+00 -1.592973906418657937e-01
4.587461469236062683e+00 -1.592973906418657937e-01
