0.000000000000000000e+00 3.957411201797760847e-01 -2.945543275019457414e-05 -3.337615832043973576e-06 -1.489146616711853289e-07
1.000000000000000056e-01 3.831944493488884662e-01 9.711911195586965398e-05 -3.152280899265999831e-06 -1.183218580549963207e-07
2.000000000000000111e-01 3.713770988264428197e-01 2.140756437233182338e-04 -2.984136973915507213e-06 -9.013672822985863049e-08
3.000000000000000444e-01 3.602135654074672400e-01 3.227163377164011951e-04 -2.830817871884333518e-06 -6.413392191128893452e-08
4.000000000000000222e-01 3.496461108639913329e-01 4.239377549593590158e-04 -2.690667244253460316e-06 -4.014117509912192774e-08
5.000000000000000000e-01 3.396215430119804979e-01 5.185552030550615596e-04 -2.562169859094153473e-06 -1.799807589604143401e-08
6.000000000000000888e-01 3.300911548540675367e-01 6.073042135187037196e-04 -2.443948971336119498e-06 2.444129877296570891e-09
7.000000000000000666e-01 3.210107245795525421e-01 6.908405417778030327e-04 -2.334766322767507234e-06 2.132253868226369450e-08
8.000000000000000444e-01 3.123405155644031206e-01 7.697401671722021738e-04 -2.233522142034904473e-06 3.876258926225941887e-08
9.000000000000000222e-01 3.040452763712538919e-01 8.444992929540686300e-04 -2.139255144643341766e-06 5.487806264271086235e-08
1.000000000000000000e+00 2.960942407494071005e-01 9.155343462878923156e-04 -2.051142532956290306e-06 6.977108213107309719e-08
1.100000000000000089e+00 2.884611276348321152e-01 9.831819782504891501e-04 -1.968499996195662351e-06 8.353211331682873929e-08
1.200000000000000178e+00 2.811241302084102056e-01 1.047699224883451947e-03 -1.890781529576682882e-06 9.624000870325762385e-08
1.300000000000000044e+00 2.740613770653969050e-01 1.109336010603560177e-03 -1.817508093872309884e-06 1.079781653650930830e-07
1.400000000000000133e+00 2.672547413917062964e-01 1.168299556950773074e-03 -1.748318699763686619e-06 1.188109379892520562e-07
1.500000000000000000e+00 2.606906338144669433e-01 1.224735934996310643e-03 -1.682937984961245546e-06 1.287838987654641485e-07
1.600000000000000089e+00 2.543560613408059057e-01 1.278784637712489843e-03 -1.621103476040004877e-06 1.379414247593278806e-07
1.700000000000000178e+00 2.482386273578487956e-01 1.330578579972725457e-03 -1.562565588439568997e-06 1.463266979123105174e-07
1.800000000000000044e+00 2.423265316327199437e-01 1.380244098551528138e-03 -1.507087626464128258e-06 1.539817050417481337e-07
1.900000000000000133e+00 2.366085703125421769e-01 1.427900952124507451e-03 -1.454445783282458548e-06 1.609472378408457467e-07
2.000000000000000000e+00 2.310741359244369575e-01 1.473662321268367961e-03 -1.404429140927922358e-06 1.672628928786769721e-07
2.100000000000000089e+00 2.257132173755242999e-01 1.517634808460913143e-03 -1.356839670298466868e-06 1.729670716001844473e-07
2.200000000000000178e+00 2.205163999529228536e-01 1.559918438081042561e-03 -1.311492231156626920e-06 1.780969803261795139e-07
2.300000000000000266e+00 2.154748653237498202e-01 1.600606656408753384e-03 -1.268214572129521833e-06 1.826886302533423235e-07
2.400000000000000355e+00 2.105803915351210920e-01 1.639786331625139523e-03 -1.226847330708857528e-06 1.867768374542219174e-07
2.500000000000000000e+00 2.058253530141510024e-01 1.677537753812392493e-03 -1.187244033250926100e-06 1.903952228772360674e-07
2.600000000000000089e+00 2.012027205679525754e-01 1.713934634953800116e-03 -1.149271094976604548e-06 1.935762123466714614e-07
2.700000000000000178e+00 1.967060613836373595e-01 1.749044108933748252e-03 -1.112807819971356472e-06 1.963510365626834912e-07
2.800000000000000266e+00 1.923295390283156214e-01 1.782926731537719505e-03 -1.077746401185231646e-06 1.987497311012963855e-07
2.900000000000000355e+00 1.880679134490960969e-01 1.815636480452293214e-03 -1.043991920432865173e-06 2.008011364144033152e-07
3.000000000000000000e+00 1.839165409730861844e-01 1.847220755265146109e-03 -1.011462348393479388e-06 2.025328978297660497e-07
3.100000000000000089e+00 1.798713743073917792e-01 1.877720377465052094e-03 -9.800885446108802634e-07 2.039714655510153799e-07
