1.000000000000000000e+00 5.000000000000000278e-02
1.074999999999999734e+00 4.500000000000001221e-02
1.187500000000000000e+00 4.250000000000000999e-02
1.293749999999999734e+00 3.125000000000002776e-02
1.293749999999999734e+00 3.125000000000002776e-02
1.293749999999999734e+00 3.125000000000002776e-02
1.293749999999999734e+00 3.125000000000002776e-02
1.211230468749999734e+00 3.322265625000002387e-02
1.200830078124999201e+00 2.741210937500004885e-02
1.200830078124999201e+00 2.741210937500004885e-02
1.107910156249998668e+00 2.357421875000006994e-02
1.190429687499998668e+00 2.160156250000007383e-02
1.123339843749998401e+00 2.017578125000007994e-02
1.123339843749998401e+00 2.017578125000007994e-02
1.159149169921873668e+00 2.140258789062507438e-02
1.150091552734373579e+00 1.934692382812508091e-02
1.138980102539060901e+00 2.027526855468757966e-02
1.151842498779295454e+00 2.060684204101570147e-02
1.147751426696775878e+00 1.989398956298835813e-02
1.144388532638548339e+00 2.026284217834480386e-02
1.144388532638548339e+00 2.026284217834480386e-02
1.144388532638548339e+00 2.026284217834480386e-02
1.147108469158409694e+00 2.036380216479309266e-02
1.145556318573652144e+00 2.021642897278078110e-02
1.145360463252289573e+00 2.027647887356587297e-02
1.146283430035690332e+00 2.030512804398321158e-02
1.146283430035690332e+00 2.030512804398321158e-02
1.146283430035690332e+00 2.030512804398321158e-02
1.146283430035690332e+00 2.030512804398321158e-02
1.146283430035690332e+00 2.030512804398321158e-02
1.146283430035690332e+00 2.030512804398321158e-02
1.146304552866887372e+00 2.029713006297023323e-02
1.146194269061290072e+00 2.029373910971522810e-02
1.146194269061290072e+00 2.029373910971522810e-02
1.146156136694292060e+00 2.029689036190796339e-02
1.146220811688840158e+00 2.029779802548728473e-02
1.146220811688840158e+00 2.029779802548728473e-02
