9.420373205188105059e-01 -7.142645435030835210e-02 3.829438310467477360e-03 -1.676352837586304607e-04 6.355159016573022165e-06 -2.154926208637760166e-07 6.670336777734144341e-09 -1.911567882459419630e-10 5.124313777530865472e-12 -1.295106383208860427e-13 3.105248977371786346e-15 -7.098900162542944662e-17 1.553786804541579408e-18 -3.267463435296410595e-20 6.621215178876927248e-22 -1.296232947170816872e-23 2.457050305009984777e-25 -4.518357302207483975e-27 8.074864824016897404e-29 -1.404167168065839173e-30
-7.142645435030837986e-02 5.461939889291813482e-02 -5.566346079875044740e-03 3.591485763672789340e-04 -1.799344576793046407e-05 7.585741536842078827e-07 -2.807584243523879618e-08 9.362729883625637132e-10 -2.862854281547610771e-11 8.127670874157992479e-13 -2.162666541416353615e-14 5.433089406163420943e-16 -1.296215124449498172e-17 2.950901824397502250e-19 -6.435849719129912246e-21 1.349238003692663010e-22 -2.726782615577377239e-24 5.325635084549916697e-26 -1.007382573279696350e-27 1.848441717241389034e-29
3.829438310467478228e-03 -5.566346079875043006e-03 3.151270202347326681e-03 -3.753339765818819234e-04 2.749359846485713806e-05 -1.526655190094172496e-06 7.013127012483744408e-08 -2.793646518215956265e-09 9.934023726695127257e-11 -3.215593459638139271e-12 9.608462743139080673e-14 -2.678245254800132378e-15 7.020580229528942647e-17 -1.741912743537619000e-18 4.112380112511749780e-20 -9.278246465907876155e-22 2.007878144342508148e-23 -4.180866074946884872e-25 8.398940284181655082e-27 -1.631064548698803280e-28
-1.676352837586304878e-04 3.591485763672788798e-04 -3.753339765818819234e-04 1.810250801597738338e-04 -2.384046672269234275e-05 1.920729113007396430e-06 -1.158380831118532994e-07 5.717681463375894002e-09 -2.426277665889070846e-10 9.127789213309966304e-12 -3.108474476200919473e-13 9.727161207507047935e-15 -2.828493045486890552e-16 7.709585763235152170e-18 -1.983442742318454517e-19 4.843569548051038739e-21 -1.127957897071440803e-22 2.514800520614323349e-24 -5.385758629753123922e-26 1.110681811455075956e-27
6.355159016573023012e-06 -1.799344576793045729e-05 2.749359846485713806e-05 -2.384046672269234275e-05 1.035896724944435384e-05 -1.465010508610840090e-06 1.272603719207677065e-07 -8.220640149151595487e-09 4.315409724458054326e-10 -1.935515535981703589e-11 7.656011112637554769e-13 -2.729302393514146996e-14 8.907112632585814668e-16 -2.692569520854697216e-17 7.608666068178294087e-19 -2.024521705113911913e-20 5.102472193135564064e-22 -1.224089632226208204e-23 2.806794481618892691e-25 -6.170093529147855770e-27
-2.154926208637761225e-07 7.585741536842078827e-07 -1.526655190094173344e-06 1.920729113007397277e-06 -1.465010508610840725e-06 5.907374735374726860e-07 -8.813785524708098799e-08 8.143541831435542866e-09 -5.577527882090083718e-10 3.089676292397946206e-11 -1.455649971527519162e-12 6.023766050257955528e-14 -2.238651725565718469e-15 7.592897970282127576e-17 -2.379093122203253131e-18 6.951989208973300116e-20 -1.908894046790493427e-21 4.955677589713139867e-23 -1.222611414483494709e-24 2.877180435600268064e-26
6.670336777734146822e-09 -2.807584243523879618e-08 7.013127012483747055e-08 -1.158380831118533391e-07 1.272603719207677594e-07 -8.813785524708098799e-08 3.358314716343497498e-08 -5.224473873552181066e-09 5.084131452449826230e-10 -3.663577350874953071e-11 2.128433273741878000e-12 -1.048101965934715951e-13 4.518815742695609806e-15 -1.744629222789668643e-16 6.131597978361878937e-18 -1.986288524443016933e-19 5.988663127509522739e-21 -1.693605770066366896e-22 4.521101515675583721e-24 -1.144568244813971874e-25
-1.911567882459419888e-10 9.362729883625635064e-10 -2.793646518215956265e-09 5.717681463375894002e-09 -8.220640149151595487e-09 8.143541831435539557e-09 -5.224473873552177758e-09 1.903810254987812180e-09 -3.062916329102173402e-10 3.116048033443310056e-11 -2.348103110963527199e-12 1.423634200995574284e-13 -7.297124128815889589e-15 3.266451770374707583e-16 -1.306261251436590684e-17 4.745060934979808181e-19 -1.585658267447197467e-20 4.923095427366010678e-22 -1.431456800674930870e-23 3.920452693101697329e-25
5.124313777530867895e-12 -2.862854281547609478e-11 9.934023726695128550e-11 -2.426277665889070846e-10 4.315409724458054326e-10 -5.577527882090079582e-10 5.084131452449821060e-10 -3.062916329102171851e-10 1.076490434731378055e-10 -1.780373982251030483e-11 1.882601268625711065e-12 -1.476294850600715015e-13 9.302588832224917275e-15 -4.946134374235860388e-16 2.291984840973503981e-17 -9.469651047732317270e-19 3.547497734008070090e-20 -1.220508404881110956e-21 3.895458658382851049e-23 -1.161758973941304236e-24
-1.295106383208861436e-13 8.127670874157992479e-13 -3.215593459638140482e-12 9.127789213309967919e-12 -1.935515535981703912e-11 3.089676292397944914e-11 -3.663577350874951778e-11 3.116048033443310056e-11 -1.780373982251031129e-11 6.072607816849834123e-12 -1.027792648765747087e-12 1.124396693758923867e-13 -9.138854303150554855e-15 5.964624706935345412e-16 -3.280025578208861589e-17 1.569423567659522659e-18 -6.684477175101565750e-20 2.577415976772396589e-21 -9.113861108671610548e-23 2.982619863900872902e-24
3.105248977371787135e-15 -2.162666541416352984e-14 9.608462743139080673e-14 -3.108474476200919473e-13 7.656011112637554769e-13 -1.455649971527518152e-12 2.128433273741876384e-12 -2.348103110963526795e-12 1.882601268625711469e-12 -1.027792648765747087e-12 3.418228593063977640e-13 -5.899900099523155459e-14 6.652516950594047790e-15 -5.585451550261618411e-16 3.764830789314012461e-17 -2.135859296065328982e-18 1.052911538455610379e-19 -4.614005607037712715e-21 1.827986799155073954e-22 -6.624981376126479416e-24
-7.098900162542947128e-17 5.433089406163420943e-16 -2.678245254800132772e-15 9.727161207507049513e-15 -2.729302393514148258e-14 6.023766050257951741e-14 -1.048101965934715067e-13 1.423634200995574284e-13 -1.476294850600715520e-13 1.124396693758924120e-13 -5.899900099523156721e-14 1.920259814254396166e-14 -3.370698348932476373e-15 3.905075693203679339e-16 -3.377281559827316120e-17 2.345108061101468212e-18 -1.369517066782235139e-19 6.942237607044238869e-21 -3.124600877620938573e-22 1.268044757031170871e-23
1.553786804541581333e-18 -1.296215124449499097e-17 7.020580229528947577e-17 -2.828493045486892524e-16 8.907112632585820584e-16 -2.238651725565718863e-15 4.518815742695609017e-15 -7.297124128815892745e-15 9.302588832224926741e-15 -9.138854303150559588e-15 6.652516950594050946e-15 -3.370698348932476373e-15 1.076751935982020835e-15 -1.917918738887907967e-16 2.277014787425586748e-17 -2.023535689642423986e-18 1.444343423484992310e-19 -8.665906093223599879e-21 4.509312980630449455e-22 -2.077321086887230913e-23
-3.267463435296410595e-20 2.950901824397500805e-19 -1.741912743537618230e-18 7.709585763235147548e-18 -2.692569520854696291e-17 7.592897970282118948e-17 -1.744629222789666671e-16 3.266451770374704132e-16 -4.946134374235856443e-16 5.964624706935340482e-16 -5.585451550261612494e-16 3.905075693203673423e-16 -1.917918738887905255e-16 6.027326124260875121e-17 -1.087450900239797425e-17 1.320079582582576593e-18 -1.202917622184657151e-19 8.809108105548438454e-21 -5.420874080594173116e-22 2.883769103786133051e-23
6.621215178876932891e-22 -6.435849719129915256e-21 4.112380112511751586e-20 -1.983442742318454998e-19 7.608666068178294087e-19 -2.379093122203250434e-18 6.131597978361873545e-18 -1.306261251436589759e-17 2.291984840973503365e-17 -3.280025578208858508e-17 3.764830789314007531e-17 -3.377281559827308724e-17 2.277014787425581201e-17 -1.087450900239796346e-17 3.368507719012148016e-18 -6.146745022299471525e-19 7.614757129217582768e-20 -7.102020084416613349e-21 5.326924436047828805e-22 -3.345349982688874707e-23
-1.296232947170816578e-23 1.349238003692662070e-22 -9.278246465907874274e-22 4.843569548051037986e-21 -2.024521705113911311e-20 6.951989208973294097e-20 -1.986288524443015729e-19 4.745060934979808181e-19 -9.469651047732323048e-19 1.569423567659523044e-18 -2.135859296065330138e-18 2.345108061101468212e-18 -2.023535689642424371e-18 1.320079582582578519e-18 -6.146745022299489822e-19 1.879747170428300563e-19 -3.464884295435099167e-20 4.373172380243107642e-21 -4.167655854179815305e-22 3.181043182265758607e-23
2.457050305009979267e-25 -2.726782615577369524e-24 2.007878144342503152e-23 -1.127957897071437982e-22 5.102472193135552780e-22 -1.908894046790487785e-21 5.988663127509503179e-21 -1.585658267447192652e-20 3.547497734008059257e-20 -6.684477175101541676e-20 1.052911538455606648e-19 -1.369517066782229362e-19 1.444343423484985569e-19 -1.202917622184652818e-19 7.614757129217568323e-20 -3.464884295435081714e-20 1.047492687482606746e-20 -1.948339385005845811e-21 2.501471495609777571e-22 -2.413687255053890650e-23
-4.518357302207487562e-27 5.325635084549918993e-26 -4.180866074946886708e-25 2.514800520614324451e-24 -1.224089632226208498e-23 4.955677589713138691e-23 -1.693605770066366191e-22 4.923095427366009738e-22 -1.220508404881111333e-21 2.577415976772396212e-21 -4.614005607037709706e-21 6.942237607044232851e-21 -8.665906093223587842e-21 8.809108105548435445e-21 -7.102020084416617863e-21 4.373172380243094853e-21 -1.948339385005849573e-21 5.829353079913749664e-22 -1.092751149824650024e-22 1.406434316157153268e-23
8.074864824016888436e-29 -1.007382573279694377e-27 8.398940284181640732e-27 -5.385758629753114739e-26 2.806794481618887181e-25 -1.222611414483491219e-24 4.521101515675569762e-24 -1.431456800674926462e-23 3.895458658382840469e-23 -9.113861108671583512e-23 1.827986799155067841e-22 -3.124600877620925408e-22 4.509312980630427826e-22 -5.420874080594154308e-22 5.326924436047818461e-22 -4.167655854179792735e-22 2.501471495609776160e-22 -1.092751149824647437e-22 3.232977864443798222e-23 -5.937479647686334608e-24
-1.404167168065841625e-30 1.848441717241391276e-29 -1.631064548698805523e-28 1.110681811455077750e-27 -6.170093529147865097e-27 2.877180435600271508e-26 -1.144568244813973022e-25 3.920452693101703298e-25 -1.161758973941306257e-24 2.982619863900877677e-24 -6.624981376126491171e-24 1.268044757031172194e-23 -2.077321086887232676e-23 2.883769103786138341e-23 -3.345349982688885874e-23 3.181043182265758019e-23 -2.413687255053900936e-23 1.406434316157157089e-23 -5.937479647686363996e-24 1.613606565871666851e-24
