1.000000000000000000e+00 1.000000000000000000e+00
1.074999999999999734e+00 8.999999999999999112e-01
1.187500000000000000e+00 8.499999999999996447e-01
1.293749999999999734e+00 6.249999999999991118e-01
1.571875000000000355e+00 4.124999999999983125e-01
1.678125000000000089e+00 1.874999999999977796e-01
1.956250000000000711e+00 -2.500000000000301981e-02
1.956250000000000711e+00 -2.500000000000301981e-02
2.119921875000001066e+00 -4.218750000000331957e-02
2.119921875000001066e+00 -4.218750000000331957e-02
2.119921875000001066e+00 -4.218750000000331957e-02
2.119921875000001066e+00 -4.218750000000331957e-02
2.260095214843751421e+00 -1.108398437500349859e-02
2.579742431640627220e+00 -8.283691406250415223e-02
3.019912719726565165e+00 -5.650634765625484057e-02
3.019912719726565165e+00 -5.650634765625484057e-02
3.019912719726565165e+00 -5.650634765625484057e-02
3.019912719726565165e+00 -5.650634765625484057e-02
3.019912719726565165e+00 -5.650634765625484057e-02
3.019912719726565165e+00 -5.650634765625484057e-02
3.019912719726565165e+00 -5.650634765625484057e-02
2.987752962112429245e+00 -7.311725616455561072e-02
2.989892053604128463e+00 -5.257816314697744131e-02
2.989892053604128463e+00 -5.257816314697744131e-02
2.989892053604128463e+00 -5.257816314697744131e-02
2.992031145095827238e+00 -3.203907012939927190e-02
2.992031145095827238e+00 -3.203907012939927190e-02
3.000873243808747759e+00 -2.018418312073226584e-02
3.000873243808747759e+00 -2.018418312073226584e-02
3.003012335300446534e+00 3.549098968459035719e-04
2.998056513071061691e+00 -1.070730686188214181e-02
3.000195604562760465e+00 9.831786155696027596e-03
3.001069197058678917e+00 -4.142522812357676831e-05
2.999344456940890691e+00 -2.906063199047958200e-03
2.999344456940890691e+00 -2.906063199047958200e-03
3.000421016709880373e+00 2.975268289400045257e-04
3.000041976303329250e+00 1.437376393000576501e-03
2.999787976723747640e+00 -1.019305794038833897e-03
3.000167996611709409e+00 2.532810642104379138e-04
3.000009981485528776e+00 5.271820140431893089e-04
2.999938482886183255e+00 -3.145371274560101430e-04
2.999938482886183255e+00 -3.145371274560101430e-04
3.000007390064006074e+00 2.299071635955955728e-04
3.000022025436938744e+00 6.874338591090323842e-05
3.000022025436938744e+00 6.874338591090323842e-05
3.000022025436938744e+00 6.874338591090323842e-05
2.999994641573603626e+00 3.754869973955252908e-06
2.999994641573603626e+00 3.754869973955252908e-06
2.999994641573603626e+00 3.754869973955252908e-06
