1.000000000000000000e+00 5.000000000000000278e-02
1.074999999999999734e+00 4.500000000000001221e-02
1.187500000000000000e+00 4.250000000000000999e-02
1.293749999999999734e+00 3.125000000000002776e-02
1.571875000000000355e+00 2.062500000000003220e-02
1.923437500000000355e+00 -7.187499999999930056e-03
2.655468750000001599e+00 -4.234374999999990230e-02
2.655468750000001599e+00 -4.234374999999990230e-02
2.377343750000000977e+00 -3.171874999999990674e-02
2.377343750000000977e+00 -3.171874999999990674e-02
2.377343750000000977e+00 -3.171874999999990674e-02
2.377343750000000977e+00 -3.171874999999990674e-02
2.392968750000000977e+00 -2.984374999999991201e-02
2.392968750000000977e+00 -2.984374999999991201e-02
2.392968750000000977e+00 -2.984374999999991201e-02
2.396289062500001066e+00 -3.144531249999990563e-02
2.396289062500001066e+00 -3.144531249999990563e-02
2.396289062500001066e+00 -3.144531249999990563e-02
2.396289062500001066e+00 -3.144531249999990563e-02
2.389270019531251066e+00 -3.041259765624990813e-02
2.392401123046876243e+00 -3.309936523437490008e-02
2.392401123046876243e+00 -3.309936523437490008e-02
2.392401123046876243e+00 -3.309936523437490008e-02
2.398360061645509411e+00 -3.634132385253895092e-02
2.401743888854982245e+00 -4.080440521240222274e-02
2.415353679656984554e+00 -4.951986312866196727e-02
2.428926229476931375e+00 -6.280375480651836928e-02
2.442536020278933684e+00 -7.151921272277811381e-02
2.442536020278933684e+00 -7.151921272277811381e-02
2.445919847488406518e+00 -7.598229408264137175e-02
2.445919847488406518e+00 -7.598229408264137175e-02
2.445919847488406518e+00 -7.598229408264137175e-02
2.444411492347720483e+00 -7.745602130889867043e-02
2.444411492347720483e+00 -7.745602130889867043e-02
2.444411492347720483e+00 -7.745602130889867043e-02
2.440739862620833200e+00 -7.715874761342977894e-02
2.439777273684743619e+00 -8.133641496300667018e-02
2.431952719762923820e+00 -8.283070124685731894e-02
2.426115264929834758e+00 -9.193317908793641191e-02
2.407547429669650185e+00 -9.947299057617725593e-02
2.386588602373379331e+00 -1.214478520024558916e-01
2.386588602373379331e+00 -1.214478520024558916e-01
2.386588602373379331e+00 -1.214478520024558916e-01
2.386588602373379331e+00 -1.214478520024558916e-01
2.386588602373379331e+00 -1.214478520024558916e-01
2.386243617539734352e+00 -1.251643525877434160e-01
2.391064044221460350e+00 -1.185260358832957162e-01
2.390719059387815371e+00 -1.222425364685832405e-01
2.388567584672186328e+00 -1.227743193818414402e-01
2.388222599838541349e+00 -1.264908199671289646e-01
2.388222599838541349e+00 -1.264908199671289646e-01
2.389534344145824107e+00 -1.293439207943118952e-01
2.387521264333368975e+00 -1.368770049990928328e-01
2.389138213041706926e+00 -1.463497487558491628e-01
2.385920527770965194e+00 -1.661522890437892030e-01
2.387545582552270673e+00 -1.949990467012718831e-01
2.381922739401439948e+00 -2.490275061058933037e-01
2.381922739401439948e+00 -2.490275061058933037e-01
2.385140424672181680e+00 -2.292249658179532634e-01
2.385140424672181680e+00 -2.292249658179532634e-01
2.383535635073294578e+00 -2.488132429122864586e-01
2.386753320344036311e+00 -2.290107026243464183e-01
2.385148530745149209e+00 -2.485989797186796135e-01
2.388366216015890942e+00 -2.287964394307395732e-01
2.386761426417003840e+00 -2.483847165250727684e-01
2.389979111687745572e+00 -2.285821762371327281e-01
2.388374322088858470e+00 -2.481704533314659233e-01
2.387969071652652708e+00 -2.433805156546860471e-01
2.389075404279250581e+00 -2.371788303651043428e-01
2.389075404279250581e+00 -2.371788303651043428e-01
2.388402435872263752e+00 -2.400685361308965704e-01
2.388810282161386134e+00 -2.397683834474457765e-01
2.388840881648037762e+00 -2.385486450771377442e-01
2.389037154920935713e+00 -2.387035033279893692e-01
2.388874650222936324e+00 -2.391972288250046597e-01
2.388898392109986890e+00 -2.387495055768173724e-01
2.388898392109986890e+00 -2.387495055768173724e-01
2.388902382649889411e+00 -2.389955996228192159e-01
2.388902382649889411e+00 -2.389955996228192159e-01
2.388884525896510347e+00 -2.388503201779100804e-01
2.388884525896510347e+00 -2.388503201779100804e-01
2.388884525896510347e+00 -2.388503201779100804e-01
2.388884525896510347e+00 -2.388503201779100804e-01
