1.000000000000000000e+00 1.000000000000000000e+00
1.074999999999999734e+00 8.999999999999999112e-01
1.012499999999999734e+00 8.499999999999996447e-01
1.131249999999999201e+00 6.249999999999991118e-01
1.065624999999998934e+00 4.124999999999983125e-01
1.184374999999998401e+00 1.874999999999977796e-01
1.118749999999998135e+00 -2.500000000000301981e-02
1.118749999999998135e+00 -2.500000000000301981e-02
1.118749999999998135e+00 -2.500000000000301981e-02
1.118749999999998135e+00 -2.500000000000301981e-02
1.118749999999998135e+00 -2.500000000000301981e-02
1.118749999999998135e+00 -2.500000000000301981e-02
1.118749999999998135e+00 -2.500000000000301981e-02
1.118749999999998135e+00 -2.500000000000301981e-02
1.118749999999998135e+00 -2.500000000000301981e-02
1.109784698486326437e+00 -2.635192871094053577e-02
1.105974006652830077e+00 -3.564071655273744199e-02
1.097008705139158380e+00 -3.699264526367496142e-02
1.097008705139158380e+00 -3.699264526367496142e-02
1.097008705139158380e+00 -3.699264526367496142e-02
1.092778038978574839e+00 -4.089841842651677217e-02
1.092442059516905317e+00 -3.659200668335269718e-02
1.088211393356321999e+00 -4.049777984619451487e-02
1.088211393356321999e+00 -4.049777984619451487e-02
1.088211393356321999e+00 -4.049777984619451487e-02
1.086901742219923861e+00 -3.824441432953190612e-02
1.086901742219923861e+00 -3.824441432953190612e-02
1.087231296673415892e+00 -3.974352329969716574e-02
1.087799450289456793e+00 -3.862389363348793514e-02
1.087799450289456793e+00 -3.862389363348793514e-02
1.087799450289456793e+00 -3.862389363348793514e-02
1.087799450289456793e+00 -3.862389363348793514e-02
1.087799450289456793e+00 -3.862389363348793514e-02
1.087799450289456793e+00 -3.862389363348793514e-02
1.087799450289456793e+00 -3.862389363348793514e-02
1.087799450289456793e+00 -3.862389363348793514e-02
1.087799450289456793e+00 -3.862389363348793514e-02
1.087799450289456793e+00 -3.862389363348793514e-02
1.087817059330159264e+00 -3.869698683745664836e-02
1.087817059330159264e+00 -3.869698683745664836e-02
