1.000000000000000000e+00 5.000000000000000278e-02
1.074999999999999734e+00 4.500000000000001221e-02
1.187500000000000000e+00 4.250000000000000999e-02
1.293749999999999734e+00 3.125000000000002776e-02
1.571875000000000355e+00 2.062500000000003220e-02
1.923437500000000355e+00 -7.187499999999930056e-03
2.655468750000001599e+00 -4.234374999999990230e-02
3.724609375000001776e+00 -1.155468749999998129e-01
3.724609375000001776e+00 -1.155468749999998129e-01
3.373046875000002220e+00 -8.773437499999985068e-02
3.373046875000002220e+00 -8.773437499999985068e-02
3.373046875000002220e+00 -8.773437499999985068e-02
3.536035156250001865e+00 -1.020507812499998335e-01
3.520874023437502220e+00 -9.765136718749985179e-02
3.450750732421877132e+00 -9.379272460937485012e-02
3.450750732421877132e+00 -9.379272460937485012e-02
3.450750732421877132e+00 -9.379272460937485012e-02
3.450750732421877132e+00 -9.379272460937485012e-02
3.450750732421877132e+00 -9.379272460937485012e-02
3.455518627166750179e+00 -9.285741806030259338e-02
3.455518627166750179e+00 -9.285741806030259338e-02
3.455518627166750179e+00 -9.285741806030259338e-02
3.454745766520502137e+00 -9.362348973751054293e-02
3.454745766520502137e+00 -9.362348973751054293e-02
3.454745766520502137e+00 -9.362348973751054293e-02
3.454745766520502137e+00 -9.362348973751054293e-02
3.454666261840613650e+00 -9.303102517500505542e-02
3.454666261840613650e+00 -9.303102517500505542e-02
3.454777490970447396e+00 -9.347605230635949725e-02
3.454777490970447396e+00 -9.347605230635949725e-02
3.454650399615641021e+00 -9.310474389058057132e-02
3.454650399615641021e+00 -9.310474389058057132e-02
3.454650399615641021e+00 -9.310474389058057132e-02
3.454650399615641021e+00 -9.310474389058057132e-02
3.454762088148438437e+00 -9.336726891075144974e-02
3.454766676347141630e+00 -9.336097612797387979e-02
3.454707390931715416e+00 -9.323443320497161457e-02
3.454749560893933591e+00 -9.333248678861209846e-02
3.454749560893933591e+00 -9.333248678861209846e-02
