1.000000000000000000e+00 5.000000000000000278e-02
8.999999999999999112e-01 5.374999999999999223e-02
8.499999999999996447e-01 5.937499999999998335e-02
6.249999999999991118e-01 6.468749999999995337e-02
4.124999999999983125e-01 7.859374999999990674e-02
4.124999999999983125e-01 7.859374999999990674e-02
4.624999999999985789e-01 7.296874999999991562e-02
3.124999999999981126e-01 7.984374999999989397e-02
3.374999999999983569e-01 7.203124999999988010e-02
3.374999999999983569e-01 7.203124999999988010e-02
3.374999999999983569e-01 7.203124999999988010e-02
3.171874999999985123e-01 6.337890624999983902e-02
4.007812499999988676e-01 4.975585937499982236e-02
4.019531249999994671e-01 2.563964843749971800e-02
4.019531249999994671e-01 2.563964843749971800e-02
4.019531249999994671e-01 2.563964843749971800e-02
4.019531249999994671e-01 2.563964843749971800e-02
3.214843749999992673e-01 2.828613281249968414e-02
3.343749999999998668e-01 3.007812499999568123e-03
2.539062499999996669e-01 5.654296874999534261e-03
2.539062499999996669e-01 5.654296874999534261e-03
2.539062499999996669e-01 5.654296874999534261e-03
1.734374999999994671e-01 8.300781249999500400e-03
1.734374999999994671e-01 8.300781249999500400e-03
1.734374999999994671e-01 8.300781249999500400e-03
1.734374999999994671e-01 8.300781249999500400e-03
1.734374999999994671e-01 8.300781249999500400e-03
1.815399169921869671e-01 9.684791564940918585e-03
1.890350341796870337e-01 7.108192443847159703e-03
1.912124633789057393e-01 8.444347381591308516e-03
1.858318328857416768e-01 8.730530738830077214e-03
1.858318328857416768e-01 8.730530738830077214e-03
1.886503696441645395e-01 8.217627406119809574e-03
1.886503696441645395e-01 8.217627406119809574e-03
1.886503696441645395e-01 8.217627406119809574e-03
1.886503696441645395e-01 8.217627406119809574e-03
1.886503696441645395e-01 8.217627406119809574e-03
1.868047848343844242e-01 8.304446320980297946e-03
1.868047848343844242e-01 8.304446320980297946e-03
1.878767255693668814e-01 8.187878909520315829e-03
1.878767255693668814e-01 8.187878909520315829e-03
1.878767255693668814e-01 8.187878909520315829e-03
1.878767255693668814e-01 8.187878909520315829e-03
1.878767255693668814e-01 8.187878909520315829e-03
1.878767255693668814e-01 8.187878909520315829e-03
1.878767255693668814e-01 8.187878909520315829e-03
1.874506561096490886e-01 8.212637005730778761e-03
1.877855999478919569e-01 8.184220819679888931e-03
1.877474267990686951e-01 8.193153911112825705e-03
1.880823706373115634e-01 8.164737725061935875e-03
1.878502493330410361e-01 8.181583318883633993e-03
1.878502493330410361e-01 8.181583318883633993e-03
1.878502493330410361e-01 8.181583318883633993e-03
1.878502493330410361e-01 8.181583318883633993e-03
1.878502493330410361e-01 8.181583318883633993e-03
1.879221667038366572e-01 8.176171517908805558e-03
1.879221667038366572e-01 8.176171517908805558e-03
