2.109502608367118393e-01 -7.228021177419800478e-03 1.742165401116317299e-04 -3.410881918534288137e-06 5.753536751977683136e-08 -8.636059940067983697e-10 1.177282224787530824e-11 -1.478271329704388117e-13 1.727512267879753624e-15 -1.900428422845313667e-17 5.682441189470010356e-18 -3.915292011516010601e-16 2.453086070429686882e-14 -1.351917634982989369e-12 6.581422946662751983e-11 -2.856604670948458276e-09 1.125487909881770550e-07 -4.147605918530464948e-06 1.488826307174092374e-04 -5.421499662525705934e-03
-7.228021177419817825e-03 1.750565343434284382e-01 -8.409909366033424191e-03 2.462516920905347411e-04 -5.522791652240158068e-06 1.033342787177929182e-07 -1.685768171517029781e-09 2.462823827024071769e-11 -3.280295228106734414e-13 4.034388374085381221e-15 -4.628316543187415506e-17 2.664920786655615124e-18 -1.592529693690886778e-16 1.049950589576870318e-14 -6.247909951622540573e-13 3.385812751108922349e-11 -1.692889907661501002e-09 7.950260323396182557e-08 -3.584292561836433331e-06 1.587330233645298607e-04
1.742165401116328683e-04 -8.409909366033425926e-03 1.429141114301174798e-01 -8.336851467229441925e-03 2.796026108405098983e-04 -6.955334165997314677e-06 1.414381190006785070e-07 -2.472776715037863534e-09 3.831978439598141586e-11 -5.371535478408359711e-13 6.909921291956551592e-15 -8.246751956659251166e-17 2.079894733067086672e-18 -8.763966384625785940e-17 6.040372504719917616e-15 -3.827298113591934530e-13 2.251542628404466160e-11 -1.245386635215008002e-09 6.574294623952824951e-08 -3.366132550872465501e-06
-3.410881918534642197e-06 2.462516920905339279e-04 -8.336851467229464477e-03 1.147811335343013328e-01 -7.665576224776045333e-03 2.851217895879520382e-04 -7.708141898164093248e-06 1.679783116515244158e-07 -3.115076723070806104e-09 5.080417013494740674e-11 -7.448735214796001438e-13 9.972272748069774242e-15 -1.233408262903891090e-16 2.152382074340456094e-18 -5.671091785521173572e-17 4.066502172006271005e-15 -2.718061629544600019e-13 1.709664485488546250e-11 -1.023526949828383743e-09 5.904891538137232709e-08
5.753536751978681708e-08 -5.522791652240181785e-06 2.796026108405154278e-04 -7.665576224776048803e-03 9.069108453133502279e-02 -6.714002205467911946e-03 2.713680278121247493e-04 -7.861633676466659265e-06 1.817203114130003000e-07 -3.546548695937741571e-09 6.049799662021630524e-11 -9.231218619063206738e-13 1.280899389876958760e-14 -1.636270446548682244e-16 2.454786440430747881e-18 -4.080287575538396436e-17 3.032859985805071745e-15 -2.124417423402781968e-13 1.414468370597402923e-11 -9.042036177796466821e-10
-8.636059940257312931e-10 1.033342787177642779e-07 -6.955334165998065995e-06 2.851217895879552908e-04 -6.714002205467903273e-03 7.049486009121569419e-02 -5.668421001085917690e-03 2.454839968703211072e-04 -7.543002581833986494e-06 1.834897895719158646e-07 -3.745529995973800101e-09 6.649360751440267456e-11 -1.051574932937473845e-12 1.507081741621813484e-14 -1.982592426516143865e-16 2.805707943014074076e-18 -3.168389937997117792e-17 2.434339324936791094e-15 -1.778324800013440608e-13 1.244499942006225282e-11
1.177282224999401667e-11 -1.685768171529662483e-09 1.414381190006543666e-07 -7.708141898164155929e-06 2.713680278121242072e-04 -5.668421001085918558e-03 5.390749645931516149e-02 -4.642306974924245190e-03 2.132116401637625374e-04 -6.894277155558871102e-06 1.754063730675872526e-07 -3.726256749473076552e-09 6.856119424909674122e-11 -1.119894821310105156e-12 1.652856546060909165e-14 -2.233522085344995373e-16 3.103307803169136376e-18 -2.607128987492637731e-17 2.065987050273559222e-15 -1.568175125263672758e-13
-1.478271331629620196e-13 2.462823827052386226e-11 -2.472776715048628462e-09 1.679783116515214776e-07 -7.861633676466954032e-06 2.454839968703223540e-04 -4.642306974924237384e-03 4.055457055919611115e-02 -3.702001521126913226e-03 1.789037273082393824e-04 -6.050147581197691999e-06 1.601912142857387995e-07 -3.526952182863190873e-09 6.702555381103174499e-11 -1.127453300038919387e-12 1.709293125176804597e-14 -2.367411064380394676e-16 3.289171605826698700e-18 -2.245605566819472959e-17 1.832189504298101927e-15
1.727511549992934625e-15 -3.280295228399164772e-13 3.831978439532344538e-11 -3.115076723079577941e-09 1.817203114129801301e-07 -7.543002581834319378e-06 2.132116401637608027e-04 -3.702001521126921033e-03 3.001438615648449604e-02 -2.881562590785313738e-03 1.456225200067193346e-04 -5.124729788777876403e-06 1.406265210624960384e-07 -3.197848242156191119e-09 6.258275795262518957e-11 -1.081361410333277486e-12 1.680316521120507785e-14 -2.380731999651414759e-16 3.337652724329080552e-18 -2.007079862094205369e-17
-1.893685540438431044e-17 4.034388090307942915e-15 -5.371535477179304828e-13 5.080417013527287646e-11 -3.546548695935577253e-09 1.834897895719364846e-07 -6.894277155559154011e-06 1.789037273082411171e-04 -2.881562590785316774e-03 2.185336002683166412e-02 -2.192958843457824478e-03 1.153123169560205352e-04 -4.205536457994272912e-06 1.191893545001110125e-07 -2.791120576230404641e-09 5.610869870051275088e-11 -9.936800841966999780e-13 1.579532622422430451e-14 -2.285427456697028353e-16 3.248815139756578206e-18
1.959384339742212043e-19 -4.625682888550680049e-17 6.909921135058956967e-15 -7.448735213989191359e-13 6.049799661974062469e-11 -3.745529995972295460e-09 1.754063730676085608e-07 -6.050147581197963897e-06 1.456225200067194159e-04 -2.192958843457824911e-03 1.565330879954719701e-02 -1.633649985606984304e-03 8.901359232091877690e-05 -3.352752959597673689e-06 9.784940678473763977e-08 -2.353686352188966029e-09 4.849502082720373634e-11 -8.785638128344008127e-13 1.426178355963778479e-14 -2.103744432629731956e-16
-1.923296387581449590e-21 4.981116436581281907e-19 -8.245360319283356332e-17 9.972272646209965256e-15 -9.231218617580259308e-13 6.649360751488895336e-11 -3.726256749472057466e-09 1.601912142857941742e-07 -5.124729788777821346e-06 1.153123169560217414e-04 -1.633649985606985388e-03 1.103045287330065537e-02 -1.192323298562957467e-03 6.708719340913501074e-05 -2.601987006053659868e-06 7.800116467934805562e-08 -1.923016274562951157e-09 4.053106784980925293e-11 -7.498609122182057775e-13 1.240917695682810308e-14
1.798448117897053042e-23 -5.067567333351539864e-21 9.202529546654120242e-19 -1.233321794032683635e-16 1.280899382927765979e-14 -1.051574932868523212e-12 6.856119425027883401e-11 -3.526952182867830529e-09 1.406265210625207877e-07 -4.205536457994582079e-06 8.901359232091822125e-05 -1.192323298562956817e-03 7.646802505951793769e-03 -8.531480508433681147e-04 4.942412068107990226e-05 -1.968899026625394464e-06 6.049241792845478395e-08 -1.525576055169961755e-09 3.283614838562688976e-11 -6.192707429215346634e-13
-1.607735643053724520e-25 4.894294251535567295e-23 -9.669945309346522179e-21 1.421728735122664320e-18 -1.636210705052382571e-16 1.507081736504105498e-14 -1.119894821395872032e-12 6.702555381198375233e-11 -3.197848242157777238e-09 1.191893545001732959e-07 -3.352752959597464472e-06 6.708719340913563416e-05 -8.531480508433670305e-04 5.215138241935162247e-03 -5.987901978240540990e-04 3.562516010707802538e-05 -1.454462395063529451e-06 4.571103906129489140e-08 -1.177231231503532881e-09 2.582723229294951445e-11
1.378542602321240395e-27 -4.505386490372001750e-25 9.617963034054862255e-23 -1.538499105372712852e-20 1.942419943606900403e-18 -1.982547887807066006e-16 1.652856542710978830e-14 -1.127453300212415068e-12 6.258275795241960934e-11 -2.791120576239733171e-09 9.784940678469281320e-08 -2.601987006053912284e-06 4.942412068107995647e-05 -5.987901978240535569e-04 3.499059106998205979e-03 -4.124040157987428519e-04 2.514286252812733858e-05 -1.049980183898120163e-06 3.369748235225733419e-08 -8.844589771735123384e-10
-1.137675374440952207e-29 3.965955353334873626e-27 -9.095252625200236346e-25 1.571871159712330052e-22 -2.159168733424023460e-20 2.417629735977067053e-18 -2.233486886791677947e-16 1.709293123037644800e-14 -1.081361410309585910e-12 5.610869870137628220e-11 -2.353686352185636627e-09 7.800116467938300896e-08 -1.968899026625470273e-06 3.562516010707760525e-05 -4.124040157987436651e-04 2.309597581884024510e-03 -2.788126845602183798e-04 1.738495183126064460e-05 -7.413394241151224396e-07 2.424249342222919988e-08
9.166314803557659294e-32 -3.345592156945865679e-29 8.208380998631849356e-27 -1.523495921759332386e-24 2.261062273668120387e-22 -2.754470084570668638e-20 2.791604453935871016e-18 -2.367381939013390766e-16 1.680316518064283302e-14 -9.936800843119010341e-13 4.849502082693619511e-11 -1.923016274566560146e-09 6.049241792848068463e-08 -1.454462395063431195e-06 2.514286252812740634e-05 -2.788126845602193014e-04 1.499757418667483711e-03 -1.850806438366510496e-04 1.178276436275349275e-05 -5.117534236306319533e-07
-7.219835285957000392e-34 2.709951398816550360e-31 -7.093212696150022717e-29 1.406384251662787146e-26 -2.241835417719348290e-24 2.950723933333836155e-22 -3.253617719191067600e-20 3.026932136096407118e-18 -2.380706967650057850e-16 1.579532620894683926e-14 -8.785638128466747310e-13 4.053106785021621287e-11 -1.525576055173070506e-09 4.571103906129057683e-08 -1.049980183898122915e-06 1.738495183126081400e-05 -1.850806438366513478e-04 9.580881358516853217e-04 -1.206601506971602357e-04 7.817213098765001366e-06
6.016395766818266286e-36 -2.103807697280262707e-33 5.886176555996803636e-31 -1.240813303522930362e-28 2.113432354986178731e-26 -2.987731942297364700e-24 3.559412229470298824e-22 -3.602769019069980550e-20 3.108571634880460451e-18 -2.285405288014281750e-16 1.426178354306243509e-14 -7.498609122441931024e-13 3.283614838597325872e-11 -1.177231231503547770e-09 3.369748235225952456e-08 -7.413394241151422390e-07 1.178276436275356898e-05 -1.206601506971599375e-04 6.021165136206527158e-04 -7.698590120342217258e-05
-8.394918005460496696e-38 1.472161982580330584e-35 -4.727349440595635320e-33 1.049083633246867806e-30 -1.901047493158196803e-28 2.871800307236395388e-26 -3.674593864315551758e-24 4.018470397070344712e-22 -3.772237974220690212e-20 3.042371490005789201e-18 -2.103724272519458797e-16 1.240917693931733947e-14 -6.192707429459253843e-13 2.582723229303825542e-11 -8.844589771736319694e-10 2.424249342223123144e-08 -5.117534236306334356e-07 7.817213098764955626e-06 -7.698590120342215903e-05 3.678808533058974665e-04
