1.000000000000000000e+00 1.000000000000000000e+00
1.000000000000000000e+00 1.000000000000000000e+00
1.000000000000000000e+00 1.000000000000000000e+00
1.000000000000000000e+00 1.000000000000000000e+00
1.000000000000000000e+00 1.000000000000000000e+00
1.000000000000000000e+00 1.000000000000000000e+00
1.000000000000000000e+00 1.000000000000000000e+00
1.000000000000000000e+00 1.000000000000000000e+00
9.998046874999999556e-01 1.025097656249999822e+00
9.998046874999999556e-01 1.025097656249999822e+00
9.999023437499999778e-01 1.000048828124999956e+00
9.999023437499999778e-01 1.000048828124999956e+00
9.999023437499999778e-01 1.000048828124999956e+00
9.999023437499999778e-01 1.000048828124999956e+00
9.998840332031249112e-01 1.021932983398437411e+00
9.998733520507812056e-01 1.018032073974609375e+00
9.998550415039061390e-01 1.039916229248046831e+00
9.998741149902342640e-01 1.025453567504882812e+00
9.998601913452146439e-01 1.040011310577392711e+00
9.998610973358152965e-01 1.036324334144592463e+00
9.998337030410759940e-01 1.063596332073212469e+00
9.998337030410759940e-01 1.063596332073212469e+00
9.998337030410759940e-01 1.063596332073212469e+00
9.998337030410759940e-01 1.063596332073212469e+00
9.998337030410759940e-01 1.063596332073212469e+00
9.998451767489309194e-01 1.053087684605271246e+00
9.998394261579954811e-01 1.058562385500409375e+00
9.998394261579954811e-01 1.058562385500409375e+00
9.998394261579954811e-01 1.058562385500409375e+00
9.998394261579954811e-01 1.058562385500409375e+00
9.998394261579954811e-01 1.058562385500409375e+00
9.998394261579954811e-01 1.058562385500409375e+00
9.998416005853862920e-01 1.056560298370369022e+00
9.998416005853862920e-01 1.056560298370369022e+00
9.998402960675428774e-01 1.057763564576970960e+00
9.998408398476293923e-01 1.057265560205183030e+00
9.998395353297859778e-01 1.058468826411785191e+00
9.998395353297859778e-01 1.058468826411785191e+00
9.998395353297859778e-01 1.058468826411785191e+00
9.998395353297859778e-01 1.058468826411785191e+00
9.998395353297859778e-01 1.058468826411785191e+00
9.998395353297859778e-01 1.058468826411785191e+00
9.998395353297859778e-01 1.058468826411785191e+00
9.998391772786598963e-01 1.058797957547159552e+00
9.998391772786598963e-01 1.058797957547159552e+00
9.998391772786598963e-01 1.058797957547159552e+00
9.998392645304583493e-01 1.058717784877121204e+00
9.998392209045591228e-01 1.058757871212140378e+00
9.998392209045591228e-01 1.058757871212140378e+00
