3.111399478035397625e-01 -2.082483317771066933e-01 9.855809255878993091e-02 -3.808530333996637540e-02 1.274539148984654528e-02 -3.814994658909473795e-03 1.042423193355403958e-03 -2.637064802629195473e-04 6.240243911755247663e-05 -1.392214225655373683e-05 2.946672185095466853e-06 -5.946497458465523843e-07 1.148937411612789607e-07 -2.132801568865591688e-08 3.815155028622117147e-09 -6.593140253717966046e-10 1.103209420280843208e-10 -1.790829257150384692e-11 2.823733317291431196e-12 -4.239801964682844102e-13
-2.082483317771066378e-01 2.538625858770719446e-01 -1.743263980228869914e-01 8.830070594104234838e-02 -3.655669325995707791e-02 1.303949358608835936e-02 -4.136010757857693995e-03 1.191272643318975295e-03 -3.162024637600368486e-04 7.819899261566735395e-05 -1.817097664854345481e-05 3.993869680466618717e-06 -8.348259501092895289e-07 1.666955061206474892e-07 -3.191579475885016019e-08 5.877956214607213731e-09 -1.044186535000817732e-09 1.793457967247140887e-10 -2.982781266513861793e-11 4.701030579218689122e-12
9.855809255878986153e-02 -1.743263980228869636e-01 1.759096357949055667e-01 -1.203471091673985194e-01 6.324797758217386157e-02 -2.743852133227200202e-02 1.026737503698694348e-02 -3.410819244634469196e-03 1.026280115453130203e-03 -2.838103521671516230e-04 7.293691682279706461e-05 -1.756978571638958875e-05 3.994621916964594483e-06 -8.620116691342567804e-07 1.773785938033473510e-07 -3.494154522604616727e-08 6.611295767629839775e-09 -1.204970204038734868e-09 2.119287823249892007e-10 -3.513105532419431324e-11
-3.808530333996635459e-02 8.830070594104234838e-02 -1.203471091673985610e-01 1.112290663413778996e-01 -7.557113429690139050e-02 4.064614043052697245e-02 -1.824503265800426349e-02 7.088654671830595284e-03 -2.445940965702410146e-03 7.637077421804417494e-04 -2.188373375226649470e-04 5.817701786249411273e-05 -1.447282594753683672e-05 3.392684621049166183e-06 -7.537033166902161699e-07 1.594379815738826478e-07 -3.224519165513246472e-08 6.256080966105943610e-09 -1.166849364291498632e-09 2.038825800521878211e-10
1.274539148984653834e-02 -3.655669325995707097e-02 6.324797758217388932e-02 -7.557113429690139050e-02 6.621563346686137885e-02 -4.468992062008970284e-02 2.442217656137486356e-02 -1.125277782547472877e-02 4.507080584084078093e-03 -1.605511815210504140e-03 5.175308877204231987e-04 -1.529943218719861692e-04 4.191892119972170911e-05 -1.073535557468588382e-05 2.587584395763700411e-06 -5.903776598249096657e-07 1.281175580190192721e-07 -2.655133094261268431e-08 5.267601290363162114e-09 -9.723708409791124351e-10
-3.814994658909470326e-03 1.303949358608835069e-02 -2.743852133227199508e-02 4.064614043052694470e-02 -4.468992062008967509e-02 3.774002862287186011e-02 -2.532269488573532859e-02 1.400043483494894936e-02 -6.586225746048715232e-03 2.705449024920124953e-03 -9.903271716220876826e-04 3.282326798274026757e-04 -9.975530658278518314e-05 2.808313356921110667e-05 -7.384057943332886241e-06 1.825751047316488924e-06 -4.269273731626170100e-07 9.486270661164492585e-08 -2.008436669539148148e-08 3.926214987101236460e-09
1.042423193355403524e-03 -4.136010757857693128e-03 1.026737503698694348e-02 -1.824503265800426349e-02 2.442217656137486009e-02 -2.532269488573533900e-02 2.080527946892529734e-02 -1.388925306343213525e-02 7.747853811123769571e-03 -3.707203726187738042e-03 1.555707007222492493e-03 -5.830597987742260459e-04 1.980513304844454248e-04 -6.170010957258674424e-05 1.780136459485250948e-05 -4.794638249043795791e-06 1.213636693350876968e-06 -2.903063159783023913e-07 6.582456812834837802e-08 -1.366132609318370958e-08
-2.637064802629194931e-04 1.191272643318975078e-03 -3.410819244634469630e-03 7.088654671830595284e-03 -1.125277782547473050e-02 1.400043483494895977e-02 -1.388925306343214219e-02 1.116869203093153427e-02 -7.423248500246478268e-03 4.170256999984770993e-03 -2.023873894076854904e-03 8.650464576581027784e-04 -3.309879037738674111e-04 1.149146167063463004e-04 -3.660855659262254267e-05 1.080085539235539742e-05 -2.974115589828711776e-06 7.692313610656242221e-07 -1.875003105747768026e-07 4.142160236547522584e-08
6.240243911755243597e-05 -3.162024637600366860e-04 1.026280115453130203e-03 -2.445940965702409278e-03 4.507080584084077225e-03 -6.586225746048719569e-03 7.747853811123772173e-03 -7.423248500246477401e-03 5.866000453995220444e-03 -3.883813530200555617e-03 2.194431033532403142e-03 -1.077893898912044100e-03 4.681403120898163113e-04 -1.824366895950018557e-04 6.459609396113039667e-05 -2.100000000261609059e-05 6.323860071084231738e-06 -1.776876464689194549e-06 4.674831152863898580e-07 -1.102209683930161220e-07
-1.392214225655372836e-05 7.819899261566731329e-05 -2.838103521671515145e-04 7.637077421804412073e-04 -1.605511815210503273e-03 2.705449024920125387e-03 -3.707203726187738042e-03 4.170256999984769258e-03 -3.883813530200554316e-03 3.024816592826340585e-03 -1.995886532764458519e-03 1.133112686777079138e-03 -5.623960960539271282e-04 2.477170792851721777e-04 -9.813174218326985155e-05 3.536866131122677170e-05 -1.171287451379521178e-05 3.593210987392445511e-06 -1.024692424791297072e-06 2.585311280275369238e-07
2.946672185095465159e-06 -1.817097664854345142e-05 7.293691682279707816e-05 -2.188373375226648656e-04 5.175308877204230903e-04 -9.903271716220881163e-04 1.555707007222492709e-03 -2.023873894076854470e-03 2.194431033532402708e-03 -1.995886532764459386e-03 1.535383425838291252e-03 -1.010034560667496953e-03 5.757416541383495552e-04 -2.883635489090005861e-04 1.286137133227082438e-04 -5.170687124778056116e-05 1.893912985918685257e-05 -6.376469656730354898e-06 1.979629945826695009e-06 -5.358245876746511077e-07
-5.946497458465517490e-07 3.993869680466614482e-06 -1.756978571638958536e-05 5.817701786249406529e-05 -1.529943218719860608e-04 3.282326798274027299e-04 -5.830597987742258291e-04 8.650464576581024531e-04 -1.077893898912043449e-03 1.133112686777079355e-03 -1.010034560667496736e-03 7.687556615378786026e-04 -5.043424610360792851e-04 2.884845368950343289e-04 -1.456515682379109404e-04 6.569405855942859888e-05 -2.676451269210887001e-05 9.941665752157624678e-06 -3.374691723416006893e-06 9.821432178090103282e-07
1.148937411612788549e-07 -8.348259501092889995e-07 3.994621916964593636e-06 -1.447282594753683164e-05 4.191892119972168200e-05 -9.975530658278519670e-05 1.980513304844453977e-04 -3.309879037738673027e-04 4.681403120898160403e-04 -5.623960960539272367e-04 5.757416541383492299e-04 -5.043424610360792851e-04 3.803000706739250196e-04 -2.488829307485833689e-04 1.427903211581414830e-04 -7.260722834946997987e-05 3.307561517874987780e-05 -1.362304684374977031e-05 5.076649767245630689e-06 -1.591438997833689031e-06
-2.132801568865592019e-08 1.666955061206475686e-07 -8.620116691342578392e-07 3.392684621049168301e-06 -1.073535557468588890e-05 2.808313356921115071e-05 -6.170010957258681200e-05 1.149146167063464630e-04 -1.824366895950020725e-04 2.477170792851726114e-04 -2.883635489090010198e-04 2.884845368950348168e-04 -2.488829307485837484e-04 1.861272187412988527e-04 -1.215350902474342080e-04 6.990774020317694359e-05 -3.576240943494352368e-05 1.640498517520464376e-05 -6.733921441768801172e-06 2.275995529743857220e-06
3.815155028622110529e-09 -3.191579475885011387e-08 1.773785938033471657e-07 -7.537033166902152170e-07 2.587584395763697447e-06 -7.384057943332883700e-06 1.780136459485249931e-05 -3.660855659262252234e-05 6.459609396113036956e-05 -9.813174218326986510e-05 1.286137133227082167e-04 -1.456515682379109675e-04 1.427903211581414830e-04 -1.215350902474340589e-04 9.021835349207840509e-05 -5.877850375122447592e-05 3.386141211767771162e-05 -1.735459264330196336e-05 7.863156743190383201e-06 -2.864622002449102422e-06
-6.593140253717952604e-10 5.877956214607202977e-09 -3.494154522604610771e-08 1.594379815738823566e-07 -5.903776598249086069e-07 1.825751047316487230e-06 -4.794638249043789015e-06 1.080085539235538217e-05 -2.100000000261606010e-05 3.536866131122673782e-05 -5.170687124778050695e-05 6.569405855942853111e-05 -7.260722834946992566e-05 6.990774020317680807e-05 -5.877850375122440816e-05 4.332098888845745398e-05 -2.811889774864985821e-05 1.611842836458277529e-05 -8.060335999991150068e-06 3.158460423397438473e-06
1.103209420280842174e-10 -1.044186535000817111e-09 6.611295767629835639e-09 -3.224519165513243825e-08 1.281175580190191662e-07 -4.269273731626170100e-07 1.213636693350876968e-06 -2.974115589828710929e-06 6.323860071084229197e-06 -1.171287451379521178e-05 1.893912985918685257e-05 -2.676451269210887001e-05 3.307561517874987780e-05 -3.576240943494348303e-05 3.386141211767770484e-05 -2.811889774864987854e-05 2.051078484504532661e-05 -1.311933342842599535e-05 7.215717948005931451e-06 -3.027193435672334106e-06
-1.790829257150381784e-11 1.793457967247138561e-10 -1.204970204038733420e-09 6.256080966105932856e-09 -2.655133094261263468e-08 9.486270661164483321e-08 -2.903063159783019678e-07 7.692313610656229515e-07 -1.776876464689191373e-06 3.593210987392440006e-06 -6.376469656730342193e-06 9.941665752157604350e-06 -1.362304684374974490e-05 1.640498517520458616e-05 -1.735459264330192270e-05 1.611842836458275157e-05 -1.311933342842596486e-05 9.293688604969341341e-06 -5.574962894065060875e-06 2.484181513765181225e-06
2.823733317291427965e-12 -2.982781266513859208e-11 2.119287823249889681e-10 -1.166849364291497391e-09 5.267601290363153015e-09 -2.008436669539146163e-08 6.582456812834828538e-08 -1.875003105747764320e-07 4.674831152863891169e-07 -1.024692424791295801e-06 1.979629945826691198e-06 -3.374691723416001388e-06 5.076649767245621372e-06 -6.733921441768777455e-06 7.863156743190362872e-06 -8.060335999991136515e-06 7.215717948005911970e-06 -5.574962894065060028e-06 3.592618084825489594e-06 -1.679940097642873312e-06
-4.239801964682843092e-13 4.701030579218685891e-12 -3.513105532419430031e-11 2.038825800521876918e-10 -9.723708409791116079e-10 3.926214987101235632e-09 -1.366132609318370461e-08 4.142160236547517952e-08 -1.102209683930160029e-07 2.585311280275367650e-07 -5.358245876746504724e-07 9.821432178090094812e-07 -1.591438997833687126e-06 2.275995529743851714e-06 -2.864622002449098186e-06 3.158460423397435932e-06 -3.027193435672328177e-06 2.484181513765182496e-06 -1.679940097642874583e-06 8.107359864246090568e-07
