1.000000000000000000e+00 1.000000000000000000e+00
1.074999999999999734e+00 1.074999999999999734e+00
1.187500000000000000e+00 1.012499999999999734e+00
1.293749999999999734e+00 1.131249999999999201e+00
1.571875000000000355e+00 1.065624999999998934e+00
1.923437500000000355e+00 1.270312499999997513e+00
2.655468750000001599e+00 1.241406249999996270e+00
3.007031250000001599e+00 1.446093749999994849e+00
3.007031250000001599e+00 1.446093749999994849e+00
3.007031250000001599e+00 1.446093749999994849e+00
3.007031250000001599e+00 1.446093749999994849e+00
3.007031250000001599e+00 1.446093749999994849e+00
3.007031250000001599e+00 1.446093749999994849e+00
3.007031250000001599e+00 1.446093749999994849e+00
3.007031250000001599e+00 1.446093749999994849e+00
3.007031250000001599e+00 1.446093749999994849e+00
3.003991699218751865e+00 1.415490722656244982e+00
2.998556518554689632e+00 1.412173461914057571e+00
2.998556518554689632e+00 1.412173461914057571e+00
3.001233863830568005e+00 1.410214042663569423e+00
3.001233863830568005e+00 1.410214042663569423e+00
2.999935436248781340e+00 1.414811801910395461e+00
2.999935436248781340e+00 1.414811801910395461e+00
2.999935436248781340e+00 1.414811801910395461e+00
2.999935436248781340e+00 1.414811801910395461e+00
2.999935436248781340e+00 1.414811801910395461e+00
3.000063948333265174e+00 1.409303487837309632e+00
3.000039035454394654e+00 1.415120680257672792e+00
2.999993464071305738e+00 1.413511942978943337e+00
2.999993464071305738e+00 1.413511942978943337e+00
2.999993464071305738e+00 1.413511942978943337e+00
2.999993464071305738e+00 1.413511942978943337e+00
2.999993464071305738e+00 1.413511942978943337e+00
3.000001738015273034e+00 1.415216600884736664e+00
3.000001738015273034e+00 1.415216600884736664e+00
3.000001738015273034e+00 1.415216600884736664e+00
2.999999676717199470e+00 1.413927449607940368e+00
2.999999676717199470e+00 1.413927449607940368e+00
2.999999676717199470e+00 1.413927449607940368e+00
3.000000184853798935e+00 1.415112724227487462e+00
3.000000184853798935e+00 1.415112724227487462e+00
2.999999935577444710e+00 1.413944762384148568e+00
2.999999935577444710e+00 1.413944762384148568e+00
3.000000055423676315e+00 1.415104067839383362e+00
3.000000035046009650e+00 1.413663592408444192e+00
2.999999990406143624e+00 1.414164296254031061e+00
2.999999990406143624e+00 1.414164296254031061e+00
3.000000007631659749e+00 1.413553825473502723e+00
3.000000007631659749e+00 1.413553825473502723e+00
3.000000006266507757e+00 1.414142870873935642e+00
2.999999998677613799e+00 1.414006322213875233e+00
2.999999998677613799e+00 1.414006322213875233e+00
2.999999998677613799e+00 1.414006322213875233e+00
2.999999998858327466e+00 1.414354728834126274e+00
3.000000000449371651e+00 1.414201191709007155e+00
3.000000000449371651e+00 1.414201191709007155e+00
2.999999999699027864e+00 1.414365061926629474e+00
2.999999999796257200e+00 1.414149891062098430e+00
3.000000000098506980e+00 1.414229334101685609e+00
3.000000000098506980e+00 1.414229334101685609e+00
2.999999999971689313e+00 1.414135819865759203e+00
2.999999999971689313e+00 1.414135819865759203e+00
2.999999999971689313e+00 1.414135819865759203e+00
2.999999999978029575e+00 1.414221176390326518e+00
2.999999999978029575e+00 1.414221176390326518e+00
