7.693341458238551755e-01 -3.446132933896934314e-01 1.091525902637500295e-01 -2.822867129962373933e-02 6.322334344175691186e-03 -1.266512482844915112e-03 2.316065659157317072e-04 -3.921198836166595551e-05 6.209989836677411023e-06 -9.272282449919601337e-07 1.313420136625854680e-07 -1.773880442862692576e-08 2.293774606054027627e-09 -2.849679919555358142e-10 3.411529115706786896e-11 -3.945667370293469732e-12 4.418526762831510103e-13 -4.800312068548060522e-14 5.067579043663157236e-15 -5.153516606323161713e-16
-3.446132933896933204e-01 1.926679652358547212e-01 -7.315755890850404730e-02 2.205730390152605899e-02 -5.642853581911680058e-03 1.271166125542453175e-03 -2.582000566222241496e-04 4.807269363530430802e-05 -8.303481434956899458e-06 1.342871481354298085e-06 -2.048162686141183340e-07 2.963372163234423413e-08 -4.086833320169930964e-09 5.394028158409174422e-10 -6.836709471887043126e-11 8.345674235444517513e-12 -9.836950234762334428e-13 1.122045525428211387e-13 -1.240814719638533835e-14 1.317883496385289636e-15
1.091525902637499740e-01 -7.315755890850404730e-02 3.276425075328671249e-02 -1.144730480137345387e-02 3.340358553764966910e-03 -8.468352720949544159e-04 1.913995168559576928e-04 -3.927606120867993772e-05 7.416836274959191071e-06 -1.302306792524067625e-06 2.143715866246889319e-07 -3.330072317497703802e-08 4.908379610777257865e-09 -6.896025436403955301e-10 9.270695424075812440e-11 -1.196508600984928194e-11 1.486805166692162287e-12 -1.783255273093111869e-13 2.068627786256005179e-14 -2.297406682402347104e-15
-2.822867129962373239e-02 2.205730390152606246e-02 -1.144730480137345560e-02 4.591698989330266975e-03 -1.521968033452983718e-03 4.337066295912157072e-04 -1.091243796182690104e-04 2.471356649814297686e-05 -5.111337005919932801e-06 9.763796206021441383e-07 -1.738175686779533354e-07 2.904923009984032087e-08 -4.585279187959220546e-09 6.870473578813322122e-10 -9.814393798069088546e-11 1.341518185767528577e-11 -1.760237771369300635e-12 2.223289330700235417e-13 -2.709259921486210498e-14 3.150004596792669318e-15
6.322334344175686849e-03 -5.642853581911677456e-03 3.340358553764966043e-03 -1.521968033452982634e-03 5.694801924278178502e-04 -1.818549138837612122e-04 5.088632165999693751e-05 -1.272222232783747516e-05 2.884849724936695467e-06 -6.003960471954846793e-07 1.157905318334830410e-07 -2.085692890535752467e-08 3.531981815371497936e-09 -5.654283336591586394e-10 8.597485897514257160e-11 -1.246685592865954571e-11 1.730042921116952116e-12 -2.304623275764800876e-13 2.954302902145430623e-14 -3.600275639183827346e-15
-1.266512482844914462e-03 1.271166125542453175e-03 -8.468352720949543075e-04 4.337066295912156530e-04 -1.818549138837612393e-04 6.478257186319167900e-05 -2.011191408457940223e-05 5.546215665744101411e-06 -1.379100739621486591e-06 3.129709350237894824e-07 -6.546918470426676944e-08 1.272881981832725502e-08 -2.316229792194159098e-09 3.968134131967524794e-10 -6.432845404938606732e-11 9.911337802600472876e-12 -1.456889014049268797e-12 2.049888476345355337e-13 -2.768181147084766476e-14 3.539971199205799683e-15
2.316065659157316259e-04 -2.582000566222241496e-04 1.913995168559576928e-04 -1.091243796182689968e-04 5.088632165999695106e-05 -2.011191408457940223e-05 6.903190982718767527e-06 -2.095775867452748143e-06 5.710427797295946672e-07 -1.413255300441568269e-07 3.208847354201469328e-08 -6.741122817893987130e-09 1.319798337638744058e-09 -2.423090180151103698e-10 4.194177347690872866e-11 -6.876434918987926937e-12 1.072231472525371875e-12 -1.595784516373499523e-13 2.273225411519239075e-14 -3.053918826543123897e-15
-3.921198836166594196e-05 4.807269363530431480e-05 -3.927606120867994450e-05 2.471356649814297347e-05 -1.272222232783747855e-05 5.546215665744102258e-06 -2.095775867452748143e-06 6.985135152528993333e-07 -2.082268636218975804e-07 5.616422936471264996e-08 -1.384256487809276061e-08 3.143987441541742847e-09 -6.628782407449095468e-10 1.305700825867566417e-10 -2.416179101459930519e-11 4.220960224964902529e-12 -6.991291608599352992e-13 1.102080891957244195e-13 -1.658275287965356403e-14 2.342815424995748937e-15
6.209989836677416105e-06 -8.303481434956907928e-06 7.416836274959199542e-06 -5.111337005919937037e-06 2.884849724936699702e-06 -1.379100739621488073e-06 5.710427797295953025e-07 -2.082268636218978450e-07 6.775376077224299726e-08 -1.989058013314666840e-08 5.318547638178344220e-09 -1.306048300306086739e-09 2.966890252021986506e-10 -6.274877627002516959e-11 1.242611490070677802e-11 -2.315671986484102557e-12 4.079165821197812099e-13 -6.819306370257235384e-14 1.085160351671500256e-14 -1.613833727218547204e-15
-9.272282449919607689e-07 1.342871481354299779e-06 -1.302306792524069531e-06 9.763796206021451971e-07 -6.003960471954859498e-07 3.129709350237900118e-07 -1.413255300441570651e-07 5.616422936471274261e-08 -1.989058013314667502e-08 6.343170603376810903e-09 -1.837986091904157707e-09 4.877509263562536881e-10 -1.193829515846157493e-10 2.712203321984223075e-11 -5.751781907110897556e-12 1.144444825778058763e-12 -2.146275285626044208e-13 3.809335662027604138e-14 -6.418021027215335126e-15 1.005573890734091652e-15
1.313420136625856003e-07 -2.048162686141186251e-07 2.143715866246892231e-07 -1.738175686779535471e-07 1.157905318334832395e-07 -6.546918470426687532e-08 3.208847354201475284e-08 -1.384256487809278377e-08 5.318547638178347529e-09 -1.837986091904158120e-09 5.761588615850331421e-10 -1.650643248840381239e-10 4.351206036399646676e-11 -1.061873154159826272e-11 2.412468609186078717e-12 -5.128340216748040621e-13 1.024746986062152243e-13 -1.932781517418707987e-14 3.451107987888652985e-15 -5.700559596415936454e-16
-1.773880442862695223e-08 2.963372163234427714e-08 -3.330072317497709096e-08 2.904923009984036388e-08 -2.085692890535757099e-08 1.272881981832728149e-08 -6.741122817894000365e-09 3.143987441541748223e-09 -1.306048300306087359e-09 4.877509263562537915e-10 -1.650643248840381498e-10 5.097853675625363885e-11 -1.446014968125431195e-11 3.789203447273854658e-12 -9.222498636393853082e-13 2.095203253959184444e-13 -4.463330215174659024e-14 8.952528919222653058e-15 -1.695487994575491693e-15 2.954039217723387874e-16
2.293774606054027627e-09 -4.086833320169932618e-09 4.908379610777258692e-09 -4.585279187959221373e-09 3.531981815371500004e-09 -2.316229792194161166e-09 1.319798337638744886e-09 -6.628782407449100638e-10 2.966890252021984438e-10 -1.193829515846155942e-10 4.351206036399640859e-11 -1.446014968125429418e-11 4.407889233655326790e-12 -1.239300742589736419e-12 3.230234371886407518e-13 -7.842847271458949699e-14 1.781653499691069675e-14 -3.802306975751546013e-15 7.642363296459260343e-16 -1.404852843841312643e-16
-2.849679919555365380e-10 5.394028158409190965e-10 -6.896025436403978049e-10 6.870473578813342801e-10 -5.654283336591606039e-10 3.968134131967537719e-10 -2.423090180151111453e-10 1.305700825867570553e-10 -6.274877627002527299e-11 2.712203321984226629e-11 -1.061873154159827403e-11 3.789203447273858697e-12 -1.239300742589739044e-12 3.734208920361024192e-13 -1.041612437959351999e-13 2.701883033737361740e-14 -6.545299076620117017e-15 1.486604114907769525e-15 -3.172199144770660987e-16 6.152482648147028402e-17
3.411529115706795944e-11 -6.836709471887063806e-11 9.270695424075842167e-11 -9.814393798069119566e-11 8.597485897514288179e-11 -6.432845404938629996e-11 4.194177347690889022e-11 -2.416179101459939890e-11 1.242611490070681195e-11 -5.751781907110910481e-12 2.412468609186083564e-12 -9.222498636393871258e-13 3.230234371886419130e-13 -1.041612437959353008e-13 3.106130924559798416e-14 -8.602473168363544890e-15 2.221612456847990068e-15 -5.369840936993853564e-16 1.216592299967460764e-16 -2.488834864098295505e-17
-3.945667370293464077e-12 8.345674235444506204e-12 -1.196508600984926417e-11 1.341518185767526477e-11 -1.246685592865953601e-11 9.911337802600464798e-12 -6.876434918987919667e-12 4.220960224964896875e-12 -2.315671986484096902e-12 1.144444825778055330e-12 -5.128340216748024465e-13 2.095203253959177628e-13 -7.842847271458934553e-14 2.701883033737350065e-14 -8.602473168363499136e-15 2.541367510527032618e-15 -6.992582399231727066e-16 1.798119021361382868e-16 -4.324337835496082079e-17 9.325133676036265812e-18
4.418526762831534842e-13 -9.836950234762390974e-13 1.486805166692171173e-12 -1.760237771369310732e-12 1.730042921116963627e-12 -1.456889014049278491e-12 1.072231472525378741e-12 -6.991291608599398431e-13 4.079165821197833304e-13 -2.146275285626054053e-13 1.024746986062156661e-13 -4.463330215174678588e-14 1.781653499691079457e-14 -6.545299076620139894e-15 2.221612456847994801e-15 -6.992582399231780314e-16 2.048106791807261845e-16 -5.599451559828516300e-17 1.428568565737854980e-17 -3.243849835134709373e-18
-4.800312068548067464e-14 1.122045525428213154e-13 -1.783255273093115150e-13 2.223289330700238951e-13 -2.304623275764806429e-13 2.049888476345359881e-13 -1.595784516373502805e-13 1.102080891957246719e-13 -6.819306370257241695e-14 3.809335662027605400e-14 -1.932781517418708303e-14 8.952528919222653058e-15 -3.802306975751552324e-15 1.486604114907768736e-15 -5.369840936993842717e-16 1.798119021361389031e-16 -5.599451559828496578e-17 1.625857465663458972e-17 -4.395231914366071197e-18 1.049136988472915921e-18
5.067579043663154869e-15 -1.240814719638533993e-14 2.068627786256005494e-14 -2.709259921486210498e-14 2.954302902145433148e-14 -2.768181147084768369e-14 2.273225411519240653e-14 -1.658275287965358612e-14 1.085160351671500256e-14 -6.418021027215332760e-15 3.451107987888651407e-15 -1.695487994575491298e-15 7.642363296459269217e-16 -3.172199144770659015e-16 1.216592299967458052e-16 -4.324337835496098719e-17 1.428568565737850049e-17 -4.395231914366072738e-18 1.255665346152737148e-18 -3.140847960510165949e-19
-5.153516606323171574e-16 1.317883496385292594e-15 -2.297406682402353021e-15 3.150004596792676417e-15 -3.600275639183837601e-15 3.539971199205808361e-15 -3.053918826543132575e-15 2.342815424995754854e-15 -1.613833727218548979e-15 1.005573890734092441e-15 -5.700559596415937440e-16 2.954039217723388860e-16 -1.404852843841314615e-16 6.152482648147024705e-17 -2.488834864098290266e-17 9.325133676036299708e-18 -3.243849835134697432e-18 1.049136988472915728e-18 -3.140847960510163542e-19 8.165736380436388192e-20
