1.000000000000000000e+00 5.000000000000000278e-02
1.074999999999999734e+00 4.500000000000001221e-02
1.187500000000000000e+00 4.250000000000000999e-02
1.293749999999999734e+00 3.125000000000002776e-02
1.571875000000000355e+00 2.062500000000003220e-02
1.923437500000000355e+00 -7.187499999999930056e-03
2.655468750000001599e+00 -4.234374999999990230e-02
3.007031250000001599e+00 -7.015624999999986455e-02
3.007031250000001599e+00 -7.015624999999986455e-02
3.007031250000001599e+00 -7.015624999999986455e-02
3.007031250000001599e+00 -7.015624999999986455e-02
2.991870117187501954e+00 -6.575683593749986899e-02
2.921746826171876865e+00 -6.189819335937487427e-02
2.921746826171876865e+00 -6.189819335937487427e-02
2.921746826171876865e+00 -6.189819335937487427e-02
2.921746826171876865e+00 -6.189819335937487427e-02
2.921746826171876865e+00 -6.189819335937487427e-02
2.921746826171876865e+00 -6.189819335937487427e-02
2.914077281951906073e+00 -6.044561386108386614e-02
2.913840007781983488e+00 -6.243795394897447976e-02
2.913840007781983488e+00 -6.243795394897447976e-02
2.919384551048278098e+00 -6.527068614959699588e-02
2.914131367206572065e+00 -6.822298288345315931e-02
2.922593861818308270e+00 -7.536459565162627328e-02
2.916318741440765194e+00 -8.483999550342513629e-02
2.930106170475465177e+00 -1.038609209656708166e-01
2.924449644237729018e+00 -1.323221834003913966e-01
2.938237073272429001e+00 -1.513431088626370769e-01
2.933817735314306674e+00 -2.177760964632011187e-01
2.933817735314306674e+00 -2.177760964632011187e-01
2.919610242824925095e+00 -2.616392665170104159e-01
2.919610242824925095e+00 -2.616392665170104159e-01
2.919610242824925095e+00 -2.616392665170104159e-01
2.911611693818044522e+00 -2.687370506860286001e-01
2.911611693818044522e+00 -2.687370506860286001e-01
2.907402387587262993e+00 -3.037279905285651393e-01
2.912453988648398884e+00 -2.914313634834219124e-01
2.912453988648398884e+00 -2.914313634834219124e-01
2.912453988648398884e+00 -2.914313634834219124e-01
2.910875261695497151e+00 -2.883148795680212095e-01
2.910585900684831806e+00 -2.926922743111811664e-01
2.911592284919281681e+00 -2.909674702115115363e-01
2.910982177248777170e+00 -2.900723759146838221e-01
2.910936565884430394e+00 -2.916060986871394367e-01
2.911275828242942509e+00 -2.909033537562115690e-01
2.911044187156231811e+00 -2.906635510681796486e-01
2.911048286792008888e+00 -2.911947755496675505e-01
2.911161032608531318e+00 -2.909162585325675843e-01
2.911161032608531318e+00 -2.909162585325675843e-01
2.911098125541209392e+00 -2.911393274148723065e-01
2.911098125541209392e+00 -2.911393274148723065e-01
2.911098125541209392e+00 -2.911393274148723065e-01
2.911098125541209392e+00 -2.911393274148723065e-01
2.911098125541209392e+00 -2.911393274148723065e-01
