1.000000000000000000e+00 5.000000000000000278e-02
1.074999999999999734e+00 4.500000000000001221e-02
1.187500000000000000e+00 4.250000000000000999e-02
1.293749999999999734e+00 3.125000000000002776e-02
1.571875000000000355e+00 2.062500000000003220e-02
1.678125000000000089e+00 9.375000000000049960e-03
1.678125000000000089e+00 9.375000000000049960e-03
1.707812500000000400e+00 1.093750000000004441e-02
1.632421875000000355e+00 1.539062500000003969e-02
1.662109375000000444e+00 1.695312500000003414e-02
1.662109375000000444e+00 1.695312500000003414e-02
1.744628906250000888e+00 1.498046875000003109e-02
1.755029296875000977e+00 2.079101562500001305e-02
1.925268554687502132e+00 1.975097656249999445e-02
1.925268554687502132e+00 1.975097656249999445e-02
2.281347656250004796e+00 2.638671874999992673e-02
2.281347656250004796e+00 2.638671874999992673e-02
2.627026367187507816e+00 2.721191406249987704e-02
2.627026367187507816e+00 2.721191406249987704e-02
2.627026367187507816e+00 2.721191406249987704e-02
2.719946289062508349e+00 3.104980468749985595e-02
2.655456542968757994e+00 3.107666015624986275e-02
2.657363891601570494e+00 2.913757324218736733e-02
2.592874145507820138e+00 2.916442871093737760e-02
2.592874145507820138e+00 2.916442871093737760e-02
2.636972427368172056e+00 2.938835144042955747e-02
2.627605533599861154e+00 2.969511032104479170e-02
2.612581562995918372e+00 2.935307979583727522e-02
2.628532987833030798e+00 2.945622324943529546e-02
2.624081404507167647e+00 2.954988092184053852e-02
2.619444379583009130e+00 2.942806594073759524e-02
2.619444379583009130e+00 2.942806594073759524e-02
2.619444379583009130e+00 2.942806594073759524e-02
2.622562793619007238e+00 2.943101149518029952e-02
2.620757250807954186e+00 2.939016103860909307e-02
2.620552200898244699e+00 2.941932610381614577e-02
2.621608759736053340e+00 2.941787753319646120e-02
2.620918865562551492e+00 2.940438142855769654e-02
2.620908006773773558e+00 2.941522779234661406e-02
2.620908006773773558e+00 2.941522779234661406e-02
2.621167395763135843e+00 2.941961093384934389e-02
2.621149399610281705e+00 2.941563021746114448e-02
2.621033202230241166e+00 2.941642418400092912e-02
2.621033202230241166e+00 2.941642418400092912e-02
2.621033202230241166e+00 2.941642418400092912e-02
2.621033202230241166e+00 2.941642418400092912e-02
