1.000000000000000000e+00 1.000000000000000000e+00
1.074999999999999734e+00 8.999999999999999112e-01
1.187500000000000000e+00 8.499999999999996447e-01
1.293749999999999734e+00 6.249999999999991118e-01
1.406250000000000000e+00 5.749999999999988454e-01
1.406250000000000000e+00 5.749999999999988454e-01
1.376562499999999911e+00 5.437499999999988454e-01
1.451953124999999734e+00 4.546874999999985789e-01
1.422265624999999645e+00 4.234374999999985789e-01
1.422265624999999645e+00 4.234374999999985789e-01
1.422265624999999645e+00 4.234374999999985789e-01
1.422265624999999645e+00 4.234374999999985789e-01
1.377880859374999822e+00 3.556640624999984901e-01
1.377880859374999822e+00 3.556640624999984901e-01
1.334082031250000355e+00 2.042968749999982681e-01
1.252221679687501421e+00 1.497070312499982903e-01
1.208422851562501954e+00 -1.660156250001931788e-03
1.208422851562501954e+00 -1.660156250001931788e-03
1.178442382812502354e+00 8.886718749998134825e-03
1.178442382812502354e+00 8.886718749998134825e-03
1.178442382812502354e+00 8.886718749998134825e-03
1.178442382812502354e+00 8.886718749998134825e-03
1.118920898437502753e+00 -3.271484375000185268e-02
1.088574218750003375e+00 3.007812499999831801e-02
1.029052734375003775e+00 -1.152343750000166950e-02
1.029052734375003775e+00 -1.152343750000166950e-02
1.029052734375003775e+00 -1.152343750000166950e-02
1.029052734375003775e+00 -1.152343750000166950e-02
9.747085571289106909e-01 8.245849609373454014e-03
9.966464996337931481e-01 1.176605224609217695e-02
1.007365131378177736e+00 -7.587432861344270071e-04
1.007365131378177736e+00 -7.587432861344270071e-04
1.007365131378177736e+00 -7.587432861344270071e-04
9.957888305187265754e-01 1.835179328916865249e-03
1.000326399505142572e+00 -2.555912733079610498e-03
1.002711373195056099e+00 -5.595549941078998158e-04
9.986538584344130109e-01 1.387227326615551003e-04
9.986538584344130109e-01 1.387227326615551003e-04
1.001234332198513988e+00 -4.513771274799441204e-06
9.994857809899301282e-01 -3.805093641874566254e-04
9.995069575143176177e-01 -2.689441753478646652e-05
1.000365350725318958e+00 -1.041078310679605004e-04
1.000161340684762479e+00 9.200299564166808755e-05
9.998851516096791681e-01 -1.647341762396633646e-05
9.998851516096791681e-01 -1.647341762396633646e-05
9.998851516096791681e-01 -1.647341762396633646e-05
1.000093570334021909e+00 -1.230654913140555118e-05
1.000044946912859611e+00 9.600139889883906790e-06
9.999772051165599640e-01 -8.913311122363578906e-06
9.999772051165599640e-01 -8.913311122363578906e-06
9.999772051165599640e-01 -8.913311122363578906e-06
