1.000000000000000000e+00 5.000000000000000278e-02
8.999999999999999112e-01 5.374999999999999223e-02
8.499999999999996447e-01 5.062499999999997558e-02
6.249999999999991118e-01 5.656249999999993228e-02
4.124999999999983125e-01 5.328124999999989120e-02
1.874999999999977796e-01 5.921874999999984790e-02
1.874999999999977796e-01 5.921874999999984790e-02
2.468749999999978462e-01 5.542968749999985928e-02
2.468749999999978462e-01 5.542968749999985928e-02
1.394531249999972911e-01 4.965332031249986011e-02
2.902343749999977129e-01 4.845214843749988398e-02
2.902343749999977129e-01 4.845214843749988398e-02
3.335937499999975797e-01 4.147460937499991562e-02
3.119140624999976463e-01 4.496337890624989980e-02
3.093261718749975575e-01 4.249694824218740868e-02
3.093261718749975575e-01 4.249694824218740868e-02
3.093261718749975575e-01 4.249694824218740868e-02
3.179016113281224465e-01 3.859443664550772646e-02
3.179016113281224465e-01 3.859443664550772646e-02
3.047782897949191661e-01 3.363421440124501893e-02
3.047782897949191661e-01 3.363421440124501893e-02
3.088058471679656636e-01 2.086896896362294695e-02
3.088058471679656636e-01 2.086896896362294695e-02
2.865867614746056002e-01 -1.816720962524526195e-03
3.158428192138629242e-01 -1.695263385772714793e-02
3.158428192138629242e-01 -1.695263385772714793e-02
2.974192619323685616e-01 -2.451150059700022907e-02
2.974192619323685616e-01 -2.451150059700022907e-02
3.166531801223708142e-01 -3.018974035978327225e-02
3.166531801223708142e-01 -3.018974035978327225e-02
3.048345714807464413e-01 -2.995011713355789917e-02
3.048345714807464413e-01 -2.995011713355789917e-02
3.048345714807464413e-01 -2.995011713355789917e-02
3.048345714807464413e-01 -2.995011713355789917e-02
3.048345714807464413e-01 -2.995011713355789917e-02
3.048345714807464413e-01 -2.995011713355789917e-02
3.013327010965394237e-01 -3.006503219563466667e-02
3.013327010965394237e-01 -3.006503219563466667e-02
3.013327010965394237e-01 -3.006503219563466667e-02
3.013327010965394237e-01 -3.006503219563466667e-02
3.013327010965394237e-01 -3.006503219563466667e-02
3.013327010965394237e-01 -3.006503219563466667e-02
3.013327010965394237e-01 -3.006503219563466667e-02
3.013327010965394237e-01 -3.006503219563466667e-02
3.009024709642997286e-01 -3.008187367148816224e-02
3.009024709642997286e-01 -3.008187367148816224e-02
3.009354930819089780e-01 -3.004511443713022215e-02
3.005465405966808445e-01 -3.001600687003629087e-02
3.005465405966808445e-01 -3.001600687003629087e-02
3.001814405838992839e-01 -3.001810717459755390e-02
3.001814405838992839e-01 -3.001810717459755390e-02
3.001814405838992839e-01 -3.001810717459755390e-02
3.000554205936817875e-01 -3.000315958394535187e-02
3.000554205936817875e-01 -3.000315958394535187e-02
3.000554205936817875e-01 -3.000315958394535187e-02
3.000554205936817875e-01 -3.000315958394535187e-02
3.000554205936817875e-01 -3.000315958394535187e-02
3.000554205936817875e-01 -3.000315958394535187e-02
