-9.421833820014757777e-02 -6.285471244745000075e-01 8.456493435813650095e-02 3.885223482750730373e-01
-9.775152588265312303e-02 -6.521176416422937994e-01 8.773611939656661418e-02 3.496701134475657113e-01
-9.775152588265312303e-02 -6.521176416422937994e-01 8.773611939656661418e-02 3.496701134475657113e-01
-9.775152588265312303e-02 -6.521176416422937994e-01 8.773611939656661418e-02 3.496701134475657113e-01
-9.929729549374927133e-02 -7.213560358226878133e-01 8.542379697271132444e-02 3.229592020036544664e-01
-1.031065134639505554e-01 -7.045374897185849861e-01 9.452443736945609354e-02 2.737868423000904272e-01
-1.031065134639505554e-01 -7.045374897185849861e-01 9.452443736945609354e-02 2.737868423000904272e-01
-1.122500167438721386e-01 -7.573102817368417838e-01 8.851033449383954865e-02 2.038983495732658024e-01
-1.142909156835225093e-01 -8.715605375594432935e-01 9.384777337443950262e-02 1.139956440812944782e-01
-1.142909156835225093e-01 -8.715605375594432935e-01 9.384777337443950262e-02 1.139956440812944782e-01
-1.364726089667102071e-01 -9.175492291062483652e-01 1.001434969916890072e-01 -3.775904145253938804e-02
-1.364726089667102071e-01 -9.175492291062483652e-01 1.001434969916890072e-01 -3.775904145253938804e-02
-1.364726089667102071e-01 -9.175492291062483652e-01 1.001434969916890072e-01 -3.775904145253938804e-02
-1.364726089667102071e-01 -9.175492291062483652e-01 1.001434969916890072e-01 -3.775904145253938804e-02
-1.364726089667102071e-01 -9.175492291062483652e-01 1.001434969916890072e-01 -3.775904145253938804e-02
-1.364726089667102071e-01 -9.175492291062483652e-01 1.001434969916890072e-01 -3.775904145253938804e-02
-1.246450223535920804e-01 -8.804420982827775299e-01 1.005129271566112814e-01 3.626449063486107682e-02
-1.291988041085910255e-01 -9.245573687986978761e-01 1.000484651866113961e-01 -1.820252097885535075e-02
-1.291988041085910255e-01 -9.245573687986978761e-01 1.000484651866113961e-01 -1.820252097885535075e-02
-1.270600910926332761e-01 -9.083264153715724376e-01 9.832215432791302501e-02 1.346706754737047110e-02
-1.270600910926332761e-01 -9.083264153715724376e-01 9.832215432791302501e-02 1.346706754737047110e-02
-1.313778248561075501e-01 -9.068240612862701333e-01 9.981388119747933163e-02 -1.044644274800688583e-02
-1.313778248561075501e-01 -9.068240612862701333e-01 9.981388119747933163e-02 -1.044644274800688583e-02
-1.313778248561075501e-01 -9.068240612862701333e-01 9.981388119747933163e-02 -1.044644274800688583e-02
-1.313778248561075501e-01 -9.068240612862701333e-01 9.981388119747933163e-02 -1.044644274800688583e-02
-1.286937730569532867e-01 -9.133774958173792591e-01 9.966347236266727416e-02 -5.611494891859054347e-03
-1.286937730569532867e-01 -9.133774958173792591e-01 9.966347236266727416e-02 -5.611494891859054347e-03
-1.281827274617246826e-01 -8.991607403480896821e-01 9.956874254848233075e-02 4.786822225177782275e-03
-1.284672733109523679e-01 -9.022562607615631780e-01 9.995134622730895979e-02 3.491899460532234007e-03
-1.284672733109523679e-01 -9.022562607615631780e-01 9.995134622730895979e-02 3.491899460532234007e-03
-1.284672733109523679e-01 -9.022562607615631780e-01 9.995134622730895979e-02 3.491899460532234007e-03
-1.284672733109523679e-01 -9.022562607615631780e-01 9.995134622730895979e-02 3.491899460532234007e-03
-1.284915837244160475e-01 -9.072478829235713915e-01 9.982677289632704842e-02 -1.737404350150275213e-03
-1.284915837244160475e-01 -9.072478829235713915e-01 9.982677289632704842e-02 -1.737404350150275213e-03
-1.286269613687893720e-01 -9.026351022285465930e-01 1.002067927646202727e-01 -1.182751657343604794e-03
-1.279942162899314617e-01 -9.031215124447232734e-01 1.000656510231760221e-01 1.642702732792840304e-03
-1.284300504478014249e-01 -9.033949067474374983e-01 1.000252627305674991e-01 1.381897222053592514e-03
-1.284300504478014249e-01 -9.033949067474374983e-01 1.000252627305674991e-01 1.381897222053592514e-03
-1.284163024955237986e-01 -9.051516302438407102e-01 9.992119219497958005e-02 -4.275725423028550526e-04
-1.284576589585522677e-01 -9.031598058982401867e-01 1.000755020579210952e-01 -5.584880651942605769e-05
-1.288142181410092402e-01 -9.042666534179025772e-01 9.982769719664036367e-02 -3.498704138394680748e-04
-1.284212072353628220e-01 -9.035316189562943023e-01 9.986357650059587976e-02 9.121700647616967812e-04
-1.284212072353628220e-01 -9.035316189562943023e-01 9.986357650059587976e-02 9.121700647616967812e-04
-1.284212072353628220e-01 -9.035316189562943023e-01 9.986357650059587976e-02 9.121700647616967812e-04
-1.284212072353628220e-01 -9.035316189562943023e-01 9.986357650059587976e-02 9.121700647616967812e-04
-1.286950706045976722e-01 -9.037723502332999370e-01 9.985355689495217790e-02 3.059628606770813716e-04
-1.284077025158291696e-01 -9.066601748269298433e-01 9.966864170516370747e-02 2.790546003667254520e-04
-1.284077025158291696e-01 -9.066601748269298433e-01 9.966864170516370747e-02 2.790546003667254520e-04
-1.286486633235252586e-01 -9.060902382649229647e-01 9.943131551976663873e-02 3.784624322030485065e-04
-1.286486633235252586e-01 -9.060902382649229647e-01 9.943131551976663873e-02 3.784624322030485065e-04
-1.286486633235252586e-01 -9.060902382649229647e-01 9.943131551976663873e-02 3.784624322030485065e-04
-1.284502657273949855e-01 -9.121126038525364521e-01 9.889447972289799882e-02 -1.684674265135880093e-04
-1.284502657273949855e-01 -9.121126038525364521e-01 9.889447972289799882e-02 -1.684674265135880093e-04
-1.287584408571150751e-01 -9.121908598569186122e-01 9.857386745937801731e-02 1.557552186337466207e-04
-1.284969596274320169e-01 -9.161613141534772353e-01 9.792173875890736179e-02 1.035388943474023667e-04
-1.284969596274320169e-01 -9.161613141534772353e-01 9.792173875890736179e-02 1.035388943474023667e-04
-1.280665367933099263e-01 -9.260524688951643490e-01 9.684584978661897603e-02 1.549954178159472615e-04
-1.285592427333173138e-01 -9.306239784359915390e-01 9.554443051309041701e-02 3.201739029306100402e-04
-1.285592427333173138e-01 -9.306239784359915390e-01 9.554443051309041701e-02 3.201739029306100402e-04
-1.276795549077655023e-01 -9.423669781934194134e-01 9.379480861012601256e-02 1.243766207426568859e-03
-1.273214387257237123e-01 -9.671538084814725877e-01 9.039559469461366792e-02 1.018583975022770627e-03
-1.273214387257237123e-01 -9.671538084814725877e-01 9.039559469461366792e-02 1.018583975022770627e-03
-1.273214387257237123e-01 -9.671538084814725877e-01 9.039559469461366792e-02 1.018583975022770627e-03
-1.256235381711914290e-01 -1.016670856007330759e+00 8.245370326413031803e-02 3.319046286579614181e-03
-1.258409012698644136e-01 -1.048912764852908186e+00 7.744711806056236991e-02 3.028321736952480428e-03
-1.258409012698644136e-01 -1.048912764852908186e+00 7.744711806056236991e-02 3.028321736952480428e-03
-1.258409012698644136e-01 -1.048912764852908186e+00 7.744711806056236991e-02 3.028321736952480428e-03
-1.258409012698644136e-01 -1.048912764852908186e+00 7.744711806056236991e-02 3.028321736952480428e-03
-1.241453447193852644e-01 -1.137627734606468266e+00 6.462636350711342681e-02 3.274986226172860518e-03
-1.241453447193852644e-01 -1.137627734606468266e+00 6.462636350711342681e-02 3.274986226172860518e-03
-1.241453447193852644e-01 -1.137627734606468266e+00 6.462636350711342681e-02 3.274986226172860518e-03
-1.248975778129534642e-01 -1.181318699719672072e+00 5.771718697552652433e-02 2.826919030586677074e-03
-1.239642102266296786e-01 -1.242573932448078011e+00 4.952109948890609514e-02 1.233211753649561711e-03
-1.239642102266296786e-01 -1.242573932448078011e+00 4.952109948890609514e-02 1.233211753649561711e-03
-1.239642102266296786e-01 -1.242573932448078011e+00 4.952109948890609514e-02 1.233211753649561711e-03
-1.230544514075806450e-01 -1.483040592955167991e+00 1.315553727818902230e-02 7.838681194924750073e-04
-1.230544514075806450e-01 -1.483040592955167991e+00 1.315553727818902230e-02 7.838681194924750073e-04
-1.230544514075806450e-01 -1.483040592955167991e+00 1.315553727818902230e-02 7.838681194924750073e-04
-1.230544514075806450e-01 -1.483040592955167991e+00 1.315553727818902230e-02 7.838681194924750073e-04
-1.230544514075806450e-01 -1.483040592955167991e+00 1.315553727818902230e-02 7.838681194924750073e-04
-1.230544514075806450e-01 -1.483040592955167991e+00 1.315553727818902230e-02 7.838681194924750073e-04
-1.225681303505565395e-01 -1.500304243413602467e+00 1.128298062487355716e-02 -3.059546439654968041e-04
-1.232104905107645754e-01 -1.492972725178810744e+00 1.215965673543130052e-02 -1.578745925603424957e-04
-1.232104905107645754e-01 -1.492972725178810744e+00 1.215965673543130052e-02 -1.578745925603424957e-04
-1.232104905107645754e-01 -1.492972725178810744e+00 1.215965673543130052e-02 -1.578745925603424957e-04
-1.232104905107645754e-01 -1.492972725178810744e+00 1.215965673543130052e-02 -1.578745925603424957e-04
-1.232104905107645754e-01 -1.492972725178810744e+00 1.215965673543130052e-02 -1.578745925603424957e-04
-1.232104905107645754e-01 -1.492972725178810744e+00 1.215965673543130052e-02 -1.578745925603424957e-04
-1.242640168644931903e-01 -1.476003006146676899e+00 1.399967041966298023e-02 4.324098407394781716e-05
-1.242640168644931903e-01 -1.476003006146676899e+00 1.399967041966298023e-02 4.324098407394781716e-05
-1.242640168644931903e-01 -1.476003006146676899e+00 1.399967041966298023e-02 4.324098407394781716e-05
-1.242640168644931903e-01 -1.476003006146676899e+00 1.399967041966298023e-02 4.324098407394781716e-05
-1.241477802316891255e-01 -1.488391799523338666e+00 1.200771230094951209e-02 1.524123828584135823e-04
-1.241477802316891255e-01 -1.488391799523338666e+00 1.200771230094951209e-02 1.524123828584135823e-04
-1.252671905960374976e-01 -1.473598825431083004e+00 1.376833969293166440e-02 -1.054820951284207156e-04
-1.252671905960374976e-01 -1.473598825431083004e+00 1.376833969293166440e-02 -1.054820951284207156e-04
-1.257481836400627107e-01 -1.470819947286838847e+00 1.359375840688817338e-02 1.045845116738869764e-04
-1.257481836400627107e-01 -1.470819947286838847e+00 1.359375840688817338e-02 1.045845116738869764e-04
-1.270950270913996649e-01 -1.449004762355339260e+00 1.625794125506746512e-02 4.347861878170787239e-05
-1.273259675786092560e-01 -1.478860723239417752e+00 1.150964704780225306e-02 -2.507764597586129886e-04
-1.291425881958802035e-01 -1.454873271257214995e+00 1.361152216174554147e-02 2.710147216110940982e-04
-1.291425881958802035e-01 -1.454873271257214995e+00 1.361152216174554147e-02 2.710147216110940982e-04
-1.326181466536217601e-01 -1.437441839659171272e+00 1.433445034620843550e-02 -2.353538690881200139e-04
-1.340667994226144022e-01 -1.472400017500044456e+00 7.563466468205576332e-03 -3.222664492061327207e-04
-1.386605423311991214e-01 -1.407842566427357944e+00 1.410041944803849812e-02 2.126262157888692429e-04
-1.436878526942723666e-01 -1.417344493549187234e+00 9.240368987419641383e-03 1.417754809052504264e-04
-1.534898294345203307e-01 -1.391525145337390690e+00 6.705984613913029690e-03 -6.944434094222880563e-04
-1.621924746047111454e-01 -1.391950487792142255e+00 -4.612210542343092579e-04 -2.602338327448578932e-05
-1.803894254532983910e-01 -1.261696984829470125e+00 7.062231059941491418e-03 3.699840764102748768e-04
-1.803894254532983910e-01 -1.261696984829470125e+00 7.062231059941491418e-03 3.699840764102748768e-04
-2.205925283025041983e-01 -1.191752468365931072e+00 -1.062054524351305207e-02 -7.841478741349951946e-04
-2.205925283025041983e-01 -1.191752468365931072e+00 -1.062054524351305207e-02 -7.841478741349951946e-04
-2.762962095242093019e-01 -9.434102211721313580e-01 -1.146318755390541774e-02 -2.594160302169851618e-04
-2.762962095242093019e-01 -9.434102211721313580e-01 -1.146318755390541774e-02 -2.594160302169851618e-04
-2.762962095242093019e-01 -9.434102211721313580e-01 -1.146318755390541774e-02 -2.594160302169851618e-04
-2.762962095242093019e-01 -9.434102211721313580e-01 -1.146318755390541774e-02 -2.594160302169851618e-04
-3.656005969918433296e-01 -6.119333970696190228e-01 -2.391106016562515035e-02 -1.593732718489349444e-04
-2.988035646391606903e-01 -7.223319994400982935e-01 7.387395132758434180e-03 2.933227181729411957e-04
-2.988035646391606903e-01 -7.223319994400982935e-01 7.387395132758434180e-03 2.933227181729411957e-04
-3.858900540482470554e-01 -3.804306361214777610e-01 -7.873983256029039313e-04 4.601327960124032687e-04
-3.858900540482470554e-01 -3.804306361214777610e-01 -7.873983256029039313e-04 4.601327960124032687e-04
-3.858900540482470554e-01 -3.804306361214777610e-01 -7.873983256029039313e-04 4.601327960124032687e-04
-4.293464208183022657e-01 -1.866784579443292458e-01 -1.303354817470056548e-03 -2.968085931962069664e-05
-4.293464208183022657e-01 -1.866784579443292458e-01 -1.303354817470056548e-03 -2.968085931962069664e-05
-4.293464208183022657e-01 -1.866784579443292458e-01 -1.303354817470056548e-03 -2.968085931962069664e-05
-4.293464208183022657e-01 -1.866784579443292458e-01 -1.303354817470056548e-03 -2.968085931962069664e-05
-4.293464208183022657e-01 -1.866784579443292458e-01 -1.303354817470056548e-03 -2.968085931962069664e-05
-4.293464208183022657e-01 -1.866784579443292458e-01 -1.303354817470056548e-03 -2.968085931962069664e-05
-4.293464208183022657e-01 -1.866784579443292458e-01 -1.303354817470056548e-03 -2.968085931962069664e-05
-4.293464208183022657e-01 -1.866784579443292458e-01 -1.303354817470056548e-03 -2.968085931962069664e-05
-4.293464208183022657e-01 -1.866784579443292458e-01 -1.303354817470056548e-03 -2.968085931962069664e-05
-4.491744653955292987e-01 -8.085968350281078076e-02 1.464140850967670087e-03 2.383663349858451078e-04
-4.580375082051791336e-01 -4.726961423847605981e-02 5.406850313390328816e-04 -4.453998042290780498e-05
-4.530548498721974626e-01 -7.720102980958956640e-02 -6.279759797758379530e-04 2.275843224074695995e-05
-4.401887109067814108e-01 -1.166963675727899497e-01 2.395568705187878841e-03 3.691967567063732280e-05
-4.397301522066120461e-01 -1.335925658626229140e-01 -1.801250827701852920e-04 1.684762814947984904e-05
-4.470419752487741483e-01 -1.001049998048990780e-01 6.598682725899814895e-05 -1.071885091286889331e-04
-4.470419752487741483e-01 -1.001049998048990780e-01 6.598682725899814895e-05 -1.071885091286889331e-04
-4.472084208545318851e-01 -9.948891956289315774e-02 1.490368013958042782e-05 6.047996745679459229e-06
-4.416528151152926407e-01 -1.170856574432562469e-01 1.229092894490401659e-03 9.269658595004909611e-06
-4.416528151152926407e-01 -1.170856574432562469e-01 1.229092894490401659e-03 9.269658595004909611e-06
-4.416528151152926407e-01 -1.170856574432562469e-01 1.229092894490401659e-03 9.269658595004909611e-06
-4.416528151152926407e-01 -1.170856574432562469e-01 1.229092894490401659e-03 9.269658595004909611e-06
-4.454411486950192733e-01 -1.048305071129239097e-01 4.687602105982040549e-04 -5.464255852025818282e-07
-4.453164635653816816e-01 -1.031038136787698761e-01 8.986414864730620736e-04 -2.516272586418225808e-05
-4.453164635653816816e-01 -1.031038136787698761e-01 8.986414864730620736e-04 -2.516272586418225808e-05
-4.456657139661945877e-01 -1.007857445443975652e-01 9.750279232035806952e-04 -3.032102881325347303e-05
-4.456657139661945877e-01 -1.007857445443975652e-01 9.750279232035806952e-04 -3.032102881325347303e-05
-4.456657139661945877e-01 -1.007857445443975652e-01 9.750279232035806952e-04 -3.032102881325347303e-05
-4.456657139661945877e-01 -1.007857445443975652e-01 9.750279232035806952e-04 -3.032102881325347303e-05
-4.456657139661945877e-01 -1.007857445443975652e-01 9.750279232035806952e-04 -3.032102881325347303e-05
-4.450598145511988069e-01 -1.031116994984221241e-01 1.003263697762080868e-03 4.967081227559426334e-06
-4.450598145511988069e-01 -1.031116994984221241e-01 1.003263697762080868e-03 4.967081227559426334e-06
-4.450598145511988069e-01 -1.031116994984221241e-01 1.003263697762080868e-03 4.967081227559426334e-06
-4.456015443708321033e-01 -1.004396844824442248e-01 1.033271409110649974e-03 -2.383969451373165743e-05
-4.456015443708321033e-01 -1.004396844824442248e-01 1.033271409110649974e-03 -2.383969451373165743e-05
-4.459157046791110135e-01 -9.992566688447485079e-02 8.884549791852150089e-04 -2.255175995707664984e-05
-4.454914233788591638e-01 -1.008079357379737806e-01 1.026147731713845587e-03 4.230471720444832371e-06
-4.454914233788591638e-01 -1.008079357379737806e-01 1.026147731713845587e-03 4.230471720444832371e-06
-4.457819314263434807e-01 -1.005409702191661925e-01 8.120566962326750474e-04 -2.685302042695143949e-05
-4.457819314263434807e-01 -1.005409702191661925e-01 8.120566962326750474e-04 -2.685302042695143949e-05
-4.457819314263434807e-01 -1.005409702191661925e-01 8.120566962326750474e-04 -2.685302042695143949e-05
-4.452640925721595977e-01 -1.024088092704993902e-01 8.497768843273431280e-04 2.732269752215895617e-06
-4.452640925721595977e-01 -1.024088092704993902e-01 8.497768843273431280e-04 2.732269752215895617e-06
-4.459425961926519744e-01 -1.007231208428199243e-01 5.446251823318635533e-04 -1.595906884274383010e-05
-4.459425961926519744e-01 -1.007231208428199243e-01 5.446251823318635533e-04 -1.595906884274383010e-05
-4.456837190415929850e-01 -1.003743527789340284e-01 7.693884711802126582e-04 -1.863018446629288719e-05
-4.456837190415929850e-01 -1.003743527789340284e-01 7.693884711802126582e-04 -1.863018446629288719e-05
-4.462044288082778198e-01 -9.884252416978431266e-02 5.889442197762008099e-04 -1.280918613687031683e-05
-4.462044288082778198e-01 -9.884252416978431266e-02 5.889442197762008099e-04 -1.280918613687031683e-05
-4.456326971732900155e-01 -9.928348007407467035e-02 7.849780025586036974e-04 2.415428184110424668e-06
-4.456326971732900155e-01 -9.928348007407467035e-02 7.849780025586036974e-04 2.415428184110424668e-06
-4.456326971732900155e-01 -9.928348007407467035e-02 7.849780025586036974e-04 2.415428184110424668e-06
-4.456326971732900155e-01 -9.928348007407467035e-02 7.849780025586036974e-04 2.415428184110424668e-06
-4.458306871496520163e-01 -9.649482632286604522e-02 7.472461780814103165e-04 -1.937423072577222925e-05
-4.458306871496520163e-01 -9.649482632286604522e-02 7.472461780814103165e-04 -1.937423072577222925e-05
-4.458306871496520163e-01 -9.649482632286604522e-02 7.472461780814103165e-04 -1.937423072577222925e-05
-4.446028850027190504e-01 -9.875219377122240738e-02 1.034004013404653081e-03 2.696927660286699995e-05
-4.450166384350624504e-01 -9.320224227352369439e-02 1.168540124857948663e-03 1.867745936137939683e-05
-4.450166384350624504e-01 -9.320224227352369439e-02 1.168540124857948663e-03 1.867745936137939683e-05
-4.438403739870844245e-01 -9.425522693666255059e-02 1.240968742824352655e-03 -1.574986551210355741e-06
-4.438403739870844245e-01 -9.425522693666255059e-02 1.240968742824352655e-03 -1.574986551210355741e-06
-4.439222555750124144e-01 -8.606508719951300179e-02 1.327186049269807148e-03 3.693770391033064735e-06
-4.439222555750124144e-01 -8.606508719951300179e-02 1.327186049269807148e-03 3.693770391033064735e-06
-4.406241200432186034e-01 -8.583982069613299570e-02 1.943757195403115513e-03 1.632781398306512263e-05
-4.406241200432186034e-01 -8.583982069613299570e-02 1.943757195403115513e-03 1.632781398306512263e-05
-4.395987364474771564e-01 -6.832489825036847098e-02 2.653795787231314450e-03 1.412358019086624207e-05
-4.388237287805534237e-01 -6.593134673282818881e-02 2.219669160472216313e-03 -3.876297229543201189e-05
-4.388237287805534237e-01 -6.593134673282818881e-02 2.219669160472216313e-03 -3.876297229543201189e-05
-4.324201110496719291e-01 -4.901540246213953456e-02 3.761088891160020015e-03 3.228718359319427452e-05
-4.324201110496719291e-01 -4.901540246213953456e-02 3.761088891160020015e-03 3.228718359319427452e-05
-4.266186978692825260e-01 -2.728787782776265214e-02 4.308030228349822577e-03 -6.668470769990009325e-05
-4.266186978692825260e-01 -2.728787782776265214e-02 4.308030228349822577e-03 -6.668470769990009325e-05
-4.266186978692825260e-01 -2.728787782776265214e-02 4.308030228349822577e-03 -6.668470769990009325e-05
-4.190612091985255194e-01 -1.382611394189184328e-02 5.076391505065679793e-03 -8.488309183267811985e-06
-4.190612091985255194e-01 -1.382611394189184328e-02 5.076391505065679793e-03 -8.488309183267811985e-06
-4.172970458472466948e-01 -6.097304157677091441e-03 4.382356224182381438e-03 -1.189101198609943241e-04
-4.172970458472466948e-01 -6.097304157677091441e-03 4.382356224182381438e-03 -1.189101198609943241e-04
-4.172970458472466948e-01 -6.097304157677091441e-03 4.382356224182381438e-03 -1.189101198609943241e-04
-4.050409456498385019e-01 -6.838585750160513892e-03 4.773702039680166598e-03 -7.751497950929565764e-05
-4.050409456498385019e-01 -6.838585750160513892e-03 4.773702039680166598e-03 -7.751497950929565764e-05
-3.990462844685676025e-01 1.391942973671377037e-02 4.177386292338745172e-03 -1.393043795779591045e-04
-3.990462844685676025e-01 1.391942973671377037e-02 4.177386292338745172e-03 -1.393043795779591045e-04
-3.729549433275911596e-01 2.447048118970952119e-02 4.378379210226020571e-03 -1.977309603937811230e-04
-3.729549433275911596e-01 2.447048118970952119e-02 4.378379210226020571e-03 -1.977309603937811230e-04
-3.651105972790249510e-01 2.537310390444789954e-02 1.770885653162379905e-03 -2.935471032016043940e-04
-3.354083676914700884e-01 6.293817184190761416e-02 3.358507631704792801e-03 -2.092587828747805544e-04
-2.994906839689663869e-01 4.843616057687014087e-02 1.144446117507988067e-03 -3.172820856435645083e-04
-2.994906839689663869e-01 4.843616057687014087e-02 1.144446117507988067e-03 -3.172820856435645083e-04
-2.264812504670212778e-01 1.223876315821020161e-01 -2.425186219810811228e-03 -5.307979475981905145e-04
-1.381979324551509958e-01 1.933432819108658329e-01 -3.572530104134228127e-04 -5.171037952799836714e-04
-1.381979324551509958e-01 1.933432819108658329e-01 -3.572530104134228127e-04 -5.171037952799836714e-04
-1.381979324551509958e-01 1.933432819108658329e-01 -3.572530104134228127e-04 -5.171037952799836714e-04
-1.381979324551509958e-01 1.933432819108658329e-01 -3.572530104134228127e-04 -5.171037952799836714e-04
-8.257948177528418032e-02 1.961831199397726100e-01 -1.931597051198670478e-03 -5.975522574621191163e-04
-1.269613364388677557e-01 1.712690156385068829e-01 5.229106326833828089e-04 -2.685012584496926195e-04
-1.269613364388677557e-01 1.712690156385068829e-01 5.229106326833828089e-04 -2.685012584496926195e-04
-1.269613364388677557e-01 1.712690156385068829e-01 5.229106326833828089e-04 -2.685012584496926195e-04
-4.266715021740619118e-02 2.002891431289106072e-01 3.239793793387789420e-03 -1.434568052072057384e-04
-4.266715021740619118e-02 2.002891431289106072e-01 3.239793793387789420e-03 -1.434568052072057384e-04
-4.266715021740619118e-02 2.002891431289106072e-01 3.239793793387789420e-03 -1.434568052072057384e-04
-4.266715021740619118e-02 2.002891431289106072e-01 3.239793793387789420e-03 -1.434568052072057384e-04
-7.679441088832794637e-02 1.608385100980399551e-01 3.642995851901129067e-03 1.065406703696625246e-04
-1.253444235579193045e-02 1.711726493795127646e-01 -7.395747060961075856e-04 -1.042397271469942583e-04
-1.253444235579193045e-02 1.711726493795127646e-01 -7.395747060961075856e-04 -1.042397271469942583e-04
-1.433592583787413055e-02 1.451435031194053260e-01 2.995268523845914278e-03 1.330057248307884394e-04
-8.446449986956966471e-02 8.855055562424901661e-02 1.561227283705698791e-04 1.461925366072986472e-04
-5.417228368926874094e-02 9.185721141822417168e-02 -1.990515891908049145e-03 -8.397900585075155451e-05
-5.417228368926874094e-02 9.185721141822417168e-02 -1.990515891908049145e-03 -8.397900585075155451e-05
-5.733487302316950252e-02 5.960753688809708462e-02 1.175720415448690747e-03 2.513668178365437589e-04
-6.135862880976977740e-02 6.843740080426410910e-02 -1.852855520557478673e-03 8.822786547892612352e-05
4.648646427860489427e-03 8.940507011771425816e-02 -1.634240197680622651e-03 3.113276502094222426e-05
4.648646427860489427e-03 8.940507011771425816e-02 -1.634240197680622651e-03 3.113276502094222426e-05
4.648646427860489427e-03 8.940507011771425816e-02 -1.634240197680622651e-03 3.113276502094222426e-05
4.648646427860489427e-03 8.940507011771425816e-02 -1.634240197680622651e-03 3.113276502094222426e-05
4.648646427860489427e-03 8.940507011771425816e-02 -1.634240197680622651e-03 3.113276502094222426e-05
4.648646427860489427e-03 8.940507011771425816e-02 -1.634240197680622651e-03 3.113276502094222426e-05
-2.037362296666447858e-02 4.755375388901808553e-02 9.269604452124971875e-05 1.736765119766607687e-04
-2.037362296666447858e-02 4.755375388901808553e-02 9.269604452124971875e-05 1.736765119766607687e-04
-2.037362296666447858e-02 4.755375388901808553e-02 9.269604452124971875e-05 1.736765119766607687e-04
-2.037362296666447858e-02 4.755375388901808553e-02 9.269604452124971875e-05 1.736765119766607687e-04
-2.037362296666447858e-02 4.755375388901808553e-02 9.269604452124971875e-05 1.736765119766607687e-04
-2.037362296666447858e-02 4.755375388901808553e-02 9.269604452124971875e-05 1.736765119766607687e-04
1.006700748401272161e-02 3.081176457423351334e-02 -2.019859730979355755e-06 1.557374178814691502e-04
1.006700748401272161e-02 3.081176457423351334e-02 -2.019859730979355755e-06 1.557374178814691502e-04
1.006700748401272161e-02 3.081176457423351334e-02 -2.019859730979355755e-06 1.557374178814691502e-04
-1.600136497000912914e-02 2.610726492522871811e-02 -3.412082523408009951e-04 6.877840715636745691e-05
-1.600136497000912914e-02 2.610726492522871811e-02 -3.412082523408009951e-04 6.877840715636745691e-05
-1.600136497000912914e-02 2.610726492522871811e-02 -3.412082523408009951e-04 6.877840715636745691e-05
1.018585461059683291e-02 -6.773915058246038345e-06 9.374827748622914167e-05 8.134128744654872017e-05
1.018585461059683291e-02 -6.773915058246038345e-06 9.374827748622914167e-05 8.134128744654872017e-05
-1.190073349808448179e-02 2.432284826577035819e-05 -6.009818741105177982e-04 9.055419916997062366e-06
-1.190073349808448179e-02 2.432284826577035819e-05 -6.009818741105177982e-04 9.055419916997062366e-06
-1.658365757860046086e-02 -5.395411897628644288e-03 3.166144805845719223e-05 1.540013043802525750e-05
-1.658365757860046086e-02 -5.395411897628644288e-03 3.166144805845719223e-05 1.540013043802525750e-05
2.825482923904142248e-03 -3.912091386342650932e-04 -1.234888851053764366e-04 3.904462635983249120e-05
1.091869671526355008e-03 -7.352208475229026971e-03 -2.591415605641751610e-04 -5.398397290177948886e-06
-1.906633380634914238e-03 8.715589336417067096e-03 -4.179958398964524072e-04 6.815542575949889189e-08
4.614264316182043087e-03 -2.235942935803205203e-03 2.164994553567444325e-04 1.550183754972258614e-05
4.614264316182043087e-03 -2.235942935803205203e-03 2.164994553567444325e-04 1.550183754972258614e-05
4.614264316182043087e-03 -2.235942935803205203e-03 2.164994553567444325e-04 1.550183754972258614e-05
-5.798699899882511430e-03 8.427737713346424714e-03 6.208947726084199309e-05 6.593049250319809947e-06
-2.616532562312446145e-03 4.590695524854052252e-03 -1.982502761293976888e-04 1.148352430985253805e-06
-2.616532562312446145e-03 4.590695524854052252e-03 -1.982502761293976888e-04 1.148352430985253805e-06
-2.399610165072838149e-03 1.550164402684731406e-03 -5.396360262011510933e-05 -1.257934415780650579e-05
1.359580455027029934e-03 1.641911639048405144e-03 8.818956897116441871e-05 5.177817918540184876e-06
-2.952116608641554545e-03 6.125523704335967060e-03 1.424709138700350897e-05 5.465198523663440711e-07
7.911296412529556909e-04 5.493770516222820817e-03 -3.900586383413877898e-06 -8.586763931523049855e-06
7.911296412529556909e-04 5.493770516222820817e-03 -3.900586383413877898e-06 -8.586763931523049855e-06
7.911296412529556909e-04 5.493770516222820817e-03 -3.900586383413877898e-06 -8.586763931523049855e-06
3.392064641072860135e-04 3.685941608961443641e-03 4.075075647221074692e-05 2.723136382629612582e-06
1.310833793475411641e-04 6.008412134204529735e-03 2.292038530870774815e-05 4.400910173816891311e-06
1.310833793475411641e-04 6.008412134204529735e-03 2.292038530870774815e-05 4.400910173816891311e-06
1.310833793475411641e-04 6.008412134204529735e-03 2.292038530870774815e-05 4.400910173816891311e-06
1.518584833428622029e-04 5.225739039717037029e-03 1.503322161239077903e-06 -3.521605303896792482e-06
1.518584833428622029e-04 5.225739039717037029e-03 1.503322161239077903e-06 -3.521605303896792482e-06
-5.930071850796517956e-06 4.477712572998698848e-03 1.915164096205045763e-05 1.400377687535174922e-06
-5.930071850796517956e-06 4.477712572998698848e-03 1.915164096205045763e-05 1.400377687535174922e-06
-7.977679550196545115e-05 5.483100730297070513e-03 1.295405258980205386e-05 1.958957288984075542e-06
2.334263138654780253e-04 4.954283031132645371e-03 5.201228635035257819e-06 -2.540635191127338847e-07
3.073435983126537765e-05 5.094853525794099114e-03 3.735855771519634234e-06 -1.386727938324414163e-06
3.073435983126537765e-05 5.094853525794099114e-03 3.735855771519634234e-06 -1.386727938324414163e-06
-1.804425146382612646e-05 5.774221865141173499e-03 -8.999240006393275515e-06 -1.162054238922744644e-06
-3.816541057487097448e-05 5.340924116539016650e-03 6.270964959290906075e-06 6.489330656567927642e-07
-3.816541057487097448e-05 5.340924116539016650e-03 6.270964959290906075e-06 6.489330656567927642e-07
-3.816541057487097448e-05 5.340924116539016650e-03 6.270964959290906075e-06 6.489330656567927642e-07
-3.816541057487097448e-05 5.340924116539016650e-03 6.270964959290906075e-06 6.489330656567927642e-07
8.743329087223585818e-05 5.768063219119047916e-03 -1.754542004883846908e-06 2.009923540699950617e-07
3.727273156758745167e-05 5.373008585229699201e-03 2.023514567923068331e-07 -1.042235171524739664e-07
-7.078360562302483667e-06 5.647545156495051635e-03 -4.411204624725864936e-06 -3.806704137448519178e-07
-7.078360562302483667e-06 5.647545156495051635e-03 -4.411204624725864936e-06 -3.806704137448519178e-07
-7.078360562302483667e-06 5.647545156495051635e-03 -4.411204624725864936e-06 -3.806704137448519178e-07
-7.078360562302483667e-06 5.647545156495051635e-03 -4.411204624725864936e-06 -3.806704137448519178e-07
-7.078360562302483667e-06 5.647545156495051635e-03 -4.411204624725864936e-06 -3.806704137448519178e-07
2.205740581822178591e-05 5.703070473217906021e-03 -1.361960280989233855e-06 -2.208349490662622812e-07
-1.150884415625988359e-05 5.700499130658035971e-03 -2.131362707570976407e-06 1.844120409233341880e-07
-1.150884415625988359e-05 5.700499130658035971e-03 -2.131362707570976407e-06 1.844120409233341880e-07
-7.083322676337296250e-07 5.568191255656771907e-03 -9.232712249248535977e-08 1.298331856015681242e-07
-7.083322676337296250e-07 5.568191255656771907e-03 -9.232712249248535977e-08 1.298331856015681242e-07
1.218872856179294950e-05 5.670669606199732482e-03 -1.489044592558254249e-06 -8.464622493453173625e-08
-1.046534236077836559e-05 5.653460522979885002e-03 -1.748238359354943829e-06 -9.327013018864759382e-09
-1.046534236077836559e-05 5.653460522979885002e-03 -1.748238359354943829e-06 -9.327013018864759382e-09
