9.253763052377146359e-01 3.988550015844551933e-01 -1.447099935413094229e-01 -2.977330326457441334e-01
9.600779166841286738e-01 4.138120641438722824e-01 -1.501366182991085152e-01 -2.679597293811697423e-01
9.600779166841286738e-01 4.138120641438722824e-01 -1.501366182991085152e-01 -2.679597293811697423e-01
9.600779166841286738e-01 4.138120641438722824e-01 -1.501366182991085152e-01 -2.679597293811697423e-01
9.347746583377847251e-01 4.577484354121601484e-01 -1.525107666306456111e-01 -2.474905833867747651e-01
1.034361053686608578e+00 4.470759480650762230e-01 -1.583613464476477661e-01 -2.098087464425477666e-01
1.034361053686608578e+00 4.470759480650762230e-01 -1.583613464476477661e-01 -2.098087464425477666e-01
9.685499897911622469e-01 4.805637984178339206e-01 -1.724048577837489216e-01 -1.562516911560769550e-01
1.026956461791058928e+00 5.530631929624307830e-01 -1.755394755027315234e-01 -8.735731411954450465e-02
1.026956461791058928e+00 5.530631929624307830e-01 -1.755394755027315234e-01 -8.735731411954450465e-02
1.095849242279187674e+00 5.822460798543311888e-01 -2.096083494933402847e-01 2.893556566661525942e-02
1.095849242279187674e+00 5.822460798543311888e-01 -2.096083494933402847e-01 2.893556566661525942e-02
1.095849242279187674e+00 5.822460798543311888e-01 -2.096083494933402847e-01 2.893556566661525942e-02
1.095849242279187674e+00 5.822460798543311888e-01 -2.096083494933402847e-01 2.893556566661525942e-02
1.095849242279187674e+00 5.822460798543311888e-01 -2.096083494933402847e-01 2.893556566661525942e-02
1.054371556034640056e+00 5.710615020981502088e-01 -1.888022116713388432e-01 -3.189510606559502887e-02
1.099891838937648192e+00 5.586991346101473077e-01 -1.914423532012201612e-01 -2.779025922705995882e-02
1.094809329207294457e+00 5.866932111183122966e-01 -1.984365089138221960e-01 1.394898336451790011e-02
1.092771617595138967e+00 5.869696357683004129e-01 -2.017947827843418196e-01 1.286255103727697302e-02
1.090655163861434129e+00 5.790509753765293866e-01 -2.023636568180105233e-01 1.035855397195011539e-02
1.090655163861434129e+00 5.790509753765293866e-01 -2.023636568180105233e-01 1.035855397195011539e-02
1.094031904766496144e+00 5.702459664202459422e-01 -1.952525162339248666e-01 -1.109575286549459132e-02
1.084561757124069548e+00 5.731748750245858615e-01 -1.981817671880717613e-01 -7.968137524407470709e-03
1.089348383481258065e+00 5.806009663190998538e-01 -1.995791049909647619e-01 3.496224167711757709e-03
1.089348383481258065e+00 5.806009663190998538e-01 -1.995791049909647619e-01 3.496224167711757709e-03
1.089348383481258065e+00 5.806009663190998538e-01 -1.995791049909647619e-01 3.496224167711757709e-03
1.092282771665961105e+00 5.735330600094437070e-01 -1.975872200278261659e-01 -4.938527624621322394e-03
1.088512824662484224e+00 5.750422874347209667e-01 -1.989775271098689069e-01 -2.996018716604493225e-03
1.088512824662484224e+00 5.750422874347209667e-01 -1.989775271098689069e-01 -2.996018716604493225e-03
1.089670182418475797e+00 5.767757629321008661e-01 -1.993718362378731901e-01 6.893779228118591777e-04
1.089670182418475797e+00 5.767757629321008661e-01 -1.993718362378731901e-01 6.893779228118591777e-04
1.089311516326775919e+00 5.780439438352131809e-01 -1.990164065536931814e-01 4.278269446843134885e-04
1.089311516326775919e+00 5.780439438352131809e-01 -1.990164065536931814e-01 4.278269446843134885e-04
1.089311516326775919e+00 5.780439438352131809e-01 -1.990164065536931814e-01 4.278269446843134885e-04
1.087501813350510549e+00 5.772412112303788589e-01 -1.985273616970155697e-01 -1.345264233961447533e-03
1.084145784638372856e+00 5.804551026546573844e-01 -1.981523945303499401e-01 -1.024984782096680438e-03
1.088290478227623925e+00 5.794205135032903797e-01 -1.970973958570805262e-01 -1.847143758330811649e-03
1.088290478227623925e+00 5.794205135032903797e-01 -1.970973958570805262e-01 -1.847143758330811649e-03
1.088290478227623925e+00 5.794205135032903797e-01 -1.970973958570805262e-01 -1.847143758330811649e-03
1.088290478227623925e+00 5.794205135032903797e-01 -1.970973958570805262e-01 -1.847143758330811649e-03
1.085710533633788888e+00 5.834393517456044620e-01 -1.971428974685178748e-01 2.862700117447309830e-04
1.085710533633788888e+00 5.834393517456044620e-01 -1.971428974685178748e-01 2.862700117447309830e-04
1.082032145677713331e+00 5.869934459931529513e-01 -1.950656582329213240e-01 -2.082609104065958998e-03
1.088146289350148788e+00 5.880631828972915365e-01 -1.932820170246802860e-01 -2.143159929565791044e-03
1.079748760513540518e+00 5.966143632455263024e-01 -1.925304802469189891e-01 -7.208541055237632778e-04
1.079960322287926822e+00 6.021103451776601556e-01 -1.898962099524713620e-01 3.994481031622401992e-04
1.075994571104418984e+00 6.134572994940143964e-01 -1.837949791557081936e-01 -3.982921300484417240e-03
1.078823166086599450e+00 6.261970011245632239e-01 -1.794964483189914750e-01 -6.703972161768807433e-04
1.059602536294066422e+00 6.526578909867399858e-01 -1.727245542062069150e-01 5.552764698644662919e-04
1.061287925802677723e+00 6.775881760961808276e-01 -1.593731832311955365e-01 -1.332237246678417281e-03
1.061287925802677723e+00 6.775881760961808276e-01 -1.593731832311955365e-01 -1.332237246678417281e-03
1.041216411945635745e+00 7.525475811724009478e-01 -1.344544603835637897e-01 4.544383293800812601e-03
1.007354156375552368e+00 8.218311129471813636e-01 -1.092700311054265461e-01 1.830420507669009182e-03
1.006609131021732217e+00 8.957892496931587623e-01 -7.522292700541038935e-02 3.354311639397224414e-04
1.006609131021732217e+00 8.957892496931587623e-01 -7.522292700541038935e-02 3.354311639397224414e-04
1.006609131021732217e+00 8.957892496931587623e-01 -7.522292700541038935e-02 3.354311639397224414e-04
9.491712201000308546e-01 1.053289164013892831e+00 -1.886372794927093643e-02 3.234909863644218862e-03
9.491712201000308546e-01 1.053289164013892831e+00 -1.886372794927093643e-02 3.234909863644218862e-03
9.377571148488164088e-01 1.134875767683825920e+00 1.450535295940555414e-02 3.101716585416307466e-03
9.572677952742618679e-01 1.088829513130797011e+00 1.568336373310989795e-03 -9.275605636339659052e-04
9.572677952742618679e-01 1.088829513130797011e+00 1.568336373310989795e-03 -9.275605636339659052e-04
9.572677952742618679e-01 1.088829513130797011e+00 1.568336373310989795e-03 -9.275605636339659052e-04
9.572677952742618679e-01 1.088829513130797011e+00 1.568336373310989795e-03 -9.275605636339659052e-04
9.572677952742618679e-01 1.088829513130797011e+00 1.568336373310989795e-03 -9.275605636339659052e-04
9.572677952742618679e-01 1.088829513130797011e+00 1.568336373310989795e-03 -9.275605636339659052e-04
9.377647395326730306e-01 1.120389999056637276e+00 1.046538483065874783e-02 5.861429744690338940e-05
9.377647395326730306e-01 1.120389999056637276e+00 1.046538483065874783e-02 5.861429744690338940e-05
9.480053638618644030e-01 1.086090671706570587e+00 -3.195731937644190855e-03 9.335091429850920922e-04
9.520042623215738686e-01 1.075238894642130516e+00 -6.605246337874008666e-03 -1.468859829016626220e-04
9.520042623215738686e-01 1.075238894642130516e+00 -6.605246337874008666e-03 -1.468859829016626220e-04
9.520042623215738686e-01 1.075238894642130516e+00 -6.605246337874008666e-03 -1.468859829016626220e-04
9.520042623215738686e-01 1.075238894642130516e+00 -6.605246337874008666e-03 -1.468859829016626220e-04
9.500166551746597188e-01 1.084614918688958873e+00 -3.185234881640057296e-03 5.569051547529645747e-04
9.517175372752232354e-01 1.086477990242779246e+00 -1.611166807250007972e-03 5.864350084073820008e-05
9.517175372752232354e-01 1.086477990242779246e+00 -1.611166807250007972e-03 5.864350084073820008e-05
9.517175372752232354e-01 1.086477990242779246e+00 -1.611166807250007972e-03 5.864350084073820008e-05
9.507425644160736322e-01 1.081966174897353472e+00 -3.956933476956620184e-03 6.646107554608998594e-05
9.507425644160736322e-01 1.081966174897353472e+00 -3.956933476956620184e-03 6.646107554608998594e-05
9.507425644160736322e-01 1.081966174897353472e+00 -3.956933476956620184e-03 6.646107554608998594e-05
9.507425644160736322e-01 1.081966174897353472e+00 -3.956933476956620184e-03 6.646107554608998594e-05
9.479995522674343755e-01 1.086054246377000876e+00 -2.992925855120238086e-03 3.998483877751508138e-04
9.479995522674343755e-01 1.086054246377000876e+00 -2.992925855120238086e-03 3.998483877751508138e-04
9.479255703918672005e-01 1.082689582445122589e+00 -4.365601122826194731e-03 1.670889755780159648e-04
9.479255703918672005e-01 1.082689582445122589e+00 -4.365601122826194731e-03 1.670889755780159648e-04
9.455971771431397332e-01 1.088214765379742488e+00 -2.560713769285330801e-03 3.581212689408908066e-04
9.455786551612885837e-01 1.082409783038747353e+00 -5.176302370744729001e-03 2.654644622079715272e-04
9.455786551612885837e-01 1.082409783038747353e+00 -5.176302370744729001e-03 2.654644622079715272e-04
9.445403430289075475e-01 1.084184206124267469e+00 -4.633775263748913034e-03 3.505006003167145871e-04
9.445403430289075475e-01 1.084184206124267469e+00 -4.633775263748913034e-03 3.505006003167145871e-04
9.427622357960703248e-01 1.086421523790856547e+00 -4.121535598691946668e-03 3.972467608822138679e-04
9.427622357960703248e-01 1.086421523790856547e+00 -4.121535598691946668e-03 3.972467608822138679e-04
9.416798238762353890e-01 1.087234935849210604e+00 -3.919217816676734065e-03 3.399678730889577321e-04
9.416798238762353890e-01 1.087234935849210604e+00 -3.919217816676734065e-03 3.399678730889577321e-04
9.416798238762353890e-01 1.087234935849210604e+00 -3.919217816676734065e-03 3.399678730889577321e-04
9.395344003083889728e-01 1.091741755628613753e+00 -2.432435627243221057e-03 3.419723054249465760e-04
9.395344003083889728e-01 1.091741755628613753e+00 -2.432435627243221057e-03 3.419723054249465760e-04
9.383420366003834001e-01 1.091421738347015058e+00 -2.926566448607456974e-03 4.212781312189610178e-04
9.353811177745949834e-01 1.094329966894507233e+00 -2.142819240214597146e-03 2.238695204653505261e-04
9.353811177745949834e-01 1.094329966894507233e+00 -2.142819240214597146e-03 2.238695204653505261e-04
9.353811177745949834e-01 1.094329966894507233e+00 -2.142819240214597146e-03 2.238695204653505261e-04
9.277031223748530842e-01 1.101747536382406967e+00 -7.041990726292350622e-04 2.951399029956600518e-04
9.277031223748530842e-01 1.101747536382406967e+00 -7.041990726292350622e-04 2.951399029956600518e-04
9.303244285776489653e-01 1.097071873562062372e+00 -2.079714230066794043e-03 1.047316950325940838e-04
9.191472441214076916e-01 1.108927581636891091e+00 7.817477386889972943e-04 3.230437095683960820e-05
9.169661739029959513e-01 1.111491125111391920e+00 1.304254750804139480e-03 7.640634597707500562e-05
9.155661501701346516e-01 1.106638202658689174e+00 -1.173506280274402153e-03 4.468520842211185472e-05
9.155661501701346516e-01 1.106638202658689174e+00 -1.173506280274402153e-03 4.468520842211185472e-05
9.155661501701346516e-01 1.106638202658689174e+00 -1.173506280274402153e-03 4.468520842211185472e-05
9.155661501701346516e-01 1.106638202658689174e+00 -1.173506280274402153e-03 4.468520842211185472e-05
8.929780814865182492e-01 1.118022560226258122e+00 -9.694659829002118256e-04 -4.099090864566819507e-04
8.850720813764878514e-01 1.126150379087932141e+00 5.803213604685937381e-04 -1.078189541413315127e-04
8.850720813764878514e-01 1.126150379087932141e+00 5.803213604685937381e-04 -1.078189541413315127e-04
8.850720813764878514e-01 1.126150379087932141e+00 5.803213604685937381e-04 -1.078189541413315127e-04
8.672391876777263420e-01 1.128981097443915615e+00 -2.025172145787724337e-03 -5.021055985726717661e-04
8.689476734421606174e-01 1.125602732614634061e+00 -3.650865295458400467e-03 6.454020360053191671e-05
8.689476734421606174e-01 1.125602732614634061e+00 -3.650865295458400467e-03 6.454020360053191671e-05
8.290656238716591631e-01 1.157206097037732917e+00 1.356176284508943918e-03 -1.262881050730184905e-04
7.979001649894352788e-01 1.158644310372892505e+00 -5.125884279087558441e-03 -3.574957351943939621e-04
7.815616853707401113e-01 1.175230283357658223e+00 -2.240431366549798520e-03 5.395349512019948163e-04
7.404931234254930050e-01 1.190238905599735109e+00 -5.311498317513482087e-03 4.908678684165044799e-04
6.238701013586744892e-01 1.259784232046745611e+00 -1.189497668064620414e-03 2.808838273122512587e-04
6.238701013586744892e-01 1.259784232046745611e+00 -1.189497668064620414e-03 2.808838273122512587e-04
6.238701013586744892e-01 1.259784232046745611e+00 -1.189497668064620414e-03 2.808838273122512587e-04
3.896485433257357300e-01 1.366629201348557476e+00 -9.154567416447531580e-03 9.381796694462507438e-04
2.086522321414121528e-01 1.468904678676020481e+00 -5.894735338720698964e-03 1.370997685789540925e-03
2.057918490182015780e-01 1.454838091632443042e+00 -1.161698349844268209e-02 -2.345281206438056161e-04
7.113444922149958494e-02 1.540335333201100276e+00 -5.638059860721095912e-03 5.745829700109218686e-04
7.113444922149958494e-02 1.540335333201100276e+00 -5.638059860721095912e-03 5.745829700109218686e-04
7.113444922149958494e-02 1.540335333201100276e+00 -5.638059860721095912e-03 5.745829700109218686e-04
7.113444922149958494e-02 1.540335333201100276e+00 -5.638059860721095912e-03 5.745829700109218686e-04
1.146452211824169343e-01 1.517270337326784846e+00 -4.981483056997883935e-03 -7.225674634898243427e-05
1.146452211824169343e-01 1.517270337326784846e+00 -4.981483056997883935e-03 -7.225674634898243427e-05
1.146452211824169343e-01 1.517270337326784846e+00 -4.981483056997883935e-03 -7.225674634898243427e-05
1.146452211824169343e-01 1.517270337326784846e+00 -4.981483056997883935e-03 -7.225674634898243427e-05
1.146452211824169343e-01 1.517270337326784846e+00 -4.981483056997883935e-03 -7.225674634898243427e-05
1.146452211824169343e-01 1.517270337326784846e+00 -4.981483056997883935e-03 -7.225674634898243427e-05
1.678359415624891549e-01 1.495547521640450572e+00 -2.488035331867177388e-03 7.589440660141471683e-05
1.142827039580629755e-01 1.519003115261124304e+00 -4.843905042099351695e-03 3.835445014557569495e-04
1.142827039580629755e-01 1.519003115261124304e+00 -4.843905042099351695e-03 3.835445014557569495e-04
1.188119410670340215e-01 1.520252667604118590e+00 -3.125843798280490866e-03 3.505126224616700792e-04
1.188119410670340215e-01 1.520252667604118590e+00 -3.125843798280490866e-03 3.505126224616700792e-04
1.181670165703982006e-01 1.517747863938124997e+00 -4.138622501335255215e-03 9.180337488159066991e-05
1.385537611364229260e-01 1.509661498882167052e+00 -3.098222034953411995e-03 1.678675723918112599e-04
1.385537611364229260e-01 1.509661498882167052e+00 -3.098222034953411995e-03 1.678675723918112599e-04
1.385537611364229260e-01 1.509661498882167052e+00 -3.098222034953411995e-03 1.678675723918112599e-04
1.257658471047762849e-01 1.515560647653063420e+00 -3.535402507189513467e-03 2.744262841983485888e-04
1.418358113525118869e-01 1.505820727686114191e+00 -4.096301101671414452e-03 2.230816957850759858e-04
1.242043137946010900e-01 1.515281990452372440e+00 -3.917795270416452209e-03 1.659152569484484527e-04
1.242043137946010900e-01 1.515281990452372440e+00 -3.917795270416452209e-03 1.659152569484484527e-04
1.242043137946010900e-01 1.515281990452372440e+00 -3.917795270416452209e-03 1.659152569484484527e-04
1.283148974305617085e-01 1.513831007429487174e+00 -3.686366930752518409e-03 2.420314206217275802e-04
1.346597653141857198e-01 1.509962332413933961e+00 -3.915574456628607113e-03 2.187278420196727313e-04
1.269620098950622888e-01 1.514260286962662017e+00 -3.804347602134092177e-03 2.287571692577644936e-04
1.269620098950622888e-01 1.514260286962662017e+00 -3.804347602134092177e-03 2.287571692577644936e-04
1.262636542589294364e-01 1.514306006433303153e+00 -3.908027690917451405e-03 1.978277352097898329e-04
1.262636542589294364e-01 1.514306006433303153e+00 -3.908027690917451405e-03 1.978277352097898329e-04
1.262636542589294364e-01 1.514306006433303153e+00 -3.908027690917451405e-03 1.978277352097898329e-04
1.308495729622113912e-01 1.511889525862210926e+00 -3.939222379169198679e-03 2.150726966237600233e-04
1.308495729622113912e-01 1.511889525862210926e+00 -3.939222379169198679e-03 2.150726966237600233e-04
1.308495729622113912e-01 1.511889525862210926e+00 -3.939222379169198679e-03 2.150726966237600233e-04
1.308495729622113912e-01 1.511889525862210926e+00 -3.939222379169198679e-03 2.150726966237600233e-04
1.308495729622113912e-01 1.511889525862210926e+00 -3.939222379169198679e-03 2.150726966237600233e-04
1.283998138663371980e-01 1.513265984661175789e+00 -3.881298658371841459e-03 2.104911367150576109e-04
1.283998138663371980e-01 1.513265984661175789e+00 -3.881298658371841459e-03 2.104911367150576109e-04
1.283998138663371980e-01 1.513265984661175789e+00 -3.881298658371841459e-03 2.104911367150576109e-04
1.283998138663371980e-01 1.513265984661175789e+00 -3.881298658371841459e-03 2.104911367150576109e-04
1.283998138663371980e-01 1.513265984661175789e+00 -3.881298658371841459e-03 2.104911367150576109e-04
1.295915306990099158e-01 1.513038114392929678e+00 -3.692336549824593028e-03 2.042446885548320932e-04
1.295915306990099158e-01 1.513038114392929678e+00 -3.692336549824593028e-03 2.042446885548320932e-04
1.295915306990099158e-01 1.513038114392929678e+00 -3.692336549824593028e-03 2.042446885548320932e-04
1.286280730955575158e-01 1.513476033982581015e+00 -3.721166310940937638e-03 2.167963067370614260e-04
1.303094430941538762e-01 1.512613319139212376e+00 -3.700287845249056531e-03 2.008878336279077683e-04
1.303094430941538762e-01 1.512613319139212376e+00 -3.700287845249056531e-03 2.008878336279077683e-04
1.303094430941538762e-01 1.512613319139212376e+00 -3.700287845249056531e-03 2.008878336279077683e-04
1.276979271530560567e-01 1.514390610323561148e+00 -3.498055332733018136e-03 2.178181555830226417e-04
1.276979271530560567e-01 1.514390610323561148e+00 -3.498055332733018136e-03 2.178181555830226417e-04
1.310617093186525750e-01 1.511945793250342174e+00 -3.824315183692465758e-03 2.266193206649870832e-04
1.298600772278152293e-01 1.512861682124817975e+00 -3.644476047474153740e-03 2.010255901683372353e-04
1.261603128308684818e-01 1.514773384050760008e+00 -3.644374130526739294e-03 2.329458537919667322e-04
1.261603128308684818e-01 1.514773384050760008e+00 -3.644374130526739294e-03 2.329458537919667322e-04
1.326438164312538914e-01 1.510542267023231133e+00 -3.998156218113748522e-03 2.385858861455186514e-04
1.271028324345118143e-01 1.514379256499334581e+00 -3.476017292010816218e-03 2.299584800919884583e-04
1.271028324345118143e-01 1.514379256499334581e+00 -3.476017292010816218e-03 2.299584800919884583e-04
1.250060655450638825e-01 1.514128516041068018e+00 -4.012991191789274173e-03 2.510525365812812872e-04
1.324280109639435210e-01 1.509799011868045326e+00 -4.092420026175408454e-03 2.754851713362554142e-04
1.324280109639435210e-01 1.509799011868045326e+00 -4.092420026175408454e-03 2.754851713362554142e-04
1.247222751333090240e-01 1.513395556548927878e+00 -4.037934595084526762e-03 2.351471929883654178e-04
1.247222751333090240e-01 1.513395556548927878e+00 -4.037934595084526762e-03 2.351471929883654178e-04
1.300478844315340332e-01 1.509581812079105134e+00 -4.109499155330126330e-03 3.024115630478476464e-04
1.300478844315340332e-01 1.509581812079105134e+00 -4.109499155330126330e-03 3.024115630478476464e-04
1.201905407692277494e-01 1.511871849608318996e+00 -4.753964015996394593e-03 2.754380995760371143e-04
1.201905407692277494e-01 1.511871849608318996e+00 -4.753964015996394593e-03 2.754380995760371143e-04
1.338310157705436820e-01 1.501334238280555233e+00 -5.376096321755639840e-03 3.629354792542016390e-04
1.185142008140347980e-01 1.509760903872352955e+00 -4.585331087617329840e-03 3.453928214811910436e-04
1.153206252749584548e-01 1.504815326716514967e+00 -6.104084301171821061e-03 3.255610233489706880e-04
1.153206252749584548e-01 1.504815326716514967e+00 -6.104084301171821061e-03 3.255610233489706880e-04
1.222998672193121861e-01 1.491853814810778722e+00 -7.061970105563697420e-03 5.229792285727547126e-04
8.637055580325664339e-02 1.505818719863972532e+00 -7.082110831901251846e-03 4.680172812053405226e-04
8.637055580325664339e-02 1.505818719863972532e+00 -7.082110831901251846e-03 4.680172812053405226e-04
8.725254943744309433e-02 1.487538064347654121e+00 -9.545198142682929238e-03 5.754660002236830062e-04
8.725254943744309433e-02 1.487538064347654121e+00 -9.545198142682929238e-03 5.754660002236830062e-04
2.421340448209224894e-02 1.495319340090879301e+00 -1.227362668813693908e-02 6.557321918789990340e-04
8.025012946070692044e-03 1.492219603328438282e+00 -1.208315221966799885e-02 7.859163137444640044e-04
8.025012946070692044e-03 1.492219603328438282e+00 -1.208315221966799885e-02 7.859163137444640044e-04
8.025012946070692044e-03 1.492219603328438282e+00 -1.208315221966799885e-02 7.859163137444640044e-04
8.025012946070692044e-03 1.492219603328438282e+00 -1.208315221966799885e-02 7.859163137444640044e-04
-7.173125054097811981e-02 1.525984086385226313e+00 -1.223624532524109770e-02 5.686703779994931041e-04
-1.620079837699223979e-01 1.506536574294698561e+00 -1.741556376978264237e-02 9.865822596819380161e-04
-1.620079837699223979e-01 1.506536574294698561e+00 -1.741556376978264237e-02 9.865822596819380161e-04
-1.740516766858661857e-01 1.553205896129122188e+00 -1.065237296567579997e-02 7.010298096212406408e-04
-3.588313929219832388e-01 1.594173640362077649e+00 -1.415856014522328538e-02 5.527977579848613460e-04
-4.146439727336395098e-01 1.577786839731140311e+00 -1.529411004906372495e-02 9.753851644638293281e-04
-4.146439727336395098e-01 1.577786839731140311e+00 -1.529411004906372495e-02 9.753851644638293281e-04
-5.645138380738303763e-01 1.654427065170951838e+00 -1.161929084994537537e-02 6.436938209598043470e-04
-5.645138380738303763e-01 1.654427065170951838e+00 -1.161929084994537537e-02 6.436938209598043470e-04
-5.645138380738303763e-01 1.654427065170951838e+00 -1.161929084994537537e-02 6.436938209598043470e-04
-7.365911300239997850e-01 1.673279177356891800e+00 -1.378172648916551821e-02 8.398394956824670708e-04
-4.888514576042133353e-01 1.619127176958133685e+00 -1.033834491896098995e-02 9.402312577025788171e-04
-4.888514576042133353e-01 1.619127176958133685e+00 -1.033834491896098995e-02 9.402312577025788171e-04
-7.092566468382495160e-01 1.681291548474755260e+00 -1.146867051953983502e-02 8.098106373438031681e-04
-7.092566468382495160e-01 1.681291548474755260e+00 -1.146867051953983502e-02 8.098106373438031681e-04
-6.899897080965853302e-01 1.689059285616924644e+00 -6.564519509555066107e-03 7.469496806657067479e-04
-6.899897080965853302e-01 1.689059285616924644e+00 -6.564519509555066107e-03 7.469496806657067479e-04
-6.899897080965853302e-01 1.689059285616924644e+00 -6.564519509555066107e-03 7.469496806657067479e-04
-6.899897080965853302e-01 1.689059285616924644e+00 -6.564519509555066107e-03 7.469496806657067479e-04
-5.457093172183280494e-01 1.636997370020872200e+00 -6.019297983537313934e-03 1.029072687036029212e-03
-6.653882217710319624e-01 1.671057921289639481e+00 -5.864619627922788153e-03 9.786692817455493534e-04
-7.143787942817141356e-01 1.678778077125681278e+00 -7.601425093161962715e-03 8.944930817929592354e-04
-7.143787942817141356e-01 1.678778077125681278e+00 -7.601425093161962715e-03 8.944930817929592354e-04
-5.950112651578036704e-01 1.642100679254129059e+00 -5.223618988252246714e-03 1.133145987107706670e-03
-5.950112651578036704e-01 1.642100679254129059e+00 -5.223618988252246714e-03 1.133145987107706670e-03
-5.950112651578036704e-01 1.642100679254129059e+00 -5.223618988252246714e-03 1.133145987107706670e-03
-7.064710860983003382e-01 1.655912716158177034e+00 -8.054676643621326571e-03 1.098672412641304563e-03
-7.064710860983003382e-01 1.655912716158177034e+00 -8.054676643621326571e-03 1.098672412641304563e-03
-7.064710860983003382e-01 1.655912716158177034e+00 -8.054676643621326571e-03 1.098672412641304563e-03
-5.230951961177676690e-01 1.593408371389021028e+00 -6.235434615762758259e-03 1.365083543665563531e-03
-6.478350687634055749e-01 1.610991137514627081e+00 -1.013315882648271708e-02 1.376184270641972289e-03
-6.759395447458937944e-01 1.634078172096601556e+00 -9.992321250849665881e-03 1.028435467573956402e-03
-6.203574516020329277e-01 1.596197092210011714e+00 -7.977688101358265671e-03 1.281616741257693860e-03
-6.203574516020329277e-01 1.596197092210011714e+00 -7.977688101358265671e-03 1.281616741257693860e-03
-6.203574516020329277e-01 1.596197092210011714e+00 -7.977688101358265671e-03 1.281616741257693860e-03
-6.063160996433387684e-01 1.577745549594728125e+00 -9.327254314183488354e-03 9.440576861875537087e-04
-6.063160996433387684e-01 1.577745549594728125e+00 -9.327254314183488354e-03 9.440576861875537087e-04
-6.063160996433387684e-01 1.577745549594728125e+00 -9.327254314183488354e-03 9.440576861875537087e-04
-6.158890309584146294e-01 1.557188333697231641e+00 -5.956416021367882258e-03 8.592497785189614004e-04
-4.261079013041342289e-01 1.458386921286529692e+00 -6.714335265869321445e-03 8.332162718061014023e-04
-4.261079013041342289e-01 1.458386921286529692e+00 -6.714335265869321445e-03 8.332162718061014023e-04
-4.261079013041342289e-01 1.458386921286529692e+00 -6.714335265869321445e-03 8.332162718061014023e-04
-5.113176176269214057e-01 1.404533243735994752e+00 -3.477678193243578797e-03 9.357749095608878728e-05
-5.113176176269214057e-01 1.404533243735994752e+00 -3.477678193243578797e-03 9.357749095608878728e-05
-1.919410260412277580e-01 1.273895032910557390e+00 2.004984773185516933e-03 -4.127925765642220801e-04
-1.424427025970409488e-02 1.102400078220751922e+00 1.542773926431383752e-03 -8.788062076775727182e-05
-1.424427025970409488e-02 1.102400078220751922e+00 1.542773926431383752e-03 -8.788062076775727182e-05
-1.424427025970409488e-02 1.102400078220751922e+00 1.542773926431383752e-03 -8.788062076775727182e-05
-1.424427025970409488e-02 1.102400078220751922e+00 1.542773926431383752e-03 -8.788062076775727182e-05
2.858547466190616837e-01 8.092346427418162236e-01 1.042882228769235337e-02 -1.136945806625032276e-03
2.858547466190616837e-01 8.092346427418162236e-01 1.042882228769235337e-02 -1.136945806625032276e-03
-2.020527764569595153e-01 1.061231314442403040e+00 -6.401183575619015520e-03 -3.055024511251776091e-04
1.942657280920390139e-01 8.382469508090846233e-01 -1.211254857249041000e-03 6.453645947901477404e-04
3.272451573743158371e-02 7.058868110421920861e-01 -4.225795387371653056e-04 -6.234258487402695144e-04
3.272451573743158371e-02 7.058868110421920861e-01 -4.225795387371653056e-04 -6.234258487402695144e-04
3.272451573743158371e-02 7.058868110421920861e-01 -4.225795387371653056e-04 -6.234258487402695144e-04
3.272451573743158371e-02 7.058868110421920861e-01 -4.225795387371653056e-04 -6.234258487402695144e-04
2.561237873420529887e-01 3.421840717317867764e-01 -6.522155885139867618e-03 -5.494437272675176294e-04
2.561237873420529887e-01 3.421840717317867764e-01 -6.522155885139867618e-03 -5.494437272675176294e-04
2.762098211270264114e-02 4.800068803965220621e-01 -8.620604512729879848e-03 2.195179088514235828e-04
2.762098211270264114e-02 4.800068803965220621e-01 -8.620604512729879848e-03 2.195179088514235828e-04
2.762098211270264114e-02 4.800068803965220621e-01 -8.620604512729879848e-03 2.195179088514235828e-04
3.332441065298553662e-01 1.325272095688901919e-01 -7.787488723554886541e-03 -5.294195125165246027e-06
3.332441065298553662e-01 1.325272095688901919e-01 -7.787488723554886541e-03 -5.294195125165246027e-06
7.288496386722986831e-02 2.592631156669453762e-01 -8.001949730875996397e-03 -6.949674550073512433e-04
7.288496386722986831e-02 2.592631156669453762e-01 -8.001949730875996397e-03 -6.949674550073512433e-04
3.841642526587918383e-02 2.847191676993137133e-01 -7.685303083098081467e-03 5.745977166734313624e-05
3.841642526587918383e-02 2.847191676993137133e-01 -7.685303083098081467e-03 5.745977166734313624e-05
3.841642526587918383e-02 2.847191676993137133e-01 -7.685303083098081467e-03 5.745977166734313624e-05
4.593923109210112932e-03 9.215552983234742701e-02 -8.707441827235890691e-03 -6.924637372857100643e-04
4.593923109210112932e-03 9.215552983234742701e-02 -8.707441827235890691e-03 -6.924637372857100643e-04
4.593923109210112932e-03 9.215552983234742701e-02 -8.707441827235890691e-03 -6.924637372857100643e-04
4.593923109210112932e-03 9.215552983234742701e-02 -8.707441827235890691e-03 -6.924637372857100643e-04
4.593923109210112932e-03 9.215552983234742701e-02 -8.707441827235890691e-03 -6.924637372857100643e-04
1.594482472941993190e-01 3.567038607218331325e-02 -6.410809660257282827e-03 -3.418390875674779316e-04
-4.537788740922202302e-02 1.569054511702546728e-01 -7.307997976411094443e-03 -1.254130662997517132e-04
-4.537788740922202302e-02 1.569054511702546728e-01 -7.307997976411094443e-03 -1.254130662997517132e-04
-4.537788740922202302e-02 1.569054511702546728e-01 -7.307997976411094443e-03 -1.254130662997517132e-04
5.689528705864693031e-02 2.180226984199409856e-03 -7.427848614902473473e-03 1.941492469617607346e-04
5.689528705864693031e-02 2.180226984199409856e-03 -7.427848614902473473e-03 1.941492469617607346e-04
5.689528705864693031e-02 2.180226984199409856e-03 -7.427848614902473473e-03 1.941492469617607346e-04
8.718061758365591718e-02 -1.502982329525187621e-02 -3.822223885694621404e-03 -2.143900277210830912e-04
8.718061758365591718e-02 -1.502982329525187621e-02 -3.822223885694621404e-03 -2.143900277210830912e-04
8.718061758365591718e-02 -1.502982329525187621e-02 -3.822223885694621404e-03 -2.143900277210830912e-04
1.602346378403390892e-02 7.396478583893931202e-03 -2.449087830761840362e-03 3.768706976055445808e-04
4.606671401676454974e-02 6.789295681535308102e-02 -1.419439235864041610e-03 -1.228410770061424007e-04
4.606671401676454974e-02 6.789295681535308102e-02 -1.419439235864041610e-03 -1.228410770061424007e-04
3.717036520126842936e-02 -4.522013172347681687e-02 1.045508906429223027e-03 1.319097081727401083e-05
3.717036520126842936e-02 -4.522013172347681687e-02 1.045508906429223027e-03 1.319097081727401083e-05
3.717036520126842936e-02 -4.522013172347681687e-02 1.045508906429223027e-03 1.319097081727401083e-05
3.717036520126842936e-02 -4.522013172347681687e-02 1.045508906429223027e-03 1.319097081727401083e-05
2.531994478227011028e-02 1.739313629141949966e-02 5.874222552135659799e-04 1.051231572347322495e-04
2.531994478227011028e-02 1.739313629141949966e-02 5.874222552135659799e-04 1.051231572347322495e-04
2.531994478227011028e-02 1.739313629141949966e-02 5.874222552135659799e-04 1.051231572347322495e-04
-1.352981446018459294e-02 1.680646498870807734e-02 -4.616995442662318950e-04 4.940200250653953057e-05
-1.352981446018459294e-02 1.680646498870807734e-02 -4.616995442662318950e-04 4.940200250653953057e-05
8.169480112279844941e-03 1.874362860524735400e-02 5.569700483251674916e-04 -2.298013975463240709e-05
8.169480112279844941e-03 1.874362860524735400e-02 5.569700483251674916e-04 -2.298013975463240709e-05
8.169480112279844941e-03 1.874362860524735400e-02 5.569700483251674916e-04 -2.298013975463240709e-05
-3.720484686521061818e-03 -9.291647480307876905e-03 1.738068513147481161e-04 4.312043923582512765e-06
-3.720484686521061818e-03 -9.291647480307876905e-03 1.738068513147481161e-04 4.312043923582512765e-06
-3.720484686521061818e-03 -9.291647480307876905e-03 1.738068513147481161e-04 4.312043923582512765e-06
-3.720484686521061818e-03 -9.291647480307876905e-03 1.738068513147481161e-04 4.312043923582512765e-06
-6.489328461355737404e-03 -3.157899054009548172e-03 -1.403920442216240909e-04 1.080359260166971925e-05
3.626409056638458823e-03 1.350957139127363345e-03 1.365136149480480486e-04 -1.429259467847435765e-06
3.626409056638458823e-03 1.350957139127363345e-03 1.365136149480480486e-04 -1.429259467847435765e-06
3.626409056638458823e-03 1.350957139127363345e-03 1.365136149480480486e-04 -1.429259467847435765e-06
3.626409056638458823e-03 1.350957139127363345e-03 1.365136149480480486e-04 -1.429259467847435765e-06
-1.195875802046507223e-03 1.256190423683689779e-02 4.850449992344887853e-05 -2.206097137307064722e-06
-1.712802032281386146e-03 2.652296884905276826e-03 1.557038587056782698e-04 -7.528199435478418973e-07
-3.685967508131176087e-03 5.795687843249890808e-03 3.721191862789052573e-05 6.157686989128181133e-06
-3.228728378085751229e-03 6.516713044037707007e-03 4.614101476783564028e-05 -4.464422711637879221e-06
5.852828132511267174e-04 4.116303820692403768e-03 1.042019689771306844e-04 -8.728363343442934973e-07
5.852828132511267174e-04 4.116303820692403768e-03 1.042019689771306844e-04 -8.728363343442934973e-07
5.852828132511267174e-04 4.116303820692403768e-03 1.042019689771306844e-04 -8.728363343442934973e-07
5.852828132511267174e-04 4.116303820692403768e-03 1.042019689771306844e-04 -8.728363343442934973e-07
5.852828132511267174e-04 4.116303820692403768e-03 1.042019689771306844e-04 -8.728363343442934973e-07
5.852828132511267174e-04 4.116303820692403768e-03 1.042019689771306844e-04 -8.728363343442934973e-07
5.852828132511267174e-04 4.116303820692403768e-03 1.042019689771306844e-04 -8.728363343442934973e-07
1.668450073789392706e-03 5.577348298536736332e-03 6.364574075448557408e-05 -2.978859375245812445e-06
1.668450073789392706e-03 5.577348298536736332e-03 6.364574075448557408e-05 -2.978859375245812445e-06
-7.831070139736757410e-04 7.047130348549490025e-03 4.392086430240427718e-05 -2.664512975057011478e-06
-7.831070139736757410e-04 7.047130348549490025e-03 4.392086430240427718e-05 -2.664512975057011478e-06
-7.129868907757924094e-04 6.175090704754057462e-03 6.614535403261250944e-06 -4.862555940846220308e-06
-7.129868907757924094e-04 6.175090704754057462e-03 6.614535403261250944e-06 -4.862555940846220308e-06
-1.237851461801083366e-03 5.486951700753226607e-03 2.023693749529577746e-05 -1.023524286915586532e-06
6.673481191430629365e-04 5.672100365920845939e-03 4.133065200691140521e-05 -1.149851385123648531e-06
-3.225229005772089976e-05 4.540640074629788761e-03 4.885403170452721783e-05 -1.422984866077458539e-06
1.252357522279088850e-04 3.890261074479470227e-03 1.459721400259354854e-05 -1.564945264424445159e-06
1.252357522279088850e-04 3.890261074479470227e-03 1.459721400259354854e-05 -1.564945264424445159e-06
1.252357522279088850e-04 3.890261074479470227e-03 1.459721400259354854e-05 -1.564945264424445159e-06
2.212856620313837267e-04 5.231747418117713329e-03 3.416143869528931074e-05 -1.509664606139479075e-06
-2.905323240583178616e-04 5.387702537743335393e-03 -2.215877441811732050e-06 -2.359310658264170862e-06
1.562243695281152474e-04 4.317759624719873929e-03 1.712828238761469153e-05 -3.472890598625855932e-07
1.562243695281152474e-04 4.317759624719873929e-03 1.712828238761469153e-05 -3.472890598625855932e-07
-2.124603602548738742e-04 6.054657438702044925e-03 2.031490735187081866e-05 -1.257897492596485328e-06
-3.387160453932622022e-04 5.151406433546402638e-03 3.910922414421688046e-06 -1.267887097117335514e-06
8.740576976468258583e-06 5.778389634469523889e-03 -1.214712210160134230e-05 -1.065445851329181977e-06
8.740576976468258583e-06 5.778389634469523889e-03 -1.214712210160134230e-05 -1.065445851329181977e-06
8.740576976468258583e-06 5.778389634469523889e-03 -1.214712210160134230e-05 -1.065445851329181977e-06
8.740576976468258583e-06 5.778389634469523889e-03 -1.214712210160134230e-05 -1.065445851329181977e-06
8.740576976468258583e-06 5.778389634469523889e-03 -1.214712210160134230e-05 -1.065445851329181977e-06
5.231515011990770523e-05 4.895818061092158807e-03 -2.509022154826563266e-06 -2.552396026617057251e-07
4.167504754974620082e-05 5.225635023523510572e-03 8.452174929448691299e-06 -1.405557058082986269e-07
4.167504754974620082e-05 5.225635023523510572e-03 8.452174929448691299e-06 -1.405557058082986269e-07
4.167504754974620082e-05 5.225635023523510572e-03 8.452174929448691299e-06 -1.405557058082986269e-07
9.553024627406108600e-06 5.500695174481330316e-03 -6.836143883774459712e-06 -7.235756154171853258e-07
9.553024627406108600e-06 5.500695174481330316e-03 -6.836143883774459712e-06 -7.235756154171853258e-07
9.553024627406108600e-06 5.500695174481330316e-03 -6.836143883774459712e-06 -7.235756154171853258e-07
2.452539008656612685e-05 5.649716831595984722e-03 8.755327404485846812e-06 -5.189494726735924844e-07
2.526103120595132352e-05 5.477479319340543967e-03 2.902764443044593589e-06 -3.677047274456628764e-07
2.526103120595132352e-05 5.477479319340543967e-03 2.902764443044593589e-06 -3.677047274456628764e-07
2.526103120595132352e-05 5.477479319340543967e-03 2.902764443044593589e-06 -3.677047274456628764e-07
2.526103120595132352e-05 5.477479319340543967e-03 2.902764443044593589e-06 -3.677047274456628764e-07
5.045821450119541469e-06 5.740142604961755331e-03 -5.445087058255111955e-06 -3.686884697896724647e-07
1.609375105357701343e-05 5.743488354228255821e-03 3.777936187337824214e-06 -3.738798101852442617e-07
1.609375105357701343e-05 5.743488354228255821e-03 3.777936187337824214e-06 -3.738798101852442617e-07
1.609375105357701343e-05 5.743488354228255821e-03 3.777936187337824214e-06 -3.738798101852442617e-07
-4.694861075059168721e-06 5.823922183333118258e-03 6.789252043532833853e-07 -2.497568433762580345e-07
-4.694861075059168721e-06 5.823922183333118258e-03 6.789252043532833853e-07 -2.497568433762580345e-07
-4.694861075059168721e-06 5.823922183333118258e-03 6.789252043532833853e-07 -2.497568433762580345e-07
-4.694861075059168721e-06 5.823922183333118258e-03 6.789252043532833853e-07 -2.497568433762580345e-07
-4.694861075059168721e-06 5.823922183333118258e-03 6.789252043532833853e-07 -2.497568433762580345e-07
-4.694861075059168721e-06 5.823922183333118258e-03 6.789252043532833853e-07 -2.497568433762580345e-07
-4.694861075059168721e-06 5.823922183333118258e-03 6.789252043532833853e-07 -2.497568433762580345e-07
-4.694861075059168721e-06 5.823922183333118258e-03 6.789252043532833853e-07 -2.497568433762580345e-07
