1.000000000000000000e+00 5.000000000000000278e-02
1.074999999999999734e+00 4.500000000000001221e-02
1.187500000000000000e+00 4.250000000000000999e-02
1.293749999999999734e+00 3.125000000000002776e-02
1.571875000000000355e+00 2.062500000000003220e-02
1.678125000000000089e+00 9.375000000000049960e-03
1.678125000000000089e+00 9.375000000000049960e-03
1.653125000000000400e+00 1.437500000000004052e-02
1.653125000000000400e+00 1.437500000000004052e-02
1.715625000000000178e+00 1.687500000000002887e-02
1.715625000000000178e+00 1.687500000000002887e-02
1.760937499999999378e+00 2.468750000000000805e-02
1.889843749999998934e+00 2.484374999999999778e-02
1.889843749999998934e+00 2.484374999999999778e-02
2.215624999999996625e+00 3.687499999999994948e-02
2.287890624999996625e+00 2.726562499999997391e-02
2.613671874999994316e+00 3.929687499999992562e-02
2.685937499999994316e+00 2.968749999999995004e-02
2.685937499999994316e+00 2.968749999999995004e-02
2.685937499999994316e+00 2.968749999999995004e-02
2.685937499999994316e+00 2.968749999999995004e-02
2.685937499999994316e+00 2.968749999999995004e-02
2.685937499999994316e+00 2.968749999999995004e-02
2.685937499999994316e+00 2.968749999999995004e-02
2.685937499999994316e+00 2.968749999999995004e-02
2.685937499999994316e+00 2.968749999999995004e-02
2.757974529266351116e+00 3.101392745971674053e-02
2.749481081962579232e+00 3.042373180389398857e-02
2.719832652807229856e+00 3.020316481590265556e-02
2.719832652807229856e+00 3.020316481590265556e-02
2.735448213294142228e+00 3.025345928966993725e-02
2.725319234747433761e+00 3.009576039388770635e-02
2.725108188414008925e+00 3.018888732884073695e-02
2.725108188414008925e+00 3.018888732884073695e-02
2.725108188414008925e+00 3.018888732884073695e-02
2.728972507348220056e+00 3.021892224758625234e-02
2.728580131992560887e+00 3.024746164934179887e-02
2.726942254042199920e+00 3.021103963865238301e-02
2.726942254042199920e+00 3.021103963865238301e-02
2.726942254042199920e+00 3.021103963865238301e-02
2.727716929145067137e+00 3.021545656722446696e-02
2.727716929145067137e+00 3.021545656722446696e-02
2.727267214561066133e+00 3.021535457793598708e-02
2.727479746433932206e+00 3.021964401989746946e-02
2.727545204821283154e+00 3.021647793307059848e-02
2.727545204821283154e+00 3.021647793307059848e-02
2.727455303481687743e+00 3.021354169038314302e-02
2.727455303481687743e+00 3.021354169038314302e-02
