1.000000000000000000e+00 1.000000000000000000e+00
1.074999999999999734e+00 8.999999999999999112e-01
1.187500000000000000e+00 8.499999999999996447e-01
1.293749999999999734e+00 6.249999999999991118e-01
1.571875000000000355e+00 4.124999999999983125e-01
1.678125000000000089e+00 1.874999999999977796e-01
1.956250000000000711e+00 -2.500000000000301981e-02
1.956250000000000711e+00 -2.500000000000301981e-02
2.119921875000001066e+00 -4.218750000000331957e-02
2.119921875000001066e+00 -4.218750000000331957e-02
2.119921875000001066e+00 -4.218750000000331957e-02
2.119921875000001066e+00 -4.218750000000331957e-02
2.260095214843751421e+00 -1.108398437500349859e-02
2.579742431640627220e+00 -8.283691406250415223e-02
3.019912719726565165e+00 -5.650634765625484057e-02
3.879292297363285513e+00 -1.868469238281315059e-01
3.879292297363285513e+00 -1.868469238281315059e-01
3.879292297363285513e+00 -1.868469238281315059e-01
3.829511260986332211e+00 -1.443878173828188616e-01
4.086932182312016160e+00 -1.630668640136787029e-01
4.037151145935062857e+00 -1.206077575683660585e-01
3.945776462554935637e+00 -1.431125640869206350e-01
3.945776462554935637e+00 -1.431125640869206350e-01
3.945776462554935637e+00 -1.431125640869206350e-01
3.945776462554935637e+00 -1.431125640869206350e-01
3.945776462554935637e+00 -1.431125640869206350e-01
3.945776462554935637e+00 -1.431125640869206350e-01
3.946309978887442504e+00 -1.298355981707638440e-01
3.952147862594578953e+00 -1.309894841164416235e-01
3.956133837113161356e+00 -1.050124952569669312e-01
3.956133837113161356e+00 -1.050124952569669312e-01
3.955243152036569398e+00 -8.141721554566822006e-02
3.955243152036569398e+00 -8.141721554566822006e-02
3.958227105843986848e+00 -2.889553701098246385e-02
3.953365317466895235e+00 -9.742856559757345769e-03
3.953365317466895235e+00 -9.742856559757345769e-03
3.956542200107295404e+00 -6.188777151698465762e-03
3.955651515030703891e+00 1.740650255960025233e-02
3.954731087517947330e+00 -2.066996927903226242e-03
3.955866750690810285e+00 7.404878320750236421e-04
3.955866750690810285e+00 7.404878320750236421e-04
3.955866750690810285e+00 7.404878320750236421e-04
3.955563231258258039e+00 -2.697049007219336214e-03
3.955458013336548007e+00 1.331244539778776237e-04
3.955458013336548007e+00 1.331244539778776237e-04
3.955578409243861948e+00 1.245314927388436630e-03
3.955603448892155871e+00 2.092412342051521638e-04
3.955603448892155871e+00 2.092412342051521638e-04
3.955549510850572936e+00 -6.058724257959484426e-04
3.955550475536821597e+00 1.159428357959689423e-04
3.955550475536821597e+00 1.159428357959689423e-04
3.955550475536821597e+00 1.159428357959689423e-04
3.955560076430049143e+00 -1.146877106745308018e-04
3.955565998513181025e+00 -8.617108918349859759e-06
3.955556756504218008e+00 2.714521299976430238e-05
3.955556756504218008e+00 2.714521299976430238e-05
3.955556756504218008e+00 2.714521299976430238e-05
3.955556756504218008e+00 2.714521299976430238e-05
3.955556756504218008e+00 2.714521299976430238e-05
