1.000000000000000000e+00 1.000000000000000000e+00
1.074999999999999734e+00 8.999999999999999112e-01
1.187500000000000000e+00 8.499999999999996447e-01
1.293749999999999734e+00 6.249999999999991118e-01
1.571875000000000355e+00 4.124999999999983125e-01
1.678125000000000089e+00 1.874999999999977796e-01
1.956250000000000711e+00 -2.500000000000301981e-02
1.956250000000000711e+00 -2.500000000000301981e-02
1.956250000000000711e+00 -2.500000000000301981e-02
1.813085937500000355e+00 6.640624999999736322e-02
1.857080078125000533e+00 7.324218749999730771e-02
1.895666503906250577e+00 2.241210937499715783e-02
1.895666503906250577e+00 2.241210937499715783e-02
1.895666503906250577e+00 2.241210937499715783e-02
1.867110443115234553e+00 3.573303222655972722e-02
1.883316040039062500e+00 6.286621093747155053e-03
1.883316040039062500e+00 6.286621093747155053e-03
1.870965576171874645e+00 -9.838867187502847722e-03
1.865950393676757635e+00 8.915710449215939054e-03
1.861028957366943182e+00 -3.835678100588759028e-03
1.867227625846862527e+00 -3.649425506594628638e-03
1.867227625846862527e+00 -3.649425506594628638e-03
1.868685747683048071e+00 1.120704412457500156e-03
1.866498014703392716e+00 6.611093878717792935e-04
1.866498014703392716e+00 6.611093878717792935e-04
1.866498014703392716e+00 6.611093878717792935e-04
1.866498014703392716e+00 6.611093878717792935e-04
1.866968061252555211e+00 4.459942632792205947e-04
1.866792203247678028e+00 -1.227708198740464396e-04
1.866792203247678028e+00 -1.227708198740464396e-04
1.866513215471877762e+00 -1.574045283660838353e-04
1.866670891418266365e+00 1.356364403335590173e-04
1.866692128346375101e+00 -6.682743194515442431e-05
1.866692128346375101e+00 -6.682743194515442431e-05
1.866657818465001784e+00 3.573635915900570935e-05
1.866657818465001784e+00 3.573635915900570935e-05
1.866669560799786520e+00 -3.411031974270267567e-05
1.866669560799786520e+00 -3.411031974270267567e-05
