1.000000000000000000e+00 5.000000000000000278e-02
1.074999999999999734e+00 4.500000000000001221e-02
1.187500000000000000e+00 4.250000000000000999e-02
1.293749999999999734e+00 3.125000000000002776e-02
1.571875000000000355e+00 2.062500000000003220e-02
1.923437500000000355e+00 -7.187499999999930056e-03
2.655468750000001599e+00 -4.234374999999990230e-02
3.724609375000001776e+00 -1.155468749999998129e-01
3.724609375000001776e+00 -1.155468749999998129e-01
3.724609375000001776e+00 -1.155468749999998129e-01
3.373046875000001776e+00 -8.773437499999986455e-02
3.373046875000001776e+00 -8.773437499999986455e-02
3.373046875000001776e+00 -8.773437499999986455e-02
3.373046875000001776e+00 -8.773437499999986455e-02
3.388208007812501421e+00 -9.213378906249986011e-02
3.458331298828126510e+00 -9.599243164062484790e-02
3.458331298828126510e+00 -9.599243164062484790e-02
3.458331298828126510e+00 -9.599243164062484790e-02
3.458094024658204368e+00 -9.798477172851546846e-02
3.442636299133302380e+00 -9.607578277587874860e-02
3.434432888031007103e+00 -9.910596847534164366e-02
3.434432888031007103e+00 -9.910596847534164366e-02
3.438848197460174561e+00 -1.031891226768492098e-01
3.438848197460174561e+00 -1.031891226768492098e-01
3.438848197460174561e+00 -1.031891226768492098e-01
3.433722101151943651e+00 -1.019874760508535788e-01
3.439989671856162445e+00 -1.095529611408708748e-01
3.434863575547931092e+00 -1.083513145148752299e-01
3.444835668802253004e+00 -1.228814613819119994e-01
3.439569522812950808e+00 -1.277432415634390805e-01
3.449541616067272720e+00 -1.422733884304758778e-01
3.443995370715828841e+00 -1.592620222270484387e-01
3.443995370715828841e+00 -1.592620222270484387e-01
3.447861019894423507e+00 -2.150345101207487564e-01
3.447861019894423507e+00 -2.150345101207487564e-01
3.440634178370130414e+00 -3.047842656075941958e-01
3.440634178370130414e+00 -3.047842656075941958e-01
3.433841421361895740e+00 -3.199566310457871432e-01
3.433841421361895740e+00 -3.199566310457871432e-01
3.433841421361895740e+00 -3.199566310457871432e-01
3.433841421361895740e+00 -3.199566310457871432e-01
3.431158486072539482e+00 -3.489517024753134300e-01
3.433473148582430134e+00 -3.472320170144651552e-01
3.433473148582430134e+00 -3.472320170144651552e-01
3.433473148582430134e+00 -3.472320170144651552e-01
3.433473148582430134e+00 -3.472320170144651552e-01
3.433056001891202413e+00 -3.456433749837830027e-01
3.433377908891018571e+00 -3.421872046714167226e-01
3.433377908891018571e+00 -3.421872046714167226e-01
3.433377908891018571e+00 -3.421872046714167226e-01
3.433377908891018571e+00 -3.421872046714167226e-01
3.433418452466290738e+00 -3.426525300326516699e-01
3.433358684593028620e+00 -3.434719853670777923e-01
3.433358684593028620e+00 -3.434719853670777923e-01
3.433358684593028620e+00 -3.434719853670777923e-01
3.433362158212696524e+00 -3.430414085646065203e-01
3.433323470837077007e+00 -3.434441865200668076e-01
3.433323470837077007e+00 -3.434441865200668076e-01
3.433323470837077007e+00 -3.434441865200668076e-01
3.433322355483475974e+00 -3.433078938413562931e-01
3.433336273682817019e+00 -3.432985694783541319e-01
3.433336273682817019e+00 -3.432985694783541319e-01
3.433336273682817019e+00 -3.432985694783541319e-01
