1.000000000000000000e+00
1.150000000000000355e+00
1.350000000000000977e+00
1.750000000000001776e+00
2.550000000000003375e+00
3.350000000000004974e+00
2.950000000000004174e+00
2.950000000000004174e+00
3.050000000000004263e+00
3.000000000000004441e+00
3.000000000000004441e+00
3.000000000000004441e+00
3.000000000000004441e+00
3.000000000000004441e+00
3.000000000000004441e+00
3.000000000000004441e+00
3.000000000000004441e+00
3.000000000000004441e+00
3.000000000000004441e+00
3.000000000000004441e+00
