5.754069287992156223e-01 7.021750412222504956e-02 7.170968650876563544e-02 -5.791388095305398664e-01
5.969846886291862997e-01 7.285066052680849724e-02 7.439879975284433011e-02 -5.212249285774859242e-01
5.969846886291862997e-01 7.285066052680849724e-02 7.439879975284433011e-02 -5.212249285774859242e-01
5.969846886291862997e-01 7.285066052680849724e-02 7.439879975284433011e-02 -5.212249285774859242e-01
6.603693581297251924e-01 7.093065064846640344e-02 7.221389524203039589e-02 -4.814091354222613806e-01
6.449727274177152747e-01 7.848726095536995295e-02 7.259205179197894542e-02 -4.081118798410527937e-01
6.449727274177152747e-01 7.848726095536995295e-02 7.259205179197894542e-02 -4.081118798410527937e-01
6.932838706828645670e-01 7.349352097714631493e-02 7.761137970263889962e-02 -3.039347619547974055e-01
7.978748969680795611e-01 7.792540092177480116e-02 7.509077371750716434e-02 -1.699240774643082652e-01
7.978748969680795611e-01 7.792540092177480116e-02 7.509077371750716434e-02 -1.699240774643082652e-01
8.399754980718814323e-01 8.315298138880894419e-02 7.563224006224691931e-02 5.628434609469323835e-02
8.399754980718814323e-01 8.315298138880894419e-02 7.563224006224691931e-02 5.628434609469323835e-02
8.399754980718814323e-01 8.315298138880894419e-02 7.563224006224691931e-02 5.628434609469323835e-02
8.399754980718814323e-01 8.315298138880894419e-02 7.563224006224691931e-02 5.628434609469323835e-02
8.399754980718814323e-01 8.315298138880894419e-02 7.563224006224691931e-02 5.628434609469323835e-02
8.060055706753707083e-01 8.345973340517585937e-02 7.489189211445677896e-02 -5.405654019067149263e-02
8.463911381726926253e-01 8.307407284101153699e-02 7.683982927777224803e-02 2.713302433425183319e-02
8.463911381726926253e-01 8.307407284101153699e-02 7.683982927777224803e-02 2.713302433425183319e-02
8.315324224148346044e-01 8.164065081145568947e-02 7.593798132140210100e-02 -2.007426728958791942e-02
8.315324224148346044e-01 8.164065081145568947e-02 7.593798132140210100e-02 -2.007426728958791942e-02
8.301570840885075242e-01 8.287928876947038559e-02 7.597191341983264290e-02 1.557166645308535186e-02
8.301570840885075242e-01 8.287928876947038559e-02 7.597191341983264290e-02 1.557166645308535186e-02
8.301570840885075242e-01 8.287928876947038559e-02 7.597191341983264290e-02 1.557166645308535186e-02
8.301570840885075242e-01 8.287928876947038559e-02 7.597191341983264290e-02 1.557166645308535186e-02
8.361564618436516660e-01 8.275439855275587564e-02 7.650223655993243499e-02 8.364601124711514707e-03
8.361564618436516660e-01 8.275439855275587564e-02 7.650223655993243499e-02 8.364601124711514707e-03
8.231416547058212352e-01 8.267574075956399260e-02 7.667426402813007358e-02 -7.135328346573663674e-03
8.259754659266445032e-01 8.299343124911617853e-02 7.601909670629548865e-02 -5.205091819176167235e-03
8.259754659266445032e-01 8.299343124911617853e-02 7.601909670629548865e-02 -5.205091819176167235e-03
8.249446933881559030e-01 8.334894865244504847e-02 7.660649193011520586e-02 4.893982869652160894e-03
8.249446933881559030e-01 8.334894865244504847e-02 7.660649193011520586e-02 4.893982869652160894e-03
8.305450739419046879e-01 8.288999324081955389e-02 7.650192014581436162e-02 2.589808003286608699e-03
8.286059839208570477e-01 8.328085619401366657e-02 7.635064462761101400e-02 2.437112627276988124e-03
8.265953672171995059e-01 8.310626919425313786e-02 7.653805030735170989e-02 -2.057275128097810473e-03
8.268241227718369224e-01 8.307497403474951858e-02 7.625918672950927901e-02 -1.619592363073340266e-03
8.268241227718369224e-01 8.307497403474951858e-02 7.625918672950927901e-02 -1.619592363073340266e-03
8.292434223034823582e-01 8.299745410112630006e-02 7.643387399519115111e-02 8.973444552122948397e-04
8.283535570907867296e-01 8.315746031611244427e-02 7.636863990703698923e-02 6.285257456993978507e-04
8.283535570907867296e-01 8.315746031611244427e-02 7.636863990703698923e-02 6.285257456993978507e-04
8.283535570907867296e-01 8.315746031611244427e-02 7.636863990703698923e-02 6.285257456993978507e-04
8.283535570907867296e-01 8.315746031611244427e-02 7.636863990703698923e-02 6.285257456993978507e-04
8.291370545642992029e-01 8.302777363748570227e-02 7.630967164109843381e-02 -1.797397963104546909e-04
8.287832307319931147e-01 8.311690387050846285e-02 7.612422780406789824e-02 -4.507070414311706752e-04
8.295368126907529671e-01 8.303849819288436351e-02 7.621149699985457771e-02 4.453409582313959392e-04
8.295368126907529671e-01 8.303849819288436351e-02 7.621149699985457771e-02 4.453409582313959392e-04
8.286732514152925777e-01 8.311045123009230817e-02 7.629879990120737310e-02 2.608302973784557173e-04
8.283568757290418194e-01 8.319678735170002448e-02 7.605938259901809384e-02 3.693117100601328584e-04
8.283568757290418194e-01 8.319678735170002448e-02 7.605938259901809384e-02 3.693117100601328584e-04
8.283568757290418194e-01 8.319678735170002448e-02 7.605938259901809384e-02 3.693117100601328584e-04
8.272124198735184564e-01 8.336529810820236808e-02 7.601019150264176627e-02 -1.819988175659318936e-05
8.278439187681088107e-01 8.341252719236902369e-02 7.561912940101198077e-02 1.415488055980005473e-04
8.278439187681088107e-01 8.341252719236902369e-02 7.561912940101198077e-02 1.415488055980005473e-04
8.250760749964611840e-01 8.377803370856518050e-02 7.536021611608101356e-02 1.732460839452414655e-04
8.250760749964611840e-01 8.377803370856518050e-02 7.536021611608101356e-02 1.732460839452414655e-04
8.243939988745005998e-01 8.403407229194942429e-02 7.460986126126473161e-02 -2.523647538041996546e-04
8.229331611581489625e-01 8.447471086108832017e-02 7.402960628993965342e-02 3.997619902954248697e-04
8.175122020466534245e-01 8.522121194878273798e-02 7.327777528010756547e-02 -3.280757854436611664e-04
8.170429423107221645e-01 8.558127844160617892e-02 7.224803732609813567e-02 7.556540901112976816e-04
8.112595782995963845e-01 8.692738774043962113e-02 6.990352788589551669e-02 8.473948797866329890e-05
8.112595782995963845e-01 8.692738774043962113e-02 6.990352788589551669e-02 8.473948797866329890e-05
7.959796769512257342e-01 8.964915352895153067e-02 6.610250188651339842e-02 1.160178478501715238e-04
7.959796769512257342e-01 8.964915352895153067e-02 6.610250188651339842e-02 1.160178478501715238e-04
7.785426652794535940e-01 9.361487247837807502e-02 5.952995502494504154e-02 4.092617139377086044e-05
7.785426652794535940e-01 9.361487247837807502e-02 5.952995502494504154e-02 4.092617139377086044e-05
7.451270897798552006e-01 1.001796426618352109e-01 4.930126948927054942e-02 8.131011684104765295e-04
7.451270897798552006e-01 1.001796426618352109e-01 4.930126948927054942e-02 8.131011684104765295e-04
7.015078559850715934e-01 1.096089111126686833e-01 3.376504025281526489e-02 -1.063472150455903743e-04
7.015078559850715934e-01 1.096089111126686833e-01 3.376504025281526489e-02 -1.063472150455903743e-04
6.208039770008637603e-01 1.253735982403780258e-01 9.602899187206664910e-03 -2.992802764303640803e-05
6.208039770008637603e-01 1.253735982403780258e-01 9.602899187206664910e-03 -2.992802764303640803e-05
5.863440638489860746e-01 1.329994279934399726e-01 -2.910989461788193733e-03 -3.412713109620944319e-04
5.863440638489860746e-01 1.329994279934399726e-01 -2.910989461788193733e-03 -3.412713109620944319e-04
5.863440638489860746e-01 1.329994279934399726e-01 -2.910989461788193733e-03 -3.412713109620944319e-04
5.863440638489860746e-01 1.329994279934399726e-01 -2.910989461788193733e-03 -3.412713109620944319e-04
5.863440638489860746e-01 1.329994279934399726e-01 -2.910989461788193733e-03 -3.412713109620944319e-04
5.863440638489860746e-01 1.329994279934399726e-01 -2.910989461788193733e-03 -3.412713109620944319e-04
5.863440638489860746e-01 1.329994279934399726e-01 -2.910989461788193733e-03 -3.412713109620944319e-04
5.770322293118774759e-01 1.348602864898311715e-01 -6.059624571807575681e-03 1.594289329261004728e-04
5.802813795122521157e-01 1.340889852494012158e-01 -4.621459260786017417e-03 1.589204850623213399e-04
5.920379681994006882e-01 1.316339084896709366e-01 -6.856427993228832521e-04 8.070322451995514800e-05
5.892148878328000716e-01 1.323105419004900196e-01 -1.852134859401312773e-03 1.608873934484677821e-04
5.854928400315343451e-01 1.331114292628941542e-01 -3.107852417308820669e-03 -1.006431509864416163e-04
5.854928400315343451e-01 1.331114292628941542e-01 -3.107852417308820669e-03 -1.006431509864416163e-04
5.849362815997249943e-01 1.331451252180206879e-01 -3.118976666822554505e-03 1.011706778481037466e-04
5.849362815997249943e-01 1.331451252180206879e-01 -3.118976666822554505e-03 1.011706778481037466e-04
5.849362815997249943e-01 1.331451252180206879e-01 -3.118976666822554505e-03 1.011706778481037466e-04
5.880131003136973566e-01 1.325289937641667137e-01 -2.103210644541066675e-03 1.471791494112153825e-06
5.880131003136973566e-01 1.325289937641667137e-01 -2.103210644541066675e-03 1.471791494112153825e-06
5.880131003136973566e-01 1.325289937641667137e-01 -2.103210644541066675e-03 1.471791494112153825e-06
5.880131003136973566e-01 1.325289937641667137e-01 -2.103210644541066675e-03 1.471791494112153825e-06
5.872863157216002827e-01 1.326267342322720033e-01 -2.232243311650122450e-03 -6.956753390280451493e-06
5.872863157216002827e-01 1.326267342322720033e-01 -2.232243311650122450e-03 -6.956753390280451493e-06
5.872863157216002827e-01 1.326267342322720033e-01 -2.232243311650122450e-03 -6.956753390280451493e-06
5.872863157216002827e-01 1.326267342322720033e-01 -2.232243311650122450e-03 -6.956753390280451493e-06
5.872863157216002827e-01 1.326267342322720033e-01 -2.232243311650122450e-03 -6.956753390280451493e-06
5.872863157216002827e-01 1.326267342322720033e-01 -2.232243311650122450e-03 -6.956753390280451493e-06
5.852793980887667225e-01 1.329726801621003429e-01 -2.759611904243172882e-03 6.521355417718703704e-05
5.852793980887667225e-01 1.329726801621003429e-01 -2.759611904243172882e-03 6.521355417718703704e-05
5.852793980887667225e-01 1.329726801621003429e-01 -2.759611904243172882e-03 6.521355417718703704e-05
5.838038370752940409e-01 1.332612263235281036e-01 -3.148460846065603488e-03 -8.710488373671110068e-06
5.838038370752940409e-01 1.332612263235281036e-01 -3.148460846065603488e-03 -8.710488373671110068e-06
5.839712306401509956e-01 1.330408735033109524e-01 -2.686181382025445291e-03 3.952417662491357082e-05
5.839712306401509956e-01 1.330408735033109524e-01 -2.686181382025445291e-03 3.952417662491357082e-05
5.839712306401509956e-01 1.330408735033109524e-01 -2.686181382025445291e-03 3.952417662491357082e-05
5.810864736917018547e-01 1.335123116745673966e-01 -3.224511748139799461e-03 -3.703616351035501138e-05
5.778913643354417484e-01 1.338970779411219336e-01 -3.672584301592658404e-03 7.250584994431975698e-05
5.801526937059755529e-01 1.332930575002092555e-01 -2.544758167949750724e-03 -5.997950333614517299e-05
5.805157136554353059e-01 1.329370143138537963e-01 -1.735108044945969652e-03 -7.424370813418547268e-06
5.717922227611138553e-01 1.341478490656923817e-01 -3.010358932920242231e-03 -1.029989940365263692e-04
5.705910484600711374e-01 1.336816257665232044e-01 -1.773083589276866837e-03 6.495633393822767589e-07
5.705910484600711374e-01 1.336816257665232044e-01 -1.773083589276866837e-03 6.495633393822767589e-07
5.620947074624060846e-01 1.338382733956465231e-01 -4.436991389231252636e-04 -8.040822123638689659e-05
5.475529129187146626e-01 1.352263040797019866e-01 -1.094442705413553249e-03 -2.402563740990663660e-04
5.475529129187146626e-01 1.352263040797019866e-01 -1.094442705413553249e-03 -2.402563740990663660e-04
5.292683135722393573e-01 1.361379618520581203e-01 -7.137055595020282833e-05 -2.702109912071533598e-05
5.292683135722393573e-01 1.361379618520581203e-01 -7.137055595020282833e-05 -2.702109912071533598e-05
4.946140866104464795e-01 1.380519358574457955e-01 1.780146454702168524e-03 -3.231732151561765706e-04
4.631171063652155251e-01 1.413405338646296916e-01 -3.164727357430820610e-04 -3.531951928463814916e-04
4.149731238874823092e-01 1.430567985364258887e-01 4.306312518610060786e-03 -2.287861049994270959e-04
3.736012866559097478e-01 1.473095345423071634e-01 1.412095799810764857e-03 -2.144471148117462530e-04
3.736012866559097478e-01 1.473095345423071634e-01 1.412095799810764857e-03 -2.144471148117462530e-04
2.074538306010285105e-01 1.592323581538900301e-01 3.237967458584089554e-03 -3.505596652704260578e-04
2.074538306010285105e-01 1.592323581538900301e-01 3.237967458584089554e-03 -3.505596652704260578e-04
1.888790003368390202e-02 1.737210507549468708e-01 2.591130896230352601e-03 -5.983359914680080318e-04
-8.268226968112979414e-02 1.810864771360569669e-01 3.075472275362801239e-03 -3.951597940595450754e-05
-8.268226968112979414e-02 1.810864771360569669e-01 3.075472275362801239e-03 -3.951597940595450754e-05
-8.268226968112979414e-02 1.810864771360569669e-01 3.075472275362801239e-03 -3.951597940595450754e-05
-8.268226968112979414e-02 1.810864771360569669e-01 3.075472275362801239e-03 -3.951597940595450754e-05
-8.268226968112979414e-02 1.810864771360569669e-01 3.075472275362801239e-03 -3.951597940595450754e-05
-8.268226968112979414e-02 1.810864771360569669e-01 3.075472275362801239e-03 -3.951597940595450754e-05
-7.380475930670847562e-02 1.819627849607908243e-01 -7.726951814141934556e-04 1.224401497485672519e-04
3.445353220708041730e-02 1.735961575821992064e-01 -1.667331967022505886e-04 -2.012289345718137825e-04
-3.113813013552120534e-02 1.784155200794167173e-01 -1.110694146028525821e-04 1.500345640970691117e-04
-3.113813013552120534e-02 1.784155200794167173e-01 -1.110694146028525821e-04 1.500345640970691117e-04
-3.113813013552120534e-02 1.784155200794167173e-01 -1.110694146028525821e-04 1.500345640970691117e-04
-3.113813013552120534e-02 1.784155200794167173e-01 -1.110694146028525821e-04 1.500345640970691117e-04
1.430423127899778553e-02 1.747284002859763596e-01 5.961236250561615041e-04 1.553761299657582459e-04
2.814925164327782003e-02 1.735175061505144223e-01 1.029975617018194381e-03 2.730733146298457695e-05
1.274176195521593141e-02 1.750114709089414800e-01 2.894929921671004027e-04 -5.551951701980783408e-05
1.274176195521593141e-02 1.750114709089414800e-01 2.894929921671004027e-04 -5.551951701980783408e-05
1.274176195521593141e-02 1.750114709089414800e-01 2.894929921671004027e-04 -5.551951701980783408e-05
1.274176195521593141e-02 1.750114709089414800e-01 2.894929921671004027e-04 -5.551951701980783408e-05
1.046612444841706763e-02 1.749523658799714554e-01 7.960018717601197776e-04 1.284104867302347829e-05
1.046612444841706763e-02 1.749523658799714554e-01 7.960018717601197776e-04 1.284104867302347829e-05
1.254462776646522032e-02 1.750077504776720860e-01 2.817267342316117544e-04 -1.726002109690158377e-05
-1.898442379861712583e-03 1.760388949169549577e-01 4.029834616006421370e-04 3.657464909948925211e-05
-1.898442379861712583e-03 1.760388949169549577e-01 4.029834616006421370e-04 3.657464909948925211e-05
-1.898442379861712583e-03 1.760388949169549577e-01 4.029834616006421370e-04 3.657464909948925211e-05
-1.898442379861712583e-03 1.760388949169549577e-01 4.029834616006421370e-04 3.657464909948925211e-05
-5.672621205841082981e-03 1.764178371270252732e-01 1.704766543888743859e-04 8.372300050807744432e-06
-5.672621205841082981e-03 1.764178371270252732e-01 1.704766543888743859e-04 8.372300050807744432e-06
-5.672621205841082981e-03 1.764178371270252732e-01 1.704766543888743859e-04 8.372300050807744432e-06
-1.236292105777697312e-03 1.761884441204264740e-01 -7.912078454855786189e-05 1.454120973970817425e-05
-1.236292105777697312e-03 1.761884441204264740e-01 -7.912078454855786189e-05 1.454120973970817425e-05
1.819525093553863229e-03 1.758387122931363011e-01 2.100659999120460140e-04 7.985353899667262462e-06
-6.372442408023306845e-04 1.760539780921443753e-01 1.240064635920282556e-04 2.570460602893668268e-05
-6.372442408023306845e-04 1.760539780921443753e-01 1.240064635920282556e-04 2.570460602893668268e-05
-6.372442408023306845e-04 1.760539780921443753e-01 1.240064635920282556e-04 2.570460602893668268e-05
4.140392876377162364e-03 1.756665399984306264e-01 1.956770831275586597e-04 2.354015233586286224e-05
3.235048307434434597e-03 1.757792405418029669e-01 8.619884464852130875e-05 9.702928905724478314e-06
4.123563443496005773e-03 1.757339945990965269e-01 3.622904646087344628e-05 1.549672526048536422e-05
4.123563443496005773e-03 1.757339945990965269e-01 3.622904646087344628e-05 1.549672526048536422e-05
4.123563443496005773e-03 1.757339945990965269e-01 3.622904646087344628e-05 1.549672526048536422e-05
3.574719876548029980e-03 1.757339150065936884e-01 1.344070268848548185e-04 2.065243966310568454e-05
3.164506538215865195e-03 1.757845995863787092e-01 8.569393042487781650e-05 1.510251679270914336e-05
3.164506538215865195e-03 1.757845995863787092e-01 8.569393042487781650e-05 1.510251679270914336e-05
3.164506538215865195e-03 1.757845995863787092e-01 8.569393042487781650e-05 1.510251679270914336e-05
3.164506538215865195e-03 1.757845995863787092e-01 8.569393042487781650e-05 1.510251679270914336e-05
3.652807424715556663e-03 1.757559321188310042e-01 6.754046309120464563e-05 1.708668039487937611e-05
3.388146584762509548e-03 1.757586444616092425e-01 1.082711328289890534e-04 1.921881768766124814e-05
3.335269568297710620e-03 1.757731320318462187e-01 8.209795784111111093e-05 1.879262498543665287e-05
2.939128070702018945e-03 1.757983678177010289e-01 9.394178717691043412e-05 1.825397292206437438e-05
3.246672225167657015e-03 1.757780593469377983e-01 8.682838282971582053e-05 1.672027039510977811e-05
3.246672225167657015e-03 1.757780593469377983e-01 8.682838282971582053e-05 1.672027039510977811e-05
3.261026082401044524e-03 1.757714684194114918e-01 1.001699562964829694e-04 1.868355388777101709e-05
3.261026082401044524e-03 1.757714684194114918e-01 1.001699562964829694e-04 1.868355388777101709e-05
3.682412285089359597e-03 1.757399961133691013e-01 9.842719985405490703e-05 1.800725914180398193e-05
3.682412285089359597e-03 1.757399961133691013e-01 9.842719985405490703e-05 1.800725914180398193e-05
3.682412285089359597e-03 1.757399961133691013e-01 9.842719985405490703e-05 1.800725914180398193e-05
3.682412285089359597e-03 1.757399961133691013e-01 9.842719985405490703e-05 1.800725914180398193e-05
3.682412285089359597e-03 1.757399961133691013e-01 9.842719985405490703e-05 1.800725914180398193e-05
3.682412285089359597e-03 1.757399961133691013e-01 9.842719985405490703e-05 1.800725914180398193e-05
3.682412285089359597e-03 1.757399961133691013e-01 9.842719985405490703e-05 1.800725914180398193e-05
3.682412285089359597e-03 1.757399961133691013e-01 9.842719985405490703e-05 1.800725914180398193e-05
3.536842614462563407e-03 1.757499153734299324e-01 1.007855907809735037e-04 1.810535207721419856e-05
3.536842614462563407e-03 1.757499153734299324e-01 1.007855907809735037e-04 1.810535207721419856e-05
3.536842614462563407e-03 1.757499153734299324e-01 1.007855907809735037e-04 1.810535207721419856e-05
3.536842614462563407e-03 1.757499153734299324e-01 1.007855907809735037e-04 1.810535207721419856e-05
3.732045623078633634e-03 1.757326263750607076e-01 1.063336717785677912e-04 1.759617642738811252e-05
3.683989756382730248e-03 1.757407353647096881e-01 9.561769299634321497e-05 1.743528504576446971e-05
3.683989756382730248e-03 1.757407353647096881e-01 9.561769299634321497e-05 1.743528504576446971e-05
3.403404794950609311e-03 1.757585748930654002e-01 1.029743868029825817e-04 1.776178353322970031e-05
3.403404794950609311e-03 1.757585748930654002e-01 1.029743868029825817e-04 1.776178353322970031e-05
3.403404794950609311e-03 1.757585748930654002e-01 1.029743868029825817e-04 1.776178353322970031e-05
3.542926946624728318e-03 1.757522605549362016e-01 9.144294921967582542e-05 1.699178177932054074e-05
3.298686435346320951e-03 1.757664442461671084e-01 1.017476712754016249e-04 1.718199246736013626e-05
3.633993457167682475e-03 1.757387149823269601e-01 1.064281107803627933e-04 1.703658141285847508e-05
3.145061555936483691e-03 1.757799576370413508e-01 9.472219103264954351e-05 1.751318257252308539e-05
3.408691706405193173e-03 1.757608832792229014e-01 8.980691812510220411e-05 1.601908660758728255e-05
3.028970972892303798e-03 1.757799789986962402e-01 1.116427699707854939e-04 1.682956873660565298e-05
3.315165398608604583e-03 1.757617626806313726e-01 9.845464988087176267e-05 1.618482956246059440e-05
3.315165398608604583e-03 1.757617626806313726e-01 9.845464988087176267e-05 1.618482956246059440e-05
3.315165398608604583e-03 1.757617626806313726e-01 9.845464988087176267e-05 1.618482956246059440e-05
2.740266240668752171e-03 1.757975972181595736e-01 1.110206460718477992e-04 1.616745672739505621e-05
2.975634608069865732e-03 1.757873106084179016e-01 8.887373227669566203e-05 1.502591859377138740e-05
3.269995845366687609e-03 1.757570804381196061e-01 1.086256377993164237e-04 1.501331813716798351e-05
2.948140243748688036e-03 1.757825272090595137e-01 1.038858898857466465e-04 1.654977017725907271e-05
2.948140243748688036e-03 1.757825272090595137e-01 1.038858898857466465e-04 1.654977017725907271e-05
3.403685344290221376e-03 1.757503655475638471e-01 8.480888017957209516e-05 1.400189341786083438e-05
3.253986661653258602e-03 1.757432299714066781e-01 1.260540686970336400e-04 1.551695080317526572e-05
2.653257299274545261e-03 1.757933024619685591e-01 9.962158082508007625e-05 1.591987621588752667e-05
2.653257299274545261e-03 1.757933024619685591e-01 9.962158082508007625e-05 1.591987621588752667e-05
3.695177769539866736e-03 1.757007822216496429e-01 9.966929749810962691e-05 1.283013226199097542e-05
3.002706887394034074e-03 1.757279180502051563e-01 1.489686298993618649e-04 1.704706491388505277e-05
3.113644421973541659e-03 1.757307052616183807e-01 8.366417376618493027e-05 1.516453572628852529e-05
3.113644421973541659e-03 1.757307052616183807e-01 8.366417376618493027e-05 1.516453572628852529e-05
4.118165824326013719e-03 1.755895515703941312e-01 1.373771149750197896e-04 1.295151837530149699e-05
4.118165824326013719e-03 1.755895515703941312e-01 1.373771149750197896e-04 1.295151837530149699e-05
3.584054928458577094e-03 1.756117389545330809e-01 6.293600425246652450e-05 1.082143787841203391e-05
4.702053316043999440e-03 1.754855040086797935e-01 8.763169781493540793e-05 1.266175196999634134e-05
5.175494112501816124e-03 1.753244654636760824e-01 1.563288619922955335e-04 9.815515714741846192e-06
5.175494112501816124e-03 1.753244654636760824e-01 1.563288619922955335e-04 9.815515714741846192e-06
6.352705782272710308e-03 1.751206205916520098e-01 1.432222598990342925e-05 3.596270399142574776e-06
6.352705782272710308e-03 1.751206205916520098e-01 1.432222598990342925e-05 3.596270399142574776e-06
6.352705782272710308e-03 1.751206205916520098e-01 1.432222598990342925e-05 3.596270399142574776e-06
8.175290008331653063e-03 1.746411343088347667e-01 1.172923829108115257e-04 1.673382491632993707e-06
8.175290008331653063e-03 1.746411343088347667e-01 1.172923829108115257e-04 1.673382491632993707e-06
8.175290008331653063e-03 1.746411343088347667e-01 1.172923829108115257e-04 1.673382491632993707e-06
7.940629134254768157e-03 1.744716146008962188e-01 -4.067593863857918782e-05 -3.558747024102325628e-06
7.940629134254768157e-03 1.744716146008962188e-01 -4.067593863857918782e-05 -3.558747024102325628e-06
9.799467633839323982e-03 1.738463189024970212e-01 8.704791258527195337e-05 -1.489912714854136248e-06
9.799467633839323982e-03 1.738463189024970212e-01 8.704791258527195337e-05 -1.489912714854136248e-06
8.210243672013433497e-03 1.736111775740598606e-01 -1.467772270162653046e-04 -7.152452918552226746e-06
8.210243672013433497e-03 1.736111775740598606e-01 -1.467772270162653046e-04 -7.152452918552226746e-06
1.228560863193816147e-02 1.720574598678450418e-01 2.856130318615231764e-05 -1.233167443947963934e-05
1.228560863193816147e-02 1.720574598678450418e-01 2.856130318615231764e-05 -1.233167443947963934e-05
1.293911719991986536e-02 1.706491528515556855e-01 -3.691230946402524588e-04 -3.053845636295950518e-05
1.222705456430708826e-02 1.701316583298707608e-01 -3.212855881660626588e-04 -2.121139465104039424e-05
1.222705456430708826e-02 1.701316583298707608e-01 -3.212855881660626588e-04 -2.121139465104039424e-05
1.651855129861874716e-02 1.667614624075548502e-01 -4.930186300783763161e-04 -4.657247962712091137e-05
1.651855129861874716e-02 1.667614624075548502e-01 -4.930186300783763161e-04 -4.657247962712091137e-05
2.066375893831563781e-02 1.627295484732236286e-01 -5.938256865206629912e-04 -5.235915473049908872e-05
2.066375893831563781e-02 1.627295484732236286e-01 -5.938256865206629912e-04 -5.235915473049908872e-05
1.589577823647365939e-02 1.653008390669012950e-01 -2.204528162471173103e-04 -2.673514663772761626e-05
1.589577823647365939e-02 1.653008390669012950e-01 -2.204528162471173103e-04 -2.673514663772761626e-05
2.379856554505004052e-02 1.548951935789780188e-01 -8.228184675358953155e-04 -5.945727340464276715e-05
2.379856554505004052e-02 1.548951935789780188e-01 -8.228184675358953155e-04 -5.945727340464276715e-05
2.406484635974816266e-02 1.519661324727549223e-01 -4.244760347116127274e-04 -4.836342314677835640e-05
2.406484635974816266e-02 1.519661324727549223e-01 -4.244760347116127274e-04 -4.836342314677835640e-05
3.904477521749080693e-02 1.339459959725508575e-01 -8.755719743317861604e-04 -8.074771302915226007e-05
3.169891157687743793e-02 1.328991979642406562e-01 -1.004752622664669857e-03 -6.082598267884427681e-05
3.978776839368702856e-02 1.208721581836140757e-01 -1.998600966014170248e-04 -4.035819211439345367e-05
3.978776839368702856e-02 1.208721581836140757e-01 -1.998600966014170248e-04 -4.035819211439345367e-05
6.896401213377162387e-02 7.268300533281929487e-02 -1.533537665999080719e-03 -1.092629114040761227e-04
6.144358210549694110e-02 6.277603535342868302e-02 -1.124820055509204338e-03 -6.588073042052117168e-05
6.144358210549694110e-02 6.277603535342868302e-02 -1.124820055509204338e-03 -6.588073042052117168e-05
7.760195272405148725e-02 3.997154398225130634e-02 -8.189358370260402947e-04 -6.167254228398059361e-05
7.760195272405148725e-02 3.997154398225130634e-02 -8.189358370260402947e-04 -6.167254228398059361e-05
6.506739832035218773e-02 3.775220831430750601e-02 3.876914300534432811e-04 6.815392139114659006e-06
6.506739832035218773e-02 3.775220831430750601e-02 3.876914300534432811e-04 6.815392139114659006e-06
6.424470528612166720e-02 6.080725898181246758e-03 3.220110883899423692e-04 6.184016907691066594e-05
6.424470528612166720e-02 6.080725898181246758e-03 3.220110883899423692e-04 6.184016907691066594e-05
6.301039526561669213e-02 7.132984114099918949e-03 5.436639315883127870e-04 5.433352032901205106e-05
4.501548658407869552e-02 3.932096078119205751e-02 9.088029093449710716e-04 8.818256125248070607e-05
4.501548658407869552e-02 3.932096078119205751e-02 9.088029093449710716e-04 8.818256125248070607e-05
5.269599092538290730e-02 4.860410959683966747e-03 4.716620120709251766e-04 9.912003009059853738e-05
5.269599092538290730e-02 4.860410959683966747e-03 4.716620120709251766e-04 9.912003009059853738e-05
4.599069006915576519e-02 3.133628657750648500e-02 7.664943231806742221e-04 7.982380275620335982e-05
4.599069006915576519e-02 3.133628657750648500e-02 7.664943231806742221e-04 7.982380275620335982e-05
5.355988662664405708e-02 1.173006233224846429e-02 1.648445812385827998e-04 7.217306752683742203e-05
5.355988662664405708e-02 1.173006233224846429e-02 1.648445812385827998e-04 7.217306752683742203e-05
5.355988662664405708e-02 1.173006233224846429e-02 1.648445812385827998e-04 7.217306752683742203e-05
4.837667489955013722e-02 8.829776027525298998e-03 5.231848875736392571e-04 9.046570671798967998e-05
4.229412473702182096e-02 8.625913768319316832e-03 2.912925223679319661e-04 1.160384486603771093e-04
4.229412473702182096e-02 8.625913768319316832e-03 2.912925223679319661e-04 1.160384486603771093e-04
4.229412473702182096e-02 8.625913768319316832e-03 2.912925223679319661e-04 1.160384486603771093e-04
3.610278676934705611e-02 1.648921584615942182e-02 6.493558374127963388e-04 1.170906843858179609e-04
3.610278676934705611e-02 1.648921584615942182e-02 6.493558374127963388e-04 1.170906843858179609e-04
3.237907800859907148e-02 2.903311958264526149e-02 1.926020151142107152e-04 1.192755930707393953e-04
3.237907800859907148e-02 2.903311958264526149e-02 1.926020151142107152e-04 1.192755930707393953e-04
3.045630022535422698e-02 3.399919236009166235e-02 4.254497868055905681e-04 9.841466198333762277e-05
3.045630022535422698e-02 3.399919236009166235e-02 4.254497868055905681e-04 9.841466198333762277e-05
3.045630022535422698e-02 3.399919236009166235e-02 4.254497868055905681e-04 9.841466198333762277e-05
3.045630022535422698e-02 3.399919236009166235e-02 4.254497868055905681e-04 9.841466198333762277e-05
3.045630022535422698e-02 3.399919236009166235e-02 4.254497868055905681e-04 9.841466198333762277e-05
3.165150452101722633e-02 2.613230321260522071e-02 6.502134537898773825e-05 8.534515726176216928e-05
3.165150452101722633e-02 2.613230321260522071e-02 6.502134537898773825e-05 8.534515726176216928e-05
3.165150452101722633e-02 2.613230321260522071e-02 6.502134537898773825e-05 8.534515726176216928e-05
3.165150452101722633e-02 2.613230321260522071e-02 6.502134537898773825e-05 8.534515726176216928e-05
1.796108786625739973e-02 2.352575311345099507e-02 2.782261461570598865e-04 9.107752933622140310e-05
1.796108786625739973e-02 2.352575311345099507e-02 2.782261461570598865e-04 9.107752933622140310e-05
1.344835479559265690e-02 3.716308176218324766e-02 -1.862431318155611778e-04 5.498774968711259430e-05
2.709536146296467884e-02 1.475219289689529839e-02 -2.953733119905973441e-04 5.365085065894126650e-05
8.035233405494765502e-03 1.935103544055660763e-02 -7.419138820416379670e-05 9.836010479829940603e-06
8.035233405494765502e-03 1.935103544055660763e-02 -7.419138820416379670e-05 9.836010479829940603e-06
8.035233405494765502e-03 1.935103544055660763e-02 -7.419138820416379670e-05 9.836010479829940603e-06
8.035233405494765502e-03 1.935103544055660763e-02 -7.419138820416379670e-05 9.836010479829940603e-06
8.035233405494765502e-03 1.935103544055660763e-02 -7.419138820416379670e-05 9.836010479829940603e-06
8.035233405494765502e-03 1.935103544055660763e-02 -7.419138820416379670e-05 9.836010479829940603e-06
1.597062714230683932e-03 3.011665007273796324e-03 -1.237650996624041618e-04 -1.500602467649629791e-05
1.597062714230683932e-03 3.011665007273796324e-03 -1.237650996624041618e-04 -1.500602467649629791e-05
1.597062714230683932e-03 3.011665007273796324e-03 -1.237650996624041618e-04 -1.500602467649629791e-05
1.597062714230683932e-03 3.011665007273796324e-03 -1.237650996624041618e-04 -1.500602467649629791e-05
1.597062714230683932e-03 3.011665007273796324e-03 -1.237650996624041618e-04 -1.500602467649629791e-05
1.597062714230683932e-03 3.011665007273796324e-03 -1.237650996624041618e-04 -1.500602467649629791e-05
-3.549247420550621403e-03 8.660859158011319225e-04 1.021893130061514682e-06 7.634976191990776437e-06
-3.549247420550621403e-03 8.660859158011319225e-04 1.021893130061514682e-06 7.634976191990776437e-06
3.136413368142624246e-03 7.707022135319336470e-03 9.274143833382767518e-05 3.795497247465391439e-06
2.532353095339027246e-04 9.975912218685555749e-03 -3.642387800545563944e-05 -2.337045733517711208e-06
2.532353095339027246e-04 9.975912218685555749e-03 -3.642387800545563944e-05 -2.337045733517711208e-06
7.694712078834607498e-04 4.632445739526907386e-03 -6.582654018128628764e-05 -4.993086237121417561e-06
-1.263844030952931703e-03 4.030451171756297551e-03 -1.178909794897191958e-05 4.748906393483095259e-06
-1.263844030952931703e-03 4.030451171756297551e-03 -1.178909794897191958e-05 4.748906393483095259e-06
-1.263844030952931703e-03 4.030451171756297551e-03 -1.178909794897191958e-05 4.748906393483095259e-06
-1.263844030952931703e-03 4.030451171756297551e-03 -1.178909794897191958e-05 4.748906393483095259e-06
5.655244108401825953e-04 5.260727884908540306e-03 1.777363046706862158e-05 -5.277201256575976855e-06
5.112386057436860186e-04 3.127774910454584386e-03 9.797861868857736891e-06 -1.177671672354557523e-06
5.524697507089408512e-04 4.742510604537134022e-03 -2.831492609007868781e-05 -2.341246052432561835e-06
8.101506862958581835e-04 5.640857026992079568e-03 8.935612345890075605e-06 9.682699587513076171e-07
-3.269990837778823816e-04 4.361709389239690898e-03 -4.870526650518741720e-06 1.395972068915074002e-06
-3.269990837778823816e-04 4.361709389239690898e-03 -4.870526650518741720e-06 1.395972068915074002e-06
2.446319210154806068e-04 6.676998816858471450e-03 -1.838262310730985741e-05 -2.022978852425730927e-07
4.948186120349565200e-05 6.029507228936591828e-03 2.469631634301098250e-05 2.030750578430425908e-06
4.948186120349565200e-05 6.029507228936591828e-03 2.469631634301098250e-05 2.030750578430425908e-06
1.603825015846447059e-04 5.231447884739684473e-03 3.136321020249686211e-06 -1.081855090315410192e-06
1.603825015846447059e-04 5.231447884739684473e-03 3.136321020249686211e-06 -1.081855090315410192e-06
1.603825015846447059e-04 5.231447884739684473e-03 3.136321020249686211e-06 -1.081855090315410192e-06
9.351892156825799304e-05 6.074852541852304721e-03 -6.115195537422738609e-06 8.054624278821721920e-08
9.351892156825799304e-05 6.074852541852304721e-03 -6.115195537422738609e-06 8.054624278821721920e-08
9.351892156825799304e-05 6.074852541852304721e-03 -6.115195537422738609e-06 8.054624278821721920e-08
-7.583250697357006001e-05 5.680089011319701398e-03 1.061824831976247098e-06 -2.049136766937532236e-07
-7.583250697357006001e-05 5.680089011319701398e-03 1.061824831976247098e-06 -2.049136766937532236e-07
-7.583250697357006001e-05 5.680089011319701398e-03 1.061824831976247098e-06 -2.049136766937532236e-07
-3.275161408329702853e-05 5.449292118084139366e-03 7.959161567838252592e-07 4.057723783968984204e-07
7.786233111398148290e-06 5.710100954667665304e-03 5.542519339842143701e-06 4.679718725719752389e-07
4.310484573448926263e-05 5.823545821192824094e-03 -1.844281670552848099e-06 8.002573135433327922e-08
2.856885349780307061e-05 5.557615647188974412e-03 1.847631560589148078e-06 -8.179780909297983659e-08
-3.207771370423584542e-05 5.657613823301551638e-03 1.323635589320907272e-06 6.539683306901774298e-09
-3.207771370423584542e-05 5.657613823301551638e-03 1.323635589320907272e-06 6.539683306901774298e-09
1.311063212563663659e-05 5.710670205461697291e-03 3.209396133441703099e-06 2.313807763700366733e-07
2.702066173607561592e-05 5.753283186757884859e-03 1.477053537435261777e-07 5.632708638817860948e-08
-7.469993903342862909e-06 5.906259227241372062e-03 1.581790092067841934e-06 2.161171396776069589e-07
1.714501779748869506e-05 5.781569572015093569e-03 1.871869010475669193e-06 5.099114326990908587e-08
-9.813067132635661701e-06 5.722779685585282008e-03 1.513162868376546120e-06 7.262185986666729483e-08
3.306771231562566013e-07 5.871275630338118959e-03 -6.521324711099112273e-07 -3.335216176885569216e-08
3.306771231562566013e-07 5.871275630338118959e-03 -6.521324711099112273e-07 -3.335216176885569216e-08
3.306771231562566013e-07 5.871275630338118959e-03 -6.521324711099112273e-07 -3.335216176885569216e-08
3.306771231562566013e-07 5.871275630338118959e-03 -6.521324711099112273e-07 -3.335216176885569216e-08
3.306771231562566013e-07 5.871275630338118959e-03 -6.521324711099112273e-07 -3.335216176885569216e-08
-3.829001366154741247e-06 5.756464141506312075e-03 6.651186283252079393e-07 2.677616506019175339e-08
-3.829001366154741247e-06 5.756464141506312075e-03 6.651186283252079393e-07 2.677616506019175339e-08
-3.717932449475759650e-06 5.784323540318494876e-03 -3.841603607383468171e-07 -1.164929470465439667e-08
-3.717932449475759650e-06 5.784323540318494876e-03 -3.841603607383468171e-07 -1.164929470465439667e-08
