1.000000000000000000e+00 1.000000000000000000e+00
1.074999999999999734e+00 1.074999999999999734e+00
1.187500000000000000e+00 1.012499999999999734e+00
1.293749999999999734e+00 1.131249999999999201e+00
1.571875000000000355e+00 1.065624999999998934e+00
1.923437500000000355e+00 1.270312499999997513e+00
2.655468750000001599e+00 1.241406249999996270e+00
3.724609375000001776e+00 1.636328124999992806e+00
3.724609375000001776e+00 1.636328124999992806e+00
3.724609375000001776e+00 1.636328124999992806e+00
3.724609375000001776e+00 1.636328124999992806e+00
3.724609375000001776e+00 1.636328124999992806e+00
4.085205078125002665e+00 1.704052734374991829e+00
4.085205078125002665e+00 1.704052734374991829e+00
4.085205078125002665e+00 1.704052734374991829e+00
3.997766113281252309e+00 1.646032714843742140e+00
3.997766113281252309e+00 1.646032714843742140e+00
3.997766113281252309e+00 1.646032714843742140e+00
3.997766113281252309e+00 1.646032714843742140e+00
3.997766113281252309e+00 1.646032714843742140e+00
3.997766113281252309e+00 1.646032714843742140e+00
4.001232433319094284e+00 1.690773105621329986e+00
4.001201462745669346e+00 1.645296740531913215e+00
3.999491530656817062e+00 1.657033818960181870e+00
3.999491530656817062e+00 1.657033818960181870e+00
4.000338754057887414e+00 1.639796188473693350e+00
4.000338754057887414e+00 1.639796188473693350e+00
3.999922885000708472e+00 1.659784094989291692e+00
3.999922885000708472e+00 1.659784094989291692e+00
3.999922885000708472e+00 1.659784094989291692e+00
4.000015238299969411e+00 1.637733481451860929e+00
4.000015238299969411e+00 1.637733481451860929e+00
4.000015238299969411e+00 1.637733481451860929e+00
4.000015238299969411e+00 1.637733481451860929e+00
3.999997490493118146e+00 1.656014875986139723e+00
3.999997490493118146e+00 1.656014875986139723e+00
3.999997490493118146e+00 1.656014875986139723e+00
3.999997490493118146e+00 1.656014875986139723e+00
4.000000921042740742e+00 1.643346276040020815e+00
4.000000921042740742e+00 1.643346276040020815e+00
3.999999477571876128e+00 1.654236729568757447e+00
3.999999477571876128e+00 1.654236729568757447e+00
4.000000153622264243e+00 1.645832772681004474e+00
4.000000153622264243e+00 1.645832772681004474e+00
3.999999861282114821e+00 1.652993481248265617e+00
3.999999861282114821e+00 1.652993481248265617e+00
3.999999925224626995e+00 1.647349485412157977e+00
4.000000023437817021e+00 1.648002128005608080e+00
4.000000023437817021e+00 1.648002128005608080e+00
4.000000023437817021e+00 1.648002128005608080e+00
4.000000015333769809e+00 1.646241395987817491e+00
3.999999997785752548e+00 1.647025639531995767e+00
3.999999997785752548e+00 1.647025639531995767e+00
3.999999997785752548e+00 1.647025639531995767e+00
3.999999997785752548e+00 1.647025639531995767e+00
3.999999998290239667e+00 1.646273342236346693e+00
4.000000001285872742e+00 1.646421412819814911e+00
4.000000000789208698e+00 1.646008246526123653e+00
3.999999999663890193e+00 1.646244085954657876e+00
3.999999999696887798e+00 1.645978542950678580e+00
4.000000000234798847e+00 1.646059780489395941e+00
4.000000000234798847e+00 1.646059780489395941e+00
3.999999999974092724e+00 1.645952775969042436e+00
3.999999999974092724e+00 1.645952775969042436e+00
3.999999999974092724e+00 1.645952775969042436e+00
3.999999999974092724e+00 1.645952775969042436e+00
3.999999999974092724e+00 1.645952775969042436e+00
3.999999999985644372e+00 1.646066535378754914e+00
4.000000000003382183e+00 1.646044380699760667e+00
4.000000000003382183e+00 1.646044380699760667e+00
