8.313326755196697171e-01 -3.358367917111751422e-01 9.593270628026744073e-02 -2.237481692021604449e-02 4.519422218616072663e-03 -8.164908756562353582e-04 1.346570612625047213e-04 -2.056049346810131143e-05 2.936580847504395471e-06 -3.954341101813324637e-07 5.051583668039692433e-08 -6.152967618672564384e-09 7.175421674314544107e-10 -8.039502481166398215e-11 8.679977059140994276e-12 -9.053705620907992742e-13 9.143654267212684993e-14 -8.958771092078420533e-15 8.529671301586974734e-16 -7.837944450522246384e-17
-3.358367917111751422e-01 1.508957233778804308e-01 -4.745323983114245470e-02 1.208217688134559896e-02 -2.645347234797324962e-03 5.149340888123623986e-04 -9.102897436558159616e-05 1.483120103956979021e-05 -2.251427383093305411e-06 3.211011649299775076e-07 -4.331028682213709438e-08 5.554279148194369890e-09 -6.802571621254140630e-10 7.986253210660474698e-11 -9.016024137046793228e-12 9.814704528750044673e-13 -1.032677468144544435e-13 1.052414566170938785e-14 -1.040666426501944088e-15 9.911710092191255294e-17
9.593270628026739910e-02 -4.745323983114244082e-02 1.631890048228575377e-02 -4.515777520805509294e-03 1.068606000450468595e-03 -2.237004561277791453e-04 4.233824959805676172e-05 -7.355719794063894401e-06 1.186412289755034779e-06 -1.791989015293730401e-07 2.552240552246006829e-08 -3.446944387477628531e-09 4.435043463038604891e-10 -5.457817312363236516e-11 6.445480717123695796e-12 -7.325984907286385672e-13 8.034325285591603513e-14 -8.520618304208483303e-15 8.754741259477816200e-16 -8.646274472685896020e-17
-2.237481692021603755e-02 1.208217688134559549e-02 -4.515777520805510162e-03 1.352126206932647385e-03 -3.447403191456714882e-04 7.744226799392235020e-05 -1.566908006577234967e-05 2.900130273494926857e-06 -4.967168049966473585e-07 7.943265569166381117e-08 -1.194505023670560686e-08 1.699062504753789500e-09 -2.297064924334659492e-10 2.963902216133002198e-11 -3.662764968554990026e-12 4.348419941137312505e-13 -4.972638318518949727e-14 5.490257448719947617e-15 -5.864096173526775312e-16 6.007581205326703066e-17
4.519422218616069194e-03 -2.645347234797322793e-03 1.068606000450468161e-03 -3.447403191456712714e-04 9.439811931154324320e-05 -2.270175386981544149e-05 4.902134304756321613e-06 -9.654396652829681879e-07 1.754501655603101662e-07 -2.969089253098023811e-08 4.713080282907284285e-09 -7.059961636913379427e-10 1.002981344180151676e-10 -1.357137308671144760e-11 1.755424544567831214e-12 -2.177436801885606603e-13 2.597290048393341230e-14 -2.986558077256171880e-15 3.317292374116392539e-16 -3.526466443947011073e-17
-8.164908756562343824e-04 5.149340888123617481e-04 -2.237004561277790098e-04 7.744226799392228244e-05 -2.270175386981543810e-05 5.830321286588976132e-06 -1.341115592732065144e-06 2.806548042886867463e-07 -5.406426739364509176e-08 9.675374209444163368e-09 -1.620537834632881571e-09 2.555849643929984791e-10 -3.815239252624650565e-11 5.413953328349566785e-12 -7.330741174882817623e-13 9.502657029672783237e-14 -1.182648947576806684e-14 1.416723522924600271e-15 -1.636996709866494735e-16 1.806275035969179366e-17
1.346570612625045316e-04 -9.102897436558147419e-05 4.233824959805672784e-05 -1.566908006577233273e-05 4.902134304756319919e-06 -1.341115592732064932e-06 3.279651194792031398e-07 -7.281755911472150612e-08 1.485196112733792593e-08 -2.808447963368850381e-09 4.960398291502577704e-10 -8.234002173553100657e-11 1.291237657558134641e-11 -1.921462696881638261e-12 2.723692514376163785e-13 -3.690145289927388784e-14 4.792623973317084612e-15 -5.982556208117181325e-16 7.193164753332807065e-17 -8.240140102925942801e-18
-2.056049346810128432e-05 1.483120103956976988e-05 -7.355719794063885931e-06 2.900130273494923469e-06 -9.654396652829677644e-07 2.806548042886866405e-07 -7.281755911472149288e-08 1.712524523728033693e-08 -3.693499003319571551e-09 7.372610714398446569e-10 -1.372200305985332057e-10 2.396132783443982110e-11 -3.946142293678759370e-12 6.156769839999014953e-13 -9.135762686425075135e-14 1.293698980133708654e-14 -1.753600187154924731e-15 2.281409161542465627e-16 -2.854964302481595249e-17 3.395986601129766633e-18
2.936580847504392930e-06 -2.251427383093302447e-06 1.186412289755033932e-06 -4.967168049966469349e-07 1.754501655603101662e-07 -5.406426739364508514e-08 1.485196112733792923e-08 -3.693499003319572792e-09 8.411888988252516686e-10 -1.770527111933943552e-10 3.469590880293032998e-11 -6.369382977486558002e-12 1.101113359358213808e-12 -1.800692477688763444e-13 2.796570933401928489e-14 -4.138967242496704520e-15 5.855571394517020459e-16 -7.940433398067387625e-17 1.034358946544611810e-17 -1.277707086815797185e-18
-3.954341101813320402e-07 3.211011649299771370e-07 -1.791989015293729077e-07 7.943265569166375823e-08 -2.969089253098023480e-08 9.675374209444165023e-09 -2.808447963368851208e-09 7.372610714398450705e-10 -1.770527111933943552e-10 3.924847647888331609e-11 -8.090328431341508495e-12 1.560235458488592698e-12 -2.829803030983281661e-13 4.848619738247418665e-14 -7.879239149621993603e-15 1.218605107565148264e-15 -1.799270398784339584e-16 2.543221232836584749e-17 -3.448865899258279125e-18 4.424308361025739652e-19
5.051583668039681845e-08 -4.331028682213700174e-08 2.552240552246002197e-08 -1.194505023670558370e-08 4.713080282907280149e-09 -1.620537834632880331e-09 4.960398291502574602e-10 -1.372200305985331281e-10 3.469590880293030413e-11 -8.090328431341500417e-12 1.752382561262667976e-12 -3.547286500121580730e-13 6.745432703016351928e-14 -1.210349430305693283e-14 2.057317101579408198e-15 -3.324210896684048200e-16 5.121749641318329027e-17 -7.545642500219065463e-18 1.065266846550771473e-18 -1.419122355593881889e-19
-6.152967618672551149e-09 5.554279148194356656e-09 -3.446944387477621500e-09 1.699062504753786192e-09 -7.059961636913367019e-10 2.555849643929981690e-10 -8.234002173553092902e-11 2.396132783443980171e-11 -6.369382977486550732e-12 1.560235458488590881e-12 -3.547286500121579720e-13 7.530292980468776601e-14 -1.500210293589562221e-14 2.817335348404362164e-15 -5.006792854528164278e-16 8.449181885777881017e-17 -1.358144127060614491e-17 2.085251652154820961e-18 -3.064534858193056840e-19 4.239061577320354046e-20
7.175421674314528597e-10 -6.802571621254124087e-10 4.435043463038596102e-10 -2.297064924334654580e-10 1.002981344180149995e-10 -3.815239252624644749e-11 1.291237657558132864e-11 -3.946142293678754523e-12 1.101113359358212395e-12 -2.829803030983277117e-13 6.745432703016348141e-14 -1.500210293589561589e-14 3.128725268857223279e-15 -6.145428124816884769e-16 1.141236124344839520e-16 -2.010586677251289837e-17 3.370753193205490267e-18 -5.392458402772812775e-19 8.248589543175645152e-20 -1.184533953623063963e-20
-8.039502481166386583e-11 7.986253210660463066e-11 -5.457817312363228115e-11 2.963902216132998321e-11 -1.357137308671143629e-11 5.413953328349562746e-12 -1.921462696881637857e-12 6.156769839999013943e-13 -1.800692477688762182e-13 4.848619738247414878e-14 -1.210349430305693599e-14 2.817335348404363347e-15 -6.145428124816889699e-16 1.261593495148477642e-16 -2.446730182190450772e-17 4.497991335564692006e-18 -7.862049581350964557e-19 1.310160770374642324e-19 -2.085530960973170329e-20 3.108375352554781504e-21
8.679977059140984583e-12 -9.016024137046781919e-12 6.445480717123687718e-12 -3.662764968554985987e-12 1.755424544567830204e-12 -7.330741174882814593e-13 2.723692514376163280e-13 -9.135762686425073873e-14 2.796570933401927857e-14 -7.879239149621990448e-15 2.057317101579408986e-15 -5.006792854528167236e-16 1.141236124344840753e-16 -2.446730182190450772e-17 4.952340296306497425e-18 -9.494957771324617559e-19 1.729554775294214326e-19 -3.001268037190883479e-20 4.970254888563659875e-21 -7.685964428465072707e-22
-9.053705620907977596e-13 9.814704528750028517e-13 -7.325984907286376585e-13 4.348419941137306447e-13 -2.177436801885605089e-13 9.502657029672778188e-14 -3.690145289927387522e-14 1.293698980133708339e-14 -4.138967242496702154e-15 1.218605107565146883e-15 -3.324210896684047214e-16 8.449181885777885947e-17 -2.010586677251290761e-17 4.497991335564691236e-18 -9.494957771324615634e-19 1.897429958055494722e-19 -3.600113102384574801e-20 6.502703102342310446e-21 -1.119962913698487506e-21 1.796172345387321893e-22
9.143654267212667323e-14 -1.032677468144542163e-13 8.034325285591585843e-14 -4.972638318518937736e-14 2.597290048393337444e-14 -1.182648947576805106e-14 4.792623973317078301e-15 -1.753600187154923154e-15 5.855571394517012571e-16 -1.799270398784337118e-16 5.121749641318325946e-17 -1.358144127060614029e-17 3.370753193205490652e-18 -7.862049581350957817e-19 1.729554775294212882e-19 -3.600113102384572995e-20 7.111107374218583884e-21 -1.336357902341682339e-21 2.392732880063970220e-22 -3.977886622504631363e-23
-8.958771092078409489e-15 1.052414566170937365e-14 -8.520618304208472259e-15 5.490257448719940517e-15 -2.986558077256169514e-15 1.416723522924599482e-15 -5.982556208117176395e-16 2.281409161542464641e-16 -7.940433398067380229e-17 2.543221232836581976e-17 -7.545642500219063922e-18 2.085251652154821346e-18 -5.392458402772812775e-19 1.310160770374641361e-19 -3.001268037190881071e-20 6.502703102342308189e-21 -1.336357902341682339e-21 2.611488372255910526e-22 -4.858619798287604326e-23 8.368225649747870356e-24
8.529671301586955013e-16 -1.040666426501941524e-15 8.754741259477793520e-16 -5.864096173526758548e-16 3.317292374116385143e-16 -1.636996709866491284e-16 7.193164753332793507e-17 -2.854964302481589702e-17 1.034358946544609345e-17 -3.448865899258271421e-18 1.065266846550769740e-18 -3.064534858193053951e-19 8.248589543175635523e-20 -2.085530960973165514e-20 4.970254888563649343e-21 -1.119962913698485813e-21 2.392732880063967399e-22 -4.858619798287599036e-23 9.385692468516394704e-24 -1.673284035985893171e-24
-7.837944450522231593e-17 9.911710092191236805e-17 -8.646274472685882462e-17 6.007581205326690740e-17 -3.526466443947006759e-17 1.806275035969176901e-17 -8.240140102925935097e-18 3.395986601129763166e-18 -1.277707086815795067e-18 4.424308361025731948e-19 -1.419122355593881167e-19 4.239061577320353445e-20 -1.184533953623063813e-20 3.108375352554777743e-21 -7.685964428465064243e-22 1.796172345387320482e-22 -3.977886622504630187e-23 8.368225649747870356e-24 -1.673284035985894641e-24 3.078107943833513069e-25
