1.000000000000000000e+00 5.000000000000000278e-02
8.999999999999999112e-01 5.374999999999999223e-02
8.499999999999996447e-01 5.062499999999997558e-02
7.499999999999995559e-01 5.437499999999996503e-02
6.999999999999992895e-01 5.124999999999994837e-02
6.999999999999992895e-01 5.124999999999994837e-02
7.312499999999992895e-01 4.570312499999992784e-02
7.312499999999992895e-01 4.570312499999992784e-02
6.624999999999987566e-01 3.390624999999986011e-02
6.624999999999987566e-01 3.390624999999986011e-02
6.812499999999985789e-01 2.257812499999981015e-02
6.812499999999985789e-01 2.257812499999981015e-02
6.812499999999985789e-01 2.257812499999981015e-02
6.812499999999985789e-01 2.257812499999981015e-02
6.812499999999985789e-01 2.257812499999981015e-02
6.812499999999985789e-01 2.257812499999981015e-02
6.812499999999985789e-01 2.257812499999981015e-02
6.812499999999985789e-01 2.257812499999981015e-02
6.812499999999985789e-01 2.257812499999981015e-02
6.707946777343735123e-01 2.252769470214825015e-02
6.744216918945297179e-01 2.179796218872050856e-02
6.744216918945297179e-01 2.179796218872050856e-02
6.744216918945297179e-01 2.179796218872050856e-02
6.765989065170273653e-01 2.210034936666469343e-02
6.765989065170273653e-01 2.210034936666469343e-02
6.755638286471352671e-01 2.190052313730101244e-02
6.753497108817088090e-01 2.209505369886736320e-02
6.760278381407247572e-01 2.204906889237444323e-02
6.756263015791760251e-01 2.198629221646095783e-02
6.756263015791760251e-01 2.198629221646095783e-02
6.759369318024242013e-01 2.201585599585067707e-02
6.756395503616645648e-01 2.201211416813728811e-02
6.757072713306102596e-01 2.200013864922746934e-02
6.758051713242807512e-01 2.201099120226653050e-02
6.758051713242807512e-01 2.201099120226653050e-02
6.757736572113216544e-01 2.201480373729277490e-02
6.757736572113216544e-01 2.201480373729277490e-02
