8.578988655187912427e-01 -5.920129908878900976e-02 2.888759470383678481e-03 -1.150922017120874241e-04 3.971102032070051044e-06 -1.225522211706194137e-07 3.452555789514322536e-09 -9.005064509342999136e-11 2.197035013012639980e-12 -5.053716397182713069e-14 1.102823495102438522e-15 -2.294588489470008550e-17 4.570980103809749961e-19 -8.748483923133102613e-21 1.613481252268273739e-22 -2.874838400410421917e-24 4.959622130742424679e-26 -8.300787036582192078e-28 1.350137920192911543e-29 -2.136924929975396384e-31
-5.920129908878899588e-02 1.219196572912187304e-01 -1.169892595132256130e-02 6.951811599727475161e-04 -3.189037948590435132e-05 1.228097416816570137e-06 -4.147007793427214761e-08 1.260872513551409615e-09 -3.513545982630441184e-11 9.087905029263509357e-13 -2.202671454670350972e-14 5.039701093674922755e-16 -1.094924403685209513e-17 2.269726127123624729e-19 -4.507199143293647566e-21 8.602961025558141005e-23 -1.582884526128946560e-24 2.814450497470472854e-26 -4.846485818875164499e-28 8.095868449336111221e-30
2.888759470383676746e-03 -1.169892595132255610e-02 1.731679397168425436e-02 -2.001932106189832639e-03 1.365918554004960216e-04 -6.985654000882525202e-06 2.941892388947265183e-07 -1.071778066898233010e-08 3.480817925577310278e-10 -1.028169744303400494e-11 2.801906828395096189e-13 -7.119827211681180995e-15 1.700914461076131998e-16 -3.845291237026194700e-18 8.270175148205289082e-20 -1.699601607949294824e-21 3.349895094886809264e-23 -6.352349462055776157e-25 1.162078031250762444e-26 -2.055073098892205488e-28
-1.150922017120873563e-04 6.951811599727471909e-04 -2.001932106189832205e-03 2.458260278299845281e-03 -3.229498638580971439e-04 2.449892049913500276e-05 -1.368652110612176169e-06 6.215056681682817497e-08 -2.417815631788874859e-09 8.321866647218603944e-11 -2.589501797752431986e-12 7.397648190271154513e-14 -1.962625171755925672e-15 4.878600260465623977e-17 -1.144249618184786131e-18 2.546781699509048799e-20 -5.404506894289524615e-22 1.097825094870736099e-23 -2.141832573896202960e-25 4.023672108614421848e-27
3.971102032070050197e-06 -3.189037948590433099e-05 1.365918554004959945e-04 -3.229498638580971439e-04 3.487905178735197561e-04 -5.043892947063537336e-05 4.168467597836700067e-06 -2.508284284203711676e-07 1.215588560433766041e-08 -5.010099530619427246e-10 1.816219196789926646e-11 -5.923708685307270877e-13 1.766680161366179959e-14 -4.876592762690194879e-16 1.257565494560880831e-17 -3.052279365491706573e-19 7.014771164014921886e-21 -1.534122154324975572e-22 3.206101820758979296e-24 -6.423014383811983964e-26
-1.225522211706194402e-07 1.228097416816570137e-06 -6.985654000882529437e-06 2.449892049913501970e-05 -5.043892947063540047e-05 4.946375671093440916e-05 -7.717777506755334397e-06 6.851891971958441903e-07 -4.395366605703555621e-08 2.255516338145852235e-09 -9.787938561877543249e-11 3.718397353338375011e-12 -1.265929582603032262e-13 3.927784034206366644e-15 -1.124689085267824693e-16 3.001181353149587060e-18 -7.521195264749102770e-20 1.781330645308393314e-21 -4.007931826906552724e-23 8.600313699707428245e-25
3.452555789514321709e-09 -4.147007793427214761e-08 2.941892388947265712e-07 -1.368652110612177016e-06 4.168467597836702608e-06 -7.717777506755334397e-06 7.011384138758009960e-06 -1.164292480761846898e-06 1.099097612988511466e-07 -7.457492404463580737e-09 4.027078479796472692e-10 -1.830795391968738405e-11 7.258479975687877795e-13 -2.570484221823134170e-14 8.272530011069979911e-16 -2.450975616446578472e-17 6.752696786281100608e-19 -1.743905780013270539e-20 4.249094585469605208e-22 -9.815417124441493495e-24
-9.005064509342999136e-11 1.260872513551409615e-09 -1.071778066898233010e-08 6.215056681682818821e-08 -2.508284284203712205e-07 6.851891971958440845e-07 -1.164292480761846687e-06 9.933967887295065799e-07 -1.738264319829023650e-07 1.731216326768215989e-08 -1.234780182723395930e-09 6.981581155498782644e-11 -3.311366519857798470e-12 1.365343486541862934e-13 -5.014624199995080916e-15 1.669693221399160859e-16 -5.107236854659376763e-18 1.449949838189869058e-19 -3.852096198440504971e-21 9.635122557010279625e-23
2.197035013012638768e-12 -3.513545982630439245e-11 3.480817925577309761e-10 -2.417815631788874859e-09 1.215588560433766041e-08 -4.395366605703552974e-08 1.099097612988510672e-07 -1.738264319829022856e-07 1.406862557790862855e-07 -2.574611765766720295e-08 2.688659189614063178e-09 -2.005767780941020649e-10 1.182530747884807731e-11 -5.831197658023930923e-13 2.493062862140003685e-14 -9.472106902743340090e-16 3.255762905713297344e-17 -1.026126811781988261e-18 2.996704605116641249e-20 -8.171686231974528582e-22
-5.053716397182709913e-14 9.087905029263501279e-13 -1.028169744303400010e-11 8.321866647218602652e-11 -5.010099530619427246e-10 2.255516338145850994e-09 -7.457492404463577428e-09 1.731216326768215327e-08 -2.574611765766720295e-08 1.991579646051745914e-08 -3.789419554156811492e-09 4.128829410045960593e-10 -3.208363039340614521e-11 1.965497722175826417e-12 -1.004667480738019942e-13 4.442511774368781269e-15 -1.742175902549809850e-16 6.169591817704015381e-18 -2.000095788252912525e-19 5.994261586839933306e-21
1.102823495102438127e-15 -2.202671454670349710e-14 2.801906828395096189e-13 -2.589501797752431582e-12 1.816219196789926322e-11 -9.787938561877535494e-11 4.027078479796470107e-10 -1.234780182723395103e-09 2.688659189614062764e-09 -3.789419554156810664e-09 2.818172164949384018e-09 -5.548995107740913396e-10 6.282325898317717235e-11 -5.067369051309166701e-12 3.216199030302885685e-13 -1.699760732988746446e-14 7.756365507203066715e-16 -3.133446261718743810e-17 1.141279448472895503e-18 -3.795948786263670248e-20
-2.294588489470005777e-17 5.039701093674917825e-16 -7.119827211681174684e-15 7.397648190271148202e-14 -5.923708685307264819e-13 3.718397353338369356e-12 -1.830795391968735174e-11 6.981581155498773597e-11 -2.005767780941018323e-10 4.128829410045955423e-10 -5.548995107740907192e-10 3.986277819328936512e-10 -8.091287112960078884e-11 9.486054411132718185e-12 -7.919020481268420916e-13 5.193919841825121515e-14 -2.831843588514956355e-15 1.330928660972879533e-16 -5.529250438896266994e-18 2.065488978412041311e-19
4.570980103809749961e-19 -1.094924403685209359e-17 1.700914461076132245e-16 -1.962625171755925672e-15 1.766680161366180274e-14 -1.265929582603032010e-13 7.258479975687877795e-13 -3.311366519857798470e-12 1.182530747884808377e-11 -3.208363039340615813e-11 6.282325898317721112e-11 -8.091287112960093101e-11 5.636426120012097262e-11 -1.175633341883372619e-11 1.423101417738399991e-12 -1.226426892149517071e-13 8.294006059127291038e-15 -4.656063853428504340e-16 2.249915315752800497e-17 -9.582019216627800788e-19
-8.748483923133090576e-21 2.269726127123621840e-19 -3.845291237026191619e-18 4.878600260465619046e-17 -4.876592762690188963e-16 3.927784034206361122e-15 -2.570484221823129752e-14 1.365343486541861419e-13 -5.831197658023925874e-13 1.965497722175825205e-12 -5.067369051309165086e-12 9.486054411132724648e-12 -1.175633341883371488e-11 7.966764422221736201e-12 -1.702951380638912566e-12 2.123116325212206101e-13 -1.884686592975672245e-14 1.311636738558821478e-15 -7.568240947526376667e-17 3.746414327214436419e-18
1.613481252268273739e-22 -4.507199143293648318e-21 8.270175148205291489e-20 -1.144249618184786516e-18 1.257565494560881139e-17 -1.124689085267824693e-16 8.272530011069978925e-16 -5.014624199995080916e-15 2.493062862140004631e-14 -1.004667480738020068e-13 3.216199030302887200e-13 -7.919020481268432023e-13 1.423101417738399991e-12 -1.702951380638913980e-12 1.125660472784941125e-12 -2.460295020394614368e-13 3.152252496669234961e-14 -2.876753986967861775e-15 2.056715594087061159e-16 -1.214374082663185817e-17
-2.874838400410420080e-24 8.602961025558137479e-23 -1.699601607949294448e-21 2.546781699509048498e-20 -3.052279365491706092e-19 3.001181353149585904e-18 -2.450975616446576931e-17 1.669693221399160366e-16 -9.472106902743340090e-16 4.442511774368779691e-15 -1.699760732988746761e-14 5.193919841825128457e-14 -1.226426892149516566e-13 2.123116325212206859e-13 -2.460295020394613358e-13 1.589956505004096538e-13 -3.546261091877900546e-14 4.660562451770746309e-15 -4.364955877345723741e-16 3.187475938977702920e-17
4.959622130742417217e-26 -1.582884526128944356e-24 3.349895094886805150e-23 -5.404506894289518032e-22 7.014771164014911354e-21 -7.521195264749089530e-20 6.752696786281089052e-19 -5.107236854659369059e-18 3.255762905713293030e-17 -1.742175902549807632e-16 7.756365507203056854e-16 -2.831843588514955961e-15 8.294006059127275261e-15 -1.884686592975670352e-14 3.152252496669228650e-14 -3.546261091877894235e-14 2.245020363510477687e-14 -5.101174848673512179e-15 6.864538705237603871e-16 -6.544141890585018341e-17
-8.300787036582197459e-28 2.814450497470474001e-26 -6.352349462055782585e-25 1.097825094870737128e-23 -1.534122154324976277e-22 1.781330645308393690e-21 -1.743905780013270840e-20 1.449949838189869299e-19 -1.026126811781989032e-18 6.169591817704018463e-18 -3.133446261718746276e-17 1.330928660972881751e-16 -4.656063853428504340e-16 1.311636738558822267e-15 -2.876753986967860986e-15 4.660562451770745520e-15 -5.101174848673518490e-15 3.168932014001802660e-15 -7.322770094005480346e-16 9.955375719908985761e-17
1.350137920192909861e-29 -4.846485818875158221e-28 1.162078031250760722e-26 -2.141832573896200664e-25 3.206101820758975990e-24 -4.007931826906545671e-23 4.249094585469597685e-22 -3.852096198440498201e-21 2.996704605116637036e-20 -2.000095788252909877e-19 1.141279448472894155e-18 -5.529250438896265453e-18 2.249915315752795875e-17 -7.568240947526366807e-17 2.056715594087056476e-16 -4.364955877345715359e-16 6.864538705237601899e-16 -7.322770094005468513e-16 4.464679026469170786e-16 -1.020810583915904705e-16
-2.136924929975397698e-31 8.095868449336118228e-30 -2.055073098892208627e-28 4.023672108614426153e-27 -6.423014383811990852e-26 8.600313699707433755e-25 -9.815417124441502312e-24 9.635122557010290204e-23 -8.171686231974539867e-22 5.994261586839940829e-21 -3.795948786263676266e-20 2.065488978412047089e-19 -9.582019216627812343e-19 3.746414327214444123e-18 -1.214374082663187049e-17 3.187475938977708466e-17 -6.544141890585040527e-17 9.955375719909004250e-17 -1.020810583915908896e-16 5.681277560528947052e-17
