5.270999573516439440e-01 -9.285690144964720005e-02 -5.760621147315430068e-01 -8.695076614683554528e-01
5.468662057523308029e-01 -9.633903525400899781e-02 -5.976644440339757836e-01 -7.825568953215200629e-01
5.468662057523308029e-01 -9.633903525400899781e-02 -5.976644440339757836e-01 -7.825568953215200629e-01
5.789863594034467820e-01 -9.329216817519248028e-02 -6.327682291504292955e-01 -7.716880495531657225e-01
5.454249168064475572e-01 -9.361861821935141270e-02 -6.752978149645938455e-01 -6.983233406167732582e-01
6.118786321327149835e-01 -9.418990579662955831e-02 -6.705160493637947194e-01 -5.699350999780867788e-01
6.118786321327149835e-01 -9.418990579662955831e-02 -6.705160493637947194e-01 -5.699350999780867788e-01
6.520481271735638629e-01 -9.222100396779620013e-02 -8.037515094201732602e-01 -4.037606377228555310e-01
6.426041456989199929e-01 -9.751136496988199731e-02 -8.617813993895744318e-01 -1.495527703868315683e-01
6.426041456989199929e-01 -9.751136496988199731e-02 -8.617813993895744318e-01 -1.495527703868315683e-01
7.136226129294065412e-01 -9.205884160862098931e-02 -8.992439837688481763e-01 -5.436015000256733121e-02
7.136226129294065412e-01 -9.205884160862098931e-02 -8.992439837688481763e-01 -5.436015000256733121e-02
7.136226129294065412e-01 -9.205884160862098931e-02 -8.992439837688481763e-01 -5.436015000256733121e-02
7.136226129294065412e-01 -9.205884160862098931e-02 -8.992439837688481763e-01 -5.436015000256733121e-02
7.136226129294065412e-01 -9.205884160862098931e-02 -8.992439837688481763e-01 -5.436015000256733121e-02
6.785633333779802490e-01 -9.627200446185962823e-02 -9.031907109993082550e-01 -4.636051495175289028e-02
6.785633333779802490e-01 -9.627200446185962823e-02 -9.031907109993082550e-01 -4.636051495175289028e-02
6.999326373263045076e-01 -9.456237559119734515e-02 -9.405899447226078181e-01 2.809173530895275189e-02
7.080364803401555385e-01 -9.497241508320895809e-02 -9.372188156593873609e-01 1.750564921695576398e-02
7.080364803401555385e-01 -9.497241508320895809e-02 -9.372188156593873609e-01 1.750564921695576398e-02
7.080364803401555385e-01 -9.497241508320895809e-02 -9.372188156593873609e-01 1.750564921695576398e-02
6.860779911957937127e-01 -9.584438819482063443e-02 -9.206577959476363038e-01 -1.686781034578942878e-02
6.860779911957937127e-01 -9.584438819482063443e-02 -9.206577959476363038e-01 -1.686781034578942878e-02
7.002458293126296862e-01 -9.451620381374072066e-02 -9.321262294476914123e-01 8.167391024437097719e-03
7.002458293126296862e-01 -9.451620381374072066e-02 -9.321262294476914123e-01 8.167391024437097719e-03
7.062915968958036750e-01 -9.462571383984111351e-02 -9.299487432581532431e-01 6.419320139225511389e-03
7.094804808176460309e-01 -9.364056248299978957e-02 -9.195383307240889703e-01 -1.083647194564152025e-02
6.968838883116814653e-01 -9.505682242672182369e-02 -9.237867590271501284e-01 -6.109283160127961312e-03
6.968838883116814653e-01 -9.505682242672182369e-02 -9.237867590271501284e-01 -6.109283160127961312e-03
7.105738245795953922e-01 -9.433393859572468398e-02 -9.176105872097529703e-01 -9.866364533062528877e-03
7.105738245795953922e-01 -9.433393859572468398e-02 -9.176105872097529703e-01 -9.866364533062528877e-03
7.074071938909538559e-01 -9.437862354996139069e-02 -9.239501480587957172e-01 3.063797833451021788e-04
7.074071938909538559e-01 -9.437862354996139069e-02 -9.239501480587957172e-01 3.063797833451021788e-04
7.169140391280843794e-01 -9.405721055672876252e-02 -9.221447666791245945e-01 1.615500238122637676e-03
7.158209469567742289e-01 -9.436942569659845237e-02 -9.143735212784394051e-01 -7.589366002572088543e-03
7.158209469567742289e-01 -9.436942569659845237e-02 -9.143735212784394051e-01 -7.589366002572088543e-03
7.316801608319216665e-01 -9.284774069895268545e-02 -9.110430693032920413e-01 -8.144827391282414772e-03
7.316801608319216665e-01 -9.284774069895268545e-02 -9.110430693032920413e-01 -8.144827391282414772e-03
7.495106727353078035e-01 -9.225628818887210425e-02 -9.039890981984943785e-01 -6.909775464130848283e-03
7.495106727353078035e-01 -9.225628818887210425e-02 -9.039890981984943785e-01 -6.909775464130848283e-03
7.495106727353078035e-01 -9.225628818887210425e-02 -9.039890981984943785e-01 -6.909775464130848283e-03
7.495106727353078035e-01 -9.225628818887210425e-02 -9.039890981984943785e-01 -6.909775464130848283e-03
7.876821346936631052e-01 -8.917668565140945969e-02 -8.904710340465618046e-01 -1.145102414608121372e-02
8.150289088945976701e-01 -8.801762211145452985e-02 -8.848369841818937154e-01 -4.235905048105507303e-03
8.150289088945976701e-01 -8.801762211145452985e-02 -8.848369841818937154e-01 -4.235905048105507303e-03
8.627301867786623113e-01 -8.522692214113730680e-02 -8.604838752226395826e-01 -1.281656409597999036e-02
9.526797490660245948e-01 -7.890889305711673574e-02 -8.316421493720307367e-01 -1.679800411958454198e-02
1.000085035928584887e+00 -7.736725368632246802e-02 -8.145566141699971396e-01 -1.172574173581130558e-02
1.115905785803708028e+00 -6.952572622873001706e-02 -7.762359153947264723e-01 -9.542334369021139573e-03
1.115905785803708028e+00 -6.952572622873001706e-02 -7.762359153947264723e-01 -9.542334369021139573e-03
1.439046156961832690e+00 -4.952014203075136289e-02 -6.633249784306389785e-01 -1.882049481042249311e-02
1.623921838308964194e+00 -4.011463692901845457e-02 -5.947705519258130735e-01 -1.237448278134185148e-02
1.623921838308964194e+00 -4.011463692901845457e-02 -5.947705519258130735e-01 -1.237448278134185148e-02
2.081328088184804415e+00 -1.134786797387254964e-02 -4.481941898836478977e-01 -2.576366846874095229e-03
2.874926183150996017e+00 3.634342728433315184e-02 -1.629356507564923007e-01 -2.067805669140750091e-02
3.305555460476617746e+00 6.072993587468922955e-02 -1.346552892905750198e-02 -3.514907219343547939e-03
3.278178195505077497e+00 5.876681575859249440e-02 -2.876270559301152829e-02 -3.262839688555688178e-04
3.278178195505077497e+00 5.876681575859249440e-02 -2.876270559301152829e-02 -3.262839688555688178e-04
3.278178195505077497e+00 5.876681575859249440e-02 -2.876270559301152829e-02 -3.262839688555688178e-04
3.278178195505077497e+00 5.876681575859249440e-02 -2.876270559301152829e-02 -3.262839688555688178e-04
3.278178195505077497e+00 5.876681575859249440e-02 -2.876270559301152829e-02 -3.262839688555688178e-04
3.278178195505077497e+00 5.876681575859249440e-02 -2.876270559301152829e-02 -3.262839688555688178e-04
3.278178195505077497e+00 5.876681575859249440e-02 -2.876270559301152829e-02 -3.262839688555688178e-04
3.278178195505077497e+00 5.876681575859249440e-02 -2.876270559301152829e-02 -3.262839688555688178e-04
3.278178195505077497e+00 5.876681575859249440e-02 -2.876270559301152829e-02 -3.262839688555688178e-04
3.278178195505077497e+00 5.876681575859249440e-02 -2.876270559301152829e-02 -3.262839688555688178e-04
3.278178195505077497e+00 5.876681575859249440e-02 -2.876270559301152829e-02 -3.262839688555688178e-04
3.278178195505077497e+00 5.876681575859249440e-02 -2.876270559301152829e-02 -3.262839688555688178e-04
3.278178195505077497e+00 5.876681575859249440e-02 -2.876270559301152829e-02 -3.262839688555688178e-04
3.278178195505077497e+00 5.876681575859249440e-02 -2.876270559301152829e-02 -3.262839688555688178e-04
3.278178195505077497e+00 5.876681575859249440e-02 -2.876270559301152829e-02 -3.262839688555688178e-04
3.278178195505077497e+00 5.876681575859249440e-02 -2.876270559301152829e-02 -3.262839688555688178e-04
3.278178195505077497e+00 5.876681575859249440e-02 -2.876270559301152829e-02 -3.262839688555688178e-04
3.302094384723245124e+00 6.042503279019077744e-02 -2.103976537726921434e-02 4.017757252684249014e-04
3.315562282805649019e+00 6.129809892755069128e-02 -1.513971044539062262e-02 -4.210864770707699735e-04
3.309933653970896117e+00 6.090971557656416069e-02 -1.728637762998824420e-02 2.589088861190847065e-04
3.309933653970896117e+00 6.090971557656416069e-02 -1.728637762998824420e-02 2.589088861190847065e-04
3.309933653970896117e+00 6.090971557656416069e-02 -1.728637762998824420e-02 2.589088861190847065e-04
3.309933653970896117e+00 6.090971557656416069e-02 -1.728637762998824420e-02 2.589088861190847065e-04
3.306887546318837856e+00 6.074731891285800600e-02 -1.815559279061741693e-02 -3.639345534296349128e-04
3.306887546318837856e+00 6.074731891285800600e-02 -1.815559279061741693e-02 -3.639345534296349128e-04
3.303542603472086725e+00 6.051054177844814724e-02 -1.897708307832140368e-02 -4.560204684228692470e-04
3.303542603472086725e+00 6.051054177844814724e-02 -1.897708307832140368e-02 -4.560204684228692470e-04
3.303542603472086725e+00 6.051054177844814724e-02 -1.897708307832140368e-02 -4.560204684228692470e-04
3.303542603472086725e+00 6.051054177844814724e-02 -1.897708307832140368e-02 -4.560204684228692470e-04
3.303745989872609812e+00 6.044070157344764993e-02 -1.916160822239575123e-02 -3.802644012783010100e-05
3.303745989872609812e+00 6.044070157344764993e-02 -1.916160822239575123e-02 -3.802644012783010100e-05
3.303745989872609812e+00 6.044070157344764993e-02 -1.916160822239575123e-02 -3.802644012783010100e-05
3.303745989872609812e+00 6.044070157344764993e-02 -1.916160822239575123e-02 -3.802644012783010100e-05
3.304735208160535898e+00 6.044843758574253850e-02 -1.875241984332338269e-02 -7.177407277637008884e-05
3.304735208160535898e+00 6.044843758574253850e-02 -1.875241984332338269e-02 -7.177407277637008884e-05
3.305598556527233001e+00 6.046399896541174157e-02 -1.801455303859109125e-02 1.893145487561707094e-05
3.305598556527233001e+00 6.046399896541174157e-02 -1.801455303859109125e-02 1.893145487561707094e-05
3.305598556527233001e+00 6.046399896541174157e-02 -1.801455303859109125e-02 1.893145487561707094e-05
3.306376205590895623e+00 6.043929956726140640e-02 -1.726140787320982334e-02 -2.663298048906972146e-04
3.305628517087811247e+00 6.041697402881078538e-02 -1.696152565376939092e-02 -3.447513386793625697e-04
3.304356684001543698e+00 6.016861369798884307e-02 -1.712261865760363044e-02 -1.238574503272033738e-04
3.304356684001543698e+00 6.016861369798884307e-02 -1.712261865760363044e-02 -1.238574503272033738e-04
3.304356684001543698e+00 6.016861369798884307e-02 -1.712261865760363044e-02 -1.238574503272033738e-04
3.305970274273617449e+00 6.007630138770500561e-02 -1.426601872185687819e-02 -3.120913808342849153e-04
3.305970274273617449e+00 6.007630138770500561e-02 -1.426601872185687819e-02 -3.120913808342849153e-04
3.301520690575518557e+00 5.956455501269980468e-02 -1.469574029942248561e-02 -4.743911549120064051e-04
3.300725401732105269e+00 5.937106851772527838e-02 -1.436968709546426054e-02 1.193654158692457985e-04
3.302717020789366131e+00 5.895868379171104179e-02 -8.915805166694483475e-03 -4.041874463597910049e-04
3.294151736910560402e+00 5.837937653480446132e-02 -1.075221741099451761e-02 -3.993064057271910900e-04
3.287395588958428760e+00 5.705266011729542841e-02 -8.018050035718052304e-03 -2.447069316787371142e-04
3.287395588958428760e+00 5.705266011729542841e-02 -8.018050035718052304e-03 -2.447069316787371142e-04
3.279978094244340170e+00 5.503815789845886708e-02 3.225715064613349919e-03 -1.017401316339953824e-03
3.258940661221048529e+00 5.292253293054821617e-02 1.424091380554673436e-03 -4.302059943670022771e-04
3.258940661221048529e+00 5.292253293054821617e-02 1.424091380554673436e-03 -4.302059943670022771e-04
3.258940661221048529e+00 5.292253293054821617e-02 1.424091380554673436e-03 -4.302059943670022771e-04
3.258940661221048529e+00 5.292253293054821617e-02 1.424091380554673436e-03 -4.302059943670022771e-04
3.204584150674184784e+00 4.472595426426068110e-02 1.756254193160557836e-02 -3.559667882502060877e-04
3.204584150674184784e+00 4.472595426426068110e-02 1.756254193160557836e-02 -3.559667882502060877e-04
3.196754456689879120e+00 4.527514953244712870e-02 7.497968865161363378e-03 -4.491908143321387496e-04
3.196754456689879120e+00 4.527514953244712870e-02 7.497968865161363378e-03 -4.491908143321387496e-04
3.120816364009538546e+00 3.494845109092120650e-02 1.922381196632832329e-02 6.978409984645207254e-04
3.120816364009538546e+00 3.494845109092120650e-02 1.922381196632832329e-02 6.978409984645207254e-04
3.063173617634141976e+00 3.020486186572785003e-02 8.030858870526666471e-03 1.358853932369920563e-03
3.063173617634141976e+00 3.020486186572785003e-02 8.030858870526666471e-03 1.358853932369920563e-03
2.973890833759010199e+00 1.711390852930848305e-02 3.140906845300923955e-02 1.711864589324036193e-03
2.929324597824880527e+00 1.431675348254228541e-02 1.151454121217683479e-02 2.871217168096524674e-03
2.767390472925645994e+00 -4.070456445895237474e-03 1.848701229015094205e-02 3.328615979398286476e-03
2.767390472925645994e+00 -4.070456445895237474e-03 1.848701229015094205e-02 3.328615979398286476e-03
2.767390472925645994e+00 -4.070456445895237474e-03 1.848701229015094205e-02 3.328615979398286476e-03
2.767390472925645994e+00 -4.070456445895237474e-03 1.848701229015094205e-02 3.328615979398286476e-03
2.767390472925645994e+00 -4.070456445895237474e-03 1.848701229015094205e-02 3.328615979398286476e-03
2.767390472925645994e+00 -4.070456445895237474e-03 1.848701229015094205e-02 3.328615979398286476e-03
2.767390472925645994e+00 -4.070456445895237474e-03 1.848701229015094205e-02 3.328615979398286476e-03
2.767390472925645994e+00 -4.070456445895237474e-03 1.848701229015094205e-02 3.328615979398286476e-03
2.572045827898415737e+00 -2.715466874228734256e-02 3.515357317267939208e-02 2.612261361853569080e-03
2.572045827898415737e+00 -2.715466874228734256e-02 3.515357317267939208e-02 2.612261361853569080e-03
2.507067060766512867e+00 -3.133833478050870175e-02 8.816756894904582975e-03 4.649693717197200815e-03
2.507067060766512867e+00 -3.133833478050870175e-02 8.816756894904582975e-03 4.649693717197200815e-03
2.377124968120201132e+00 -4.595393782933462207e-02 2.018954147163579127e-02 1.880683480777533417e-03
2.377124968120201132e+00 -4.595393782933462207e-02 2.018954147163579127e-02 1.880683480777533417e-03
2.377124968120201132e+00 -4.595393782933462207e-02 2.018954147163579127e-02 1.880683480777533417e-03
2.377124968120201132e+00 -4.595393782933462207e-02 2.018954147163579127e-02 1.880683480777533417e-03
1.698018338728441989e+00 -1.227009277143337324e-01 4.047760632792966190e-02 2.863437101053705261e-03
1.710916118043047440e+00 -1.172443672689467975e-01 2.249067677507257668e-02 2.807325606843571325e-04
1.710916118043047440e+00 -1.172443672689467975e-01 2.249067677507257668e-02 2.807325606843571325e-04
1.710916118043047440e+00 -1.172443672689467975e-01 2.249067677507257668e-02 2.807325606843571325e-04
3.725217429450538020e-01 -2.652951982233042183e-01 5.234262904130290717e-02 -2.193287916584307079e-03
3.725217429450538020e-01 -2.652951982233042183e-01 5.234262904130290717e-02 -2.193287916584307079e-03
3.380208327591329720e-01 -2.625020692138566036e-01 1.123858878590566768e-05 4.343894130884786570e-04
3.380208327591329720e-01 -2.625020692138566036e-01 1.123858878590566768e-05 4.343894130884786570e-04
3.380208327591329720e-01 -2.625020692138566036e-01 1.123858878590566768e-05 4.343894130884786570e-04
3.380208327591329720e-01 -2.625020692138566036e-01 1.123858878590566768e-05 4.343894130884786570e-04
3.380208327591329720e-01 -2.625020692138566036e-01 1.123858878590566768e-05 4.343894130884786570e-04
3.380208327591329720e-01 -2.625020692138566036e-01 1.123858878590566768e-05 4.343894130884786570e-04
3.380208327591329720e-01 -2.625020692138566036e-01 1.123858878590566768e-05 4.343894130884786570e-04
3.380208327591329720e-01 -2.625020692138566036e-01 1.123858878590566768e-05 4.343894130884786570e-04
3.380208327591329720e-01 -2.625020692138566036e-01 1.123858878590566768e-05 4.343894130884786570e-04
3.380208327591329720e-01 -2.625020692138566036e-01 1.123858878590566768e-05 4.343894130884786570e-04
3.380208327591329720e-01 -2.625020692138566036e-01 1.123858878590566768e-05 4.343894130884786570e-04
3.380208327591329720e-01 -2.625020692138566036e-01 1.123858878590566768e-05 4.343894130884786570e-04
3.380208327591329720e-01 -2.625020692138566036e-01 1.123858878590566768e-05 4.343894130884786570e-04
-3.233741025564930149e-01 -3.335704735602040283e-01 7.835128777669972053e-04 -7.203514012874359402e-05
-3.233741025564930149e-01 -3.335704735602040283e-01 7.835128777669972053e-04 -7.203514012874359402e-05
1.944916752545349237e-01 -2.781271998542016455e-01 3.932847194469350945e-03 5.464170350407489447e-05
1.944916752545349237e-01 -2.781271998542016455e-01 3.932847194469350945e-03 5.464170350407489447e-05
-1.469328836408935191e-01 -3.153133813080978287e-01 4.914046444596674619e-03 1.622907776002160897e-04
1.454841482539248609e-01 -2.833736312586608852e-01 2.048991808727206303e-03 1.026871130240711554e-04
1.454841482539248609e-01 -2.833736312586608852e-01 2.048991808727206303e-03 1.026871130240711554e-04
-1.341177853407077847e-01 -3.134223814568876110e-01 2.356018568559594024e-03 -5.850649427563828691e-05
8.373892099040083914e-02 -2.901126423042221236e-01 3.733582148672051279e-03 -9.311597181693194577e-06
-5.813938287840159092e-02 -3.055556406556857452e-01 4.076623736745135090e-03 2.306264301863874590e-05
-5.813938287840159092e-02 -3.055556406556857452e-01 4.076623736745135090e-03 2.306264301863874590e-05
5.804876358335695624e-02 -2.928167990369803797e-01 2.456448528827758458e-03 1.118112279710969058e-04
5.804876358335695624e-02 -2.928167990369803797e-01 2.456448528827758458e-03 1.118112279710969058e-04
-5.795570546040143545e-02 -3.052984552722953215e-01 2.739157635275264995e-03 2.052083490032894278e-05
3.326081939880258520e-02 -2.955418123169717415e-01 3.303636361156895174e-03 4.884733745755424553e-05
3.751884400395887054e-02 -2.949234675397213734e-01 1.982353726244451796e-03 1.586473470504764789e-04
3.751884400395887054e-02 -2.949234675397213734e-01 1.982353726244451796e-03 1.586473470504764789e-04
-2.850720222287941169e-02 -3.021036848920440332e-01 3.065258198527241913e-03 -4.916197267062401570e-05
2.116917685423260961e-02 -2.967720438671592742e-01 2.895433606167175690e-03 -2.900181106148998832e-05
-2.104764797593638645e-02 -3.013168537131347136e-01 2.775414054149602690e-03 2.642678004715406101e-05
-2.869423406911474420e-02 -3.020162126890579835e-01 2.055593431387341737e-03 4.607834225204024100e-06
-2.869423406911474420e-02 -3.020162126890579835e-01 2.055593431387341737e-03 4.607834225204024100e-06
-2.869423406911474420e-02 -3.020162126890579835e-01 2.055593431387341737e-03 4.607834225204024100e-06
-2.869423406911474420e-02 -3.020162126890579835e-01 2.055593431387341737e-03 4.607834225204024100e-06
7.423596995778134616e-03 -2.980552122910014590e-01 1.243546174039618542e-03 1.183820701319408830e-04
7.423596995778134616e-03 -2.980552122910014590e-01 1.243546174039618542e-03 1.183820701319408830e-04
-9.926476993203358148e-03 -2.998654866733314606e-01 7.818479119871806632e-04 4.347526506518145997e-05
-9.926476993203358148e-03 -2.998654866733314606e-01 7.818479119871806632e-04 4.347526506518145997e-05
-9.926476993203358148e-03 -2.998654866733314606e-01 7.818479119871806632e-04 4.347526506518145997e-05
-9.926476993203358148e-03 -2.998654866733314606e-01 7.818479119871806632e-04 4.347526506518145997e-05
-2.420320489693499749e-02 -3.012536200955233112e-01 -1.650736270090232168e-04 1.614807726879654019e-05
-2.420320489693499749e-02 -3.012536200955233112e-01 -1.650736270090232168e-04 1.614807726879654019e-05
-2.420320489693499749e-02 -3.012536200955233112e-01 -1.650736270090232168e-04 1.614807726879654019e-05
5.991028542609862229e-03 -2.980774728980462585e-01 8.629218892644520064e-05 3.801028356211685200e-05
5.991028542609862229e-03 -2.980774728980462585e-01 8.629218892644520064e-05 3.801028356211685200e-05
-1.299456087219240906e-02 -3.000806392876235185e-01 9.383875729857059193e-05 -4.717132194683086133e-05
-1.299456087219240906e-02 -3.000806392876235185e-01 9.383875729857059193e-05 -4.717132194683086133e-05
3.246365839382529817e-03 -2.984012931915645539e-01 3.180616794091536276e-04 -4.021262100583724891e-05
3.246365839382529817e-03 -2.984012931915645539e-01 3.180616794091536276e-04 -4.021262100583724891e-05
3.246365839382529817e-03 -2.984012931915645539e-01 3.180616794091536276e-04 -4.021262100583724891e-05
3.246365839382529817e-03 -2.984012931915645539e-01 3.180616794091536276e-04 -4.021262100583724891e-05
6.663632830249587892e-03 -2.979636571519241883e-01 -1.456755245524706639e-04 -1.669071317106908628e-05
6.663632830249587892e-03 -2.979636571519241883e-01 -1.456755245524706639e-04 -1.669071317106908628e-05
6.663632830249587892e-03 -2.979636571519241883e-01 -1.456755245524706639e-04 -1.669071317106908628e-05
6.663632830249587892e-03 -2.979636571519241883e-01 -1.456755245524706639e-04 -1.669071317106908628e-05
6.663632830249587892e-03 -2.979636571519241883e-01 -1.456755245524706639e-04 -1.669071317106908628e-05
4.522068938958088979e-03 -2.981759431546850969e-01 -1.220296849675754370e-04 -4.400330367858945547e-05
1.339529976231304672e-03 -2.985475044248823151e-01 3.602514371142907714e-05 -3.557909219039120496e-05
1.339529976231304672e-03 -2.985475044248823151e-01 3.602514371142907714e-05 -3.557909219039120496e-05
1.339529976231304672e-03 -2.985475044248823151e-01 3.602514371142907714e-05 -3.557909219039120496e-05
1.339529976231304672e-03 -2.985475044248823151e-01 3.602514371142907714e-05 -3.557909219039120496e-05
1.339529976231304672e-03 -2.985475044248823151e-01 3.602514371142907714e-05 -3.557909219039120496e-05
1.754963970122638914e-03 -2.984824304160558217e-01 -6.265821855648811547e-05 -3.596298400270437018e-05
1.754963970122638914e-03 -2.984824304160558217e-01 -6.265821855648811547e-05 -3.596298400270437018e-05
1.754963970122638914e-03 -2.984824304160558217e-01 -6.265821855648811547e-05 -3.596298400270437018e-05
1.754963970122638914e-03 -2.984824304160558217e-01 -6.265821855648811547e-05 -3.596298400270437018e-05
1.754963970122638914e-03 -2.984824304160558217e-01 -6.265821855648811547e-05 -3.596298400270437018e-05
1.754963970122638914e-03 -2.984824304160558217e-01 -6.265821855648811547e-05 -3.596298400270437018e-05
1.720632577941991290e-03 -2.984926478980319819e-01 -4.477753191460250113e-05 -3.037424077060635102e-05
1.720632577941991290e-03 -2.984926478980319819e-01 -4.477753191460250113e-05 -3.037424077060635102e-05
1.720632577941991290e-03 -2.984926478980319819e-01 -4.477753191460250113e-05 -3.037424077060635102e-05
1.993944620914060717e-03 -2.984544081650589709e-01 -7.476481686794389687e-05 -3.172133059960786006e-05
1.993944620914060717e-03 -2.984544081650589709e-01 -7.476481686794389687e-05 -3.172133059960786006e-05
1.993944620914060717e-03 -2.984544081650589709e-01 -7.476481686794389687e-05 -3.172133059960786006e-05
1.432970300116446442e-03 -2.985211717521831787e-01 -3.839096688429648044e-05 -3.126615891175874701e-05
1.432970300116446442e-03 -2.985211717521831787e-01 -3.839096688429648044e-05 -3.126615891175874701e-05
1.432970300116446442e-03 -2.985211717521831787e-01 -3.839096688429648044e-05 -3.126615891175874701e-05
1.527889903025291853e-03 -2.984998402835881137e-01 -6.280914998517994380e-05 -3.556249568827514430e-05
1.527889903025291853e-03 -2.984998402835881137e-01 -6.280914998517994380e-05 -3.556249568827514430e-05
1.273761800512522146e-03 -2.985273314321613136e-01 -7.789322736771072645e-05 -3.328538434264873491e-05
1.273761800512522146e-03 -2.985273314321613136e-01 -7.789322736771072645e-05 -3.328538434264873491e-05
1.555997082505805075e-03 -2.984937614066451861e-01 -6.397472629684594256e-05 -3.421815012712545623e-05
1.555997082505805075e-03 -2.984937614066451861e-01 -6.397472629684594256e-05 -3.421815012712545623e-05
1.555997082505805075e-03 -2.984937614066451861e-01 -6.397472629684594256e-05 -3.421815012712545623e-05
1.276970981610903340e-03 -2.985263093743419915e-01 -6.840328780749994832e-05 -3.201705451793629637e-05
1.662174611753033417e-03 -2.984837950792080807e-01 -3.391474728344032880e-05 -3.384730925548537245e-05
1.442009693667904539e-03 -2.984903933926298381e-01 -7.128154663525494846e-05 -3.610781894562520658e-05
1.442009693667904539e-03 -2.984903933926298381e-01 -7.128154663525494846e-05 -3.610781894562520658e-05
1.410146677218782063e-03 -2.984970868043563819e-01 -4.015628481795273743e-05 -3.283501194630008917e-05
2.068080650714494359e-03 -2.984100739414735637e-01 -1.011390955448431776e-05 -3.785067123595123317e-05
1.602102919651330129e-03 -2.984398116784405808e-01 -6.124036230588652142e-05 -3.719268324620248671e-05
1.602102919651330129e-03 -2.984398116784405808e-01 -6.124036230588652142e-05 -3.719268324620248671e-05
2.135831399365826361e-03 -2.983592184812688952e-01 2.828918813617346925e-05 -3.789578128410373958e-05
2.135831399365826361e-03 -2.983592184812688952e-01 2.828918813617346925e-05 -3.789578128410373958e-05
1.601339695088931959e-03 -2.983543875940000145e-01 -3.647923573981624564e-05 -4.214488940946936753e-05
1.601339695088931959e-03 -2.983543875940000145e-01 -3.647923573981624564e-05 -4.214488940946936753e-05
2.977967870177821059e-03 -2.981265672721445936e-01 1.189137429247017158e-04 -4.889585859561945930e-05
2.092676705893646398e-03 -2.982009974173904787e-01 9.057817635811153093e-05 -4.141990889276831659e-05
2.387173637036186201e-03 -2.980185264138484058e-01 7.710937699646790763e-05 -5.447741304340160580e-05
2.387173637036186201e-03 -2.980185264138484058e-01 7.710937699646790763e-05 -5.447741304340160580e-05
2.387173637036186201e-03 -2.980185264138484058e-01 7.710937699646790763e-05 -5.447741304340160580e-05
1.613133050204673853e-03 -2.978312723190845723e-01 1.575743902122221326e-04 -5.558748983784122274e-05
1.613133050204673853e-03 -2.978312723190845723e-01 1.575743902122221326e-04 -5.558748983784122274e-05
1.613133050204673853e-03 -2.978312723190845723e-01 1.575743902122221326e-04 -5.558748983784122274e-05
1.311235668542319599e-03 -2.974970951973594513e-01 1.218739018945119170e-04 -7.306506337544630856e-05
3.761642065693623221e-04 -2.971681165513861966e-01 2.408752938170617588e-04 -8.252642381035874431e-05
-2.029758012678626808e-03 -2.974876257844318861e-01 7.817269661885022005e-06 -6.660518052392175596e-05
-2.029758012678626808e-03 -2.974876257844318861e-01 7.817269661885022005e-06 -6.660518052392175596e-05
-2.081309688565334895e-03 -2.967704503872559130e-01 1.393327611893098125e-04 -9.558733654536075760e-05
-5.869145312456371631e-03 -2.963634100572141161e-01 2.147070677843724781e-04 -9.752381770134619017e-05
-8.682984527779756892e-03 -2.964178374785315651e-01 -4.292188558524409831e-05 -8.984914224976190984e-05
-8.682984527779756892e-03 -2.964178374785315651e-01 -4.292188558524409831e-05 -8.984914224976190984e-05
-8.682984527779756892e-03 -2.964178374785315651e-01 -4.292188558524409831e-05 -8.984914224976190984e-05
-2.129650340237188022e-02 -2.950388879810891263e-01 -1.107731189725218212e-04 -1.119697453010519515e-04
-2.129650340237188022e-02 -2.950388879810891263e-01 -1.107731189725218212e-04 -1.119697453010519515e-04
-2.129650340237188022e-02 -2.950388879810891263e-01 -1.107731189725218212e-04 -1.119697453010519515e-04
-2.129650340237188022e-02 -2.950388879810891263e-01 -1.107731189725218212e-04 -1.119697453010519515e-04
-2.129650340237188022e-02 -2.950388879810891263e-01 -1.107731189725218212e-04 -1.119697453010519515e-04
-2.129650340237188022e-02 -2.950388879810891263e-01 -1.107731189725218212e-04 -1.119697453010519515e-04
-2.827416939449090005e-02 -2.943362550298737057e-01 -1.640925188354438059e-04 -1.146071186051553150e-04
-1.973736109044871984e-02 -2.952388000673424329e-01 -7.494799765579457807e-05 -1.017417891337588543e-04
-1.973736109044871984e-02 -2.952388000673424329e-01 -7.494799765579457807e-05 -1.017417891337588543e-04
-2.330897893483337147e-02 -2.946824550488236216e-01 5.864698330341626452e-05 -1.124127214738125983e-04
-2.725566644400424787e-02 -2.947019461424220665e-01 -1.152788436563455656e-04 -9.691793862695526106e-05
-2.725566644400424787e-02 -2.947019461424220665e-01 -1.152788436563455656e-04 -9.691793862695526106e-05
-2.725566644400424787e-02 -2.947019461424220665e-01 -1.152788436563455656e-04 -9.691793862695526106e-05
-2.505510981228346867e-02 -2.946876902798699072e-01 1.214278443591994223e-04 -1.002617654039268246e-04
-2.505510981228346867e-02 -2.946876902798699072e-01 1.214278443591994223e-04 -1.002617654039268246e-04
-2.505510981228346867e-02 -2.946876902798699072e-01 1.214278443591994223e-04 -1.002617654039268246e-04
-2.505510981228346867e-02 -2.946876902798699072e-01 1.214278443591994223e-04 -1.002617654039268246e-04
-2.560230427351704863e-02 -2.949000260238452409e-01 -3.519654781353843487e-07 -8.804217564977170007e-05
-2.560230427351704863e-02 -2.949000260238452409e-01 -3.519654781353843487e-07 -8.804217564977170007e-05
-2.456684827424757828e-02 -2.942605982899483275e-01 3.790105747729602837e-04 -1.073384186568021050e-04
-2.456684827424757828e-02 -2.942605982899483275e-01 3.790105747729602837e-04 -1.073384186568021050e-04
-2.456684827424757828e-02 -2.942605982899483275e-01 3.790105747729602837e-04 -1.073384186568021050e-04
-2.411126996708243958e-02 -2.948277777856043169e-01 2.539624718866392936e-04 -8.997544952012419966e-05
-2.411126996708243958e-02 -2.948277777856043169e-01 2.539624718866392936e-04 -8.997544952012419966e-05
-2.582578135204854908e-02 -2.945101088643086173e-01 3.652880547076395312e-04 -8.360876954475250948e-05
-2.582578135204854908e-02 -2.945101088643086173e-01 3.652880547076395312e-04 -8.360876954475250948e-05
-2.582578135204854908e-02 -2.945101088643086173e-01 3.652880547076395312e-04 -8.360876954475250948e-05
-2.582578135204854908e-02 -2.945101088643086173e-01 3.652880547076395312e-04 -8.360876954475250948e-05
-2.582578135204854908e-02 -2.945101088643086173e-01 3.652880547076395312e-04 -8.360876954475250948e-05
-2.582578135204854908e-02 -2.945101088643086173e-01 3.652880547076395312e-04 -8.360876954475250948e-05
-2.582578135204854908e-02 -2.945101088643086173e-01 3.652880547076395312e-04 -8.360876954475250948e-05
-2.582578135204854908e-02 -2.945101088643086173e-01 3.652880547076395312e-04 -8.360876954475250948e-05
-2.831346184110739017e-02 -2.938611412899259090e-01 6.323338309128323596e-04 -7.738821708774986079e-05
-2.611137002374898375e-02 -2.945748752420983552e-01 5.139689995794522598e-04 -5.860222466796871014e-05
-2.818906518853085685e-02 -2.942240292518728539e-01 3.592220146460959381e-04 -6.684836217511725635e-05
-2.648363720844431474e-02 -2.937479629100570033e-01 5.448464168837858276e-04 -8.331397233048135520e-05
-2.648363720844431474e-02 -2.937479629100570033e-01 5.448464168837858276e-04 -8.331397233048135520e-05
-2.550336996747874785e-02 -2.944582895851706184e-01 2.937835937339185188e-04 -4.639769914410534456e-05
-2.945155355999289071e-02 -2.929433824381298956e-01 3.653742020165284127e-04 -7.481628984077012844e-05
-2.624302950902568377e-02 -2.926845893082736794e-01 6.794823124110654661e-04 -6.429996057571266978e-05
-2.624302950902568377e-02 -2.926845893082736794e-01 6.794823124110654661e-04 -6.429996057571266978e-05
-2.676954736818705494e-02 -2.924861826571769630e-01 1.256715120179665961e-04 -2.871727427919987339e-05
-2.967971490064942597e-02 -2.895864491109546579e-01 5.017130970307373799e-04 -8.928950200327281841e-05
-2.967971490064942597e-02 -2.895864491109546579e-01 5.017130970307373799e-04 -8.928950200327281841e-05
-3.012372289674442039e-02 -2.879066098453693101e-01 7.381953950236356306e-04 -2.719505525048434950e-05
-3.078380260668930890e-02 -2.854003799079380954e-01 -1.304304540065710089e-05 -2.065913982439508386e-05
-3.274145831724326050e-02 -2.804828411482024331e-01 9.905426373215729750e-04 -8.578091157631709805e-05
-4.358953003951483718e-02 -2.754385371710554864e-01 8.050918593355488664e-04 -5.957295695457827433e-05
-4.356945559384500788e-02 -2.677483778325145947e-01 8.871639406486005186e-04 3.367295630221452574e-05
-5.276573912448045967e-02 -2.559893823540443369e-01 5.259257538815275204e-04 -4.486492853883824886e-05
-5.276573912448045967e-02 -2.559893823540443369e-01 5.259257538815275204e-04 -4.486492853883824886e-05
-8.112259363203305762e-02 -2.292384327305336811e-01 8.956047465018229618e-04 7.527779083970934332e-05
-8.757624788187859388e-02 -2.046769623544362204e-01 1.334390967848577293e-03 1.239999424419474159e-04
-1.206214909892434073e-01 -1.727537194229592510e-01 1.505667075622456243e-03 5.253355533161490135e-06
-1.206214909892434073e-01 -1.727537194229592510e-01 1.505667075622456243e-03 5.253355533161490135e-06
-1.206214909892434073e-01 -1.727537194229592510e-01 1.505667075622456243e-03 5.253355533161490135e-06
-1.555437995293004194e-01 -1.158245399226364158e-01 1.580418943985826673e-03 1.659992401439846479e-04
-1.555437995293004194e-01 -1.158245399226364158e-01 1.580418943985826673e-03 1.659992401439846479e-04
-1.532414418554330360e-01 -1.277034148364176724e-01 8.995130337337837838e-04 3.059768380195260727e-05
-1.441977903405802786e-01 -1.308819959800381350e-01 1.913576822049888396e-03 -3.627382290115538973e-05
-1.659765483703340427e-01 -8.476185117097240207e-02 9.350470880498586851e-04 1.101074618022379918e-04
-1.659765483703340427e-01 -8.476185117097240207e-02 9.350470880498586851e-04 1.101074618022379918e-04
-1.659765483703340427e-01 -8.476185117097240207e-02 9.350470880498586851e-04 1.101074618022379918e-04
-1.209238217548017635e-01 -1.248802788592624502e-01 1.795444412380779904e-03 -5.284963930835044838e-05
-1.215556483451734615e-01 -1.140218287314397894e-01 -3.212824715032609052e-04 6.846151179246925164e-05
-1.215556483451734615e-01 -1.140218287314397894e-01 -3.212824715032609052e-04 6.846151179246925164e-05
-1.421555920573780996e-01 -6.345316920586752119e-02 6.239632024942925494e-04 1.498319311981565708e-04
-6.942929915287676668e-02 -1.112264465099987998e-01 9.818893958834368219e-05 -1.108102541396073395e-04
-6.942929915287676668e-02 -1.112264465099987998e-01 9.818893958834368219e-05 -1.108102541396073395e-04
-6.942929915287676668e-02 -1.112264465099987998e-01 9.818893958834368219e-05 -1.108102541396073395e-04
-6.363080325752384914e-02 -1.963742196307027843e-02 -5.585529127315148543e-04 5.623411380290698923e-05
-6.363080325752384914e-02 -1.963742196307027843e-02 -5.585529127315148543e-04 5.623411380290698923e-05
-6.363080325752384914e-02 -1.963742196307027843e-02 -5.585529127315148543e-04 5.623411380290698923e-05
-6.363080325752384914e-02 -1.963742196307027843e-02 -5.585529127315148543e-04 5.623411380290698923e-05
2.873880329033407649e-02 -1.600435892402490845e-02 -1.810272733427105863e-03 -5.934337648688225563e-05
8.294026044537269188e-03 -1.559346971098550527e-02 4.067295853465162543e-04 -9.803619641410415953e-05
8.294026044537269188e-03 -1.559346971098550527e-02 4.067295853465162543e-04 -9.803619641410415953e-05
8.294026044537269188e-03 -1.559346971098550527e-02 4.067295853465162543e-04 -9.803619641410415953e-05
8.294026044537269188e-03 -1.559346971098550527e-02 4.067295853465162543e-04 -9.803619641410415953e-05
-1.298840395347236956e-02 2.817168151934221210e-02 -8.271982285275885803e-04 4.712415733844495090e-05
7.561164023530271908e-03 -7.565499448458513215e-04 -1.142012146463320613e-03 -4.241954472684846190e-05
-2.238892128253424513e-03 -1.941378960875283360e-02 -4.365806744870209203e-04 6.368407807825317491e-06
-2.238892128253424513e-03 -1.941378960875283360e-02 -4.365806744870209203e-04 6.368407807825317491e-06
1.184293183294632401e-03 -6.997587008871456946e-03 -1.705886507298870220e-04 -4.786188846968655614e-05
1.184293183294632401e-03 -6.997587008871456946e-03 -1.705886507298870220e-04 -4.786188846968655614e-05
-1.307141711382873647e-02 -6.195739691376483428e-03 -1.409247455457268879e-04 9.782850925254001182e-06
5.129951287395576737e-03 -9.450983941594381932e-03 -1.409487178551995521e-04 -7.609456007520234853e-06
-4.982361530122995236e-03 1.333604930796451760e-02 -1.423885627994991897e-04 -2.279013824351593248e-05
-4.982361530122995236e-03 1.333604930796451760e-02 -1.423885627994991897e-04 -2.279013824351593248e-05
-4.982361530122995236e-03 1.333604930796451760e-02 -1.423885627994991897e-04 -2.279013824351593248e-05
-4.982361530122995236e-03 1.333604930796451760e-02 -1.423885627994991897e-04 -2.279013824351593248e-05
-5.128504785510345013e-03 6.702096359353989542e-03 -2.590782795928807912e-04 1.319920761883963674e-05
1.304794556976769573e-03 5.439391464167296630e-05 -2.167740238431772513e-04 -6.246867676486281105e-06
1.304794556976769573e-03 5.439391464167296630e-05 -2.167740238431772513e-04 -6.246867676486281105e-06
1.359693607523982870e-03 1.100624107424043492e-02 -3.281837012114547985e-05 -8.857249480636680367e-06
1.359693607523982870e-03 1.100624107424043492e-02 -3.281837012114547985e-05 -8.857249480636680367e-06
1.359693607523982870e-03 1.100624107424043492e-02 -3.281837012114547985e-05 -8.857249480636680367e-06
4.404700831627476193e-04 5.682031062188806769e-04 -5.329594683814735303e-05 5.280968273943235060e-06
4.404700831627476193e-04 5.682031062188806769e-04 -5.329594683814735303e-05 5.280968273943235060e-06
4.404700831627476193e-04 5.682031062188806769e-04 -5.329594683814735303e-05 5.280968273943235060e-06
6.649345148637035921e-04 9.179513655639424952e-03 7.819744682752781503e-05 -4.446043092395385993e-07
6.649345148637035921e-04 9.179513655639424952e-03 7.819744682752781503e-05 -4.446043092395385993e-07
6.649345148637035921e-04 9.179513655639424952e-03 7.819744682752781503e-05 -4.446043092395385993e-07
6.649345148637035921e-04 9.179513655639424952e-03 7.819744682752781503e-05 -4.446043092395385993e-07
-9.566552379877070640e-04 7.565896711778687111e-03 4.756542186800161490e-05 -2.598546077637409599e-06
-9.566552379877070640e-04 7.565896711778687111e-03 4.756542186800161490e-05 -2.598546077637409599e-06
7.726464748254782949e-04 7.749282694198515210e-03 -1.094224977892340649e-05 -1.088204633011922189e-06
3.253251716127834522e-04 4.043626659718592073e-03 -6.151198433336232485e-06 1.169549151094519432e-06
3.253251716127834522e-04 4.043626659718592073e-03 -6.151198433336232485e-06 1.169549151094519432e-06
3.253251716127834522e-04 4.043626659718592073e-03 -6.151198433336232485e-06 1.169549151094519432e-06
-4.549192986727974039e-04 6.386294543984789331e-03 1.020920510572614674e-05 -1.360425507658658769e-06
-1.888485918993654635e-04 4.635624233407331304e-03 -2.669160625818766693e-05 -1.968227746335470912e-06
2.844770953545307972e-04 6.475736636489308473e-03 -1.493906595005236885e-05 -3.063034999559628899e-07
2.844770953545307972e-04 6.475736636489308473e-03 -1.493906595005236885e-05 -3.063034999559628899e-07
1.471794988918534149e-04 4.859816798918869737e-03 -5.445130745292353214e-06 -2.390044147865815626e-07
-1.676803865553556710e-04 5.840341022918728309e-03 7.782790428615237989e-07 -1.363814107554161145e-06
-1.676803865553556710e-04 5.840341022918728309e-03 7.782790428615237989e-07 -1.363814107554161145e-06
-3.072159987926647911e-05 5.756122552444604620e-03 -1.892422317261528283e-05 1.646555052322155051e-07
-3.072159987926647911e-05 5.756122552444604620e-03 -1.892422317261528283e-05 1.646555052322155051e-07
7.230569412767385705e-05 6.079721119982072625e-03 -3.656254564291308156e-06 6.071107298045594716e-07
7.230569412767385705e-05 6.079721119982072625e-03 -3.656254564291308156e-06 6.071107298045594716e-07
-5.287429945862659258e-05 5.814098268573621858e-03 -4.829774375891925499e-06 -6.844292218664392941e-07
-5.287429945862659258e-05 5.814098268573621858e-03 -4.829774375891925499e-06 -6.844292218664392941e-07
2.742721214318788404e-05 5.672015417549107139e-03 8.698290851149073736e-06 -1.105099735691044267e-07
-3.501795753425899588e-05 5.658998031666121267e-03 -3.341653649300136401e-06 1.668265991324844929e-07
-3.271335427434049199e-05 6.018699521080303656e-03 2.312786715729605270e-06 1.221248062528046604e-07
2.450554717333215313e-05 5.935336964849680444e-03 -1.473171089434826887e-06 2.403068911459979447e-07
2.450554717333215313e-05 5.935336964849680444e-03 -1.473171089434826887e-06 2.403068911459979447e-07
4.758889393332621620e-06 5.764847070496561740e-03 3.831346224645367135e-06 -2.533158353850968065e-08
4.758889393332621620e-06 5.764847070496561740e-03 3.831346224645367135e-06 -2.533158353850968065e-08
4.758889393332621620e-06 5.764847070496561740e-03 3.831346224645367135e-06 -2.533158353850968065e-08
-1.043515435044120872e-05 5.796061560732775238e-03 -1.011890713105482796e-06 -1.212632834259021547e-07
-1.043515435044120872e-05 5.796061560732775238e-03 -1.011890713105482796e-06 -1.212632834259021547e-07
9.257916861846962625e-06 5.709253540217522696e-03 -1.217836724048666522e-06 -5.228817529302917301e-08
-8.841086308983034072e-06 5.774240078829422085e-03 -5.546279745525888299e-07 3.212676290791046645e-08
-8.841086308983034072e-06 5.774240078829422085e-03 -5.546279745525888299e-07 3.212676290791046645e-08
