1.000000000000000000e+00 5.000000000000000278e-02
1.074999999999999734e+00 4.500000000000001221e-02
1.187500000000000000e+00 4.250000000000000999e-02
1.293749999999999734e+00 3.125000000000002776e-02
1.571875000000000355e+00 2.062500000000003220e-02
1.923437500000000355e+00 -7.187499999999930056e-03
2.655468750000001599e+00 -4.234374999999990230e-02
3.724609375000001776e+00 -1.155468749999998129e-01
3.724609375000001776e+00 -1.155468749999998129e-01
3.724609375000001776e+00 -1.155468749999998129e-01
3.724609375000001776e+00 -1.155468749999998129e-01
3.724609375000001776e+00 -1.155468749999998129e-01
4.085205078125002665e+00 -1.369628906249997780e-01
4.085205078125002665e+00 -1.369628906249997780e-01
3.906713867187502132e+00 -1.249755859374998002e-01
3.906713867187502132e+00 -1.249755859374998002e-01
3.994152832031252487e+00 -1.322485351562497913e-01
3.994152832031252487e+00 -1.322485351562497913e-01
3.952239990234377665e+00 -1.273327636718747935e-01
3.952239990234377665e+00 -1.273327636718747935e-01
3.971389770507815165e+00 -1.310699462890622946e-01
3.971389770507815165e+00 -1.310699462890622946e-01
3.971389770507815165e+00 -1.310699462890622946e-01
3.958935451507571202e+00 -1.339430046081541148e-01
3.968803882598879618e+00 -1.366848182678221113e-01
3.956349563598635655e+00 -1.395578765869139037e-01
3.969859266281130061e+00 -1.464780330657957652e-01
3.957404947280886098e+00 -1.493510913848875299e-01
3.957404947280886098e+00 -1.493510913848875299e-01
3.957404947280886098e+00 -1.493510913848875299e-01
3.958579111099245651e+00 -1.528439807891844304e-01
3.958579111099245651e+00 -1.528439807891844304e-01
3.967007827758791905e+00 -1.579566192626951637e-01
3.963115000724794612e+00 -1.630104589462278986e-01
3.963115000724794612e+00 -1.630104589462278986e-01
3.957927435636522162e+00 -1.617175996303557017e-01
3.957923129200935364e+00 -1.737645679712294666e-01
3.957923129200935364e+00 -1.737645679712294666e-01
3.961810034885999698e+00 -1.852753097563981655e-01
3.958559462986879218e+00 -2.078082738444210209e-01
3.964707988407447203e+00 -2.420962394587699018e-01
3.961281107319489792e+00 -3.043061504419900531e-01
3.961281107319489792e+00 -3.043061504419900531e-01
3.961785209213806169e+00 -3.681075664865796071e-01
3.954175294196418555e+00 -3.968252643861356344e-01
3.954175294196418555e+00 -3.968252643861356344e-01
3.954175294196418555e+00 -3.968252643861356344e-01
3.954175294196418555e+00 -3.968252643861356344e-01
3.956814832259941461e+00 -3.899442471102533836e-01
3.954806854599286936e+00 -4.070180410423579476e-01
3.954993068813016599e+00 -3.976532042312206361e-01
3.955857396983046392e+00 -3.961399348735213377e-01
3.955734422047403775e+00 -3.918358338073774649e-01
3.955394489164120841e+00 -3.958205442858350187e-01
3.955710926294404572e+00 -3.949840619600637481e-01
3.955461850570192173e+00 -3.971855377807352871e-01
3.955490438798209496e+00 -3.959526720781172404e-01
3.955593535489302592e+00 -3.957765834447449782e-01
3.955582055430538091e+00 -3.952041727517790481e-01
3.955539117129065030e+00 -3.957215250881896407e-01
3.955539117129065030e+00 -3.957215250881896407e-01
3.955570072218673516e+00 -3.954373966935280649e-01
3.955543361568527594e+00 -3.955593332451058375e-01
3.955547917011332792e+00 -3.956099450287532959e-01
3.955557855754301855e+00 -3.955110179152288019e-01
3.955557855754301855e+00 -3.955110179152288019e-01
