0.000000000000000000e+00 -1.703380110334631085e-06
9.090909090909090606e-01 4.586567225251619547e-05
1.818181818181818121e+00 9.022225522732112081e-05
2.727272727272727071e+00 1.315758808798063667e-04
3.636363636363636243e+00 1.698481531328487450e-04
4.545454545454544970e+00 2.051349542780214492e-04
5.454545454545454142e+00 2.376597758112544137e-04
6.363636363636363313e+00 2.676803912972193023e-04
7.272727272727272485e+00 2.954204800194117119e-04
8.181818181818181657e+00 3.210175157100183564e-04
9.090909090909089940e+00 3.445326909318190698e-04
1.000000000000000000e+01 3.660622835555413582e-04
1.090909090909090828e+01 3.857222225124124848e-04
1.181818181818181834e+01 4.036366356569359107e-04
1.272727272727272663e+01 4.199307058418900898e-04
1.363636363636363669e+01 4.347254803702100905e-04
1.454545454545454497e+01 4.481342809777606327e-04
1.545454545454545325e+01 4.602603867094505821e-04
1.636363636363636331e+01 4.711968308117150039e-04
1.727272727272727337e+01 4.810425418867667882e-04
1.818181818181817988e+01 4.898740573578285080e-04
1.909090909090908994e+01 4.977590953075346127e-04
2.000000000000000000e+01 5.047641579314411393e-04
2.090909090909091006e+01 5.109539610453397432e-04
2.181818181818181657e+01 5.163910437166745367e-04
2.272727272727272663e+01 5.211355243454824423e-04
2.363636363636363669e+01 5.252449735089656209e-04
2.454545454545454319e+01 5.287743779592622793e-04
2.545454545454545325e+01 5.317761740946712681e-04
2.636363636363636331e+01 5.343003328666974527e-04
2.727272727272727337e+01 5.363944813603230624e-04
2.818181818181817988e+01 5.381040491611426826e-04
2.909090909090908994e+01 5.394725014465349446e-04
3.000000000000000000e+01 5.405392207541363618e-04
3.090909090909090651e+01 5.413288479700637326e-04
3.181818181818181657e+01 5.418620903387225563e-04
3.272727272727272663e+01 5.421589288101007122e-04
3.363636363636363313e+01 5.422386758239094301e-04
3.454545454545454675e+01 5.421200372571483147e-04
3.545454545454545325e+01 5.418211769584726709e-04
3.636363636363635976e+01 5.413597825583446686e-04
3.727272727272727337e+01 5.407531314772283468e-04
3.818181818181817988e+01 5.400181562573081644e-04
3.909090909090908639e+01 5.391715085189747233e-04
4.000000000000000000e+01 5.382296209943781932e-04
4.090909090909090651e+01 5.372087672193930075e-04
4.181818181818182012e+01 5.361251185750509629e-04
4.272727272727272663e+01 5.349947984623322841e-04
4.363636363636363313e+01 5.338339334724484780e-04
4.454545454545454675e+01 5.326585866920900735e-04
4.545454545454545325e+01 5.314745577601040407e-04
4.636363636363635976e+01 5.302803559626796323e-04
4.727272727272727337e+01 5.290769395429125062e-04
4.818181818181817988e+01 5.278654640824245910e-04
4.909090909090908639e+01 5.266472960082102268e-04
5.000000000000000000e+01 5.254240254933565876e-04
5.090909090909090651e+01 5.241974787690748504e-04
5.181818181818181301e+01 5.229697298628937282e-04
5.272727272727272663e+01 5.217431117755441921e-04
5.363636363636363313e+01 5.205202271069767897e-04
5.454545454545454675e+01 5.193039581401248965e-04
5.545454545454545325e+01 5.180974763894638166e-04
5.636363636363635976e+01 5.169042516200922713e-04
5.727272727272727337e+01 5.157280603420044164e-04
5.818181818181817988e+01 5.145729937833889468e-04
5.909090909090908639e+01 5.134434653461953171e-04
6.000000000000000000e+01 5.123442175468460695e-04
6.090909090909090651e+01 5.112803284447963413e-04
6.181818181818181301e+01 5.102572175616892219e-04
6.272727272727272663e+01 5.092747802567854955e-04
6.363636363636363313e+01 5.083234280575192046e-04
6.454545454545454675e+01 5.074011887994242173e-04
6.545454545454545325e+01 5.065064890221359284e-04
6.636363636363635976e+01 5.056379212247683139e-04
6.727272727272726627e+01 5.047942443273526533e-04
6.818181818181817277e+01 5.039743841434253177e-04
6.909090909090909349e+01 5.031774338622573700e-04
7.000000000000000000e+01 5.024026545386217537e-04
7.090909090909090651e+01 5.016494755874930603e-04
7.181818181818181301e+01 5.009174952806524569e-04
7.272727272727271952e+01 5.002064812418323013e-04
7.363636363636364024e+01 4.995163709367506956e-04
7.454545454545454675e+01 4.988472721541843506e-04
7.545454545454545325e+01 4.981994634740630071e-04
7.636363636363635976e+01 4.975733947184706515e-04
7.727272727272726627e+01 4.969696873813806478e-04
7.818181818181817277e+01 4.963891350329352123e-04
7.909090909090909349e+01 4.958327036941086044e-04
8.000000000000000000e+01 4.953015321776462095e-04
8.090909090909090651e+01 4.947968031142064693e-04
8.181818181818181301e+01 4.943137776036462096e-04
8.272727272727271952e+01 4.938490390214466449e-04
8.363636363636364024e+01 4.934020168277208473e-04
8.454545454545454675e+01 4.929721556296675147e-04
8.545454545454545325e+01 4.925589153255980138e-04
8.636363636363635976e+01 4.921617712317276436e-04
8.727272727272726627e+01 4.917802141933373672e-04
8.818181818181817277e+01 4.914137506818071948e-04
8.909090909090909349e+01 4.910619028789030369e-04
9.000000000000000000e+01 4.907242087496029980e-04
