0.000000000000000000e+00 3.969208938398711695e-01
9.090909090909090606e-01 3.778999280328002586e-01
1.818181818181818121e+00 3.597839853030536661e-01
2.727272727272727071e+00 3.425133224436689994e-01
3.636363636363636243e+00 3.260914807317319419e-01
4.545454545454544970e+00 3.104922234825495675e-01
5.454545454545454142e+00 2.956635626421011409e-01
6.363636363636363313e+00 2.815446675525134501e-01
7.272727272727272485e+00 2.680806688968218054e-01
8.181818181818181657e+00 2.552362734639561648e-01
9.090909090909089940e+00 2.429989230886842322e-01
1.000000000000000000e+01 2.313510802699734747e-01
1.090909090909090828e+01 2.202688772335159306e-01
1.181818181818181834e+01 2.097248989619265869e-01
1.272727272727272663e+01 1.996903358177958276e-01
1.363636363636363669e+01 1.901368097762509146e-01
1.454545454545454497e+01 1.810378909478380649e-01
1.545454545454545325e+01 1.723703326069681019e-01
1.636363636363636331e+01 1.641147053072426476e-01
1.727272727272727337e+01 1.562497948629860689e-01
1.818181818181817988e+01 1.487591323475584981e-01
1.909090909090908994e+01 1.416277659453212823e-01
2.000000000000000000e+01 1.348402252053434447e-01
2.090909090909091006e+01 1.283808167877275863e-01
2.181818181818181657e+01 1.222338758946932835e-01
2.272727272727272663e+01 1.163839777555295552e-01
2.363636363636363669e+01 1.108161136655259615e-01
2.454545454545454319e+01 1.055158359905280507e-01
2.545454545454545325e+01 1.004693763144055840e-01
2.636363636363636331e+01 9.566374058388198154e-02
2.727272727272727337e+01 9.108678473706142975e-02
2.818181818181817988e+01 8.672727391996924717e-02
2.909090909090908994e+01 8.257489149004197670e-02
3.000000000000000000e+01 7.861923987518187884e-02
3.090909090909090651e+01 7.485143056878715284e-02
3.181818181818181657e+01 7.126338237911010454e-02
3.272727272727272663e+01 6.784718233021029554e-02
3.363636363636363313e+01 6.459510583493344171e-02
3.454545454545454675e+01 6.149963280691860684e-02
3.545454545454545325e+01 5.855346027657899743e-02
3.636363636363635976e+01 5.574951201862062694e-02
3.727272727272727337e+01 5.308094564366788726e-02
3.818181818181817988e+01 5.054115755472296523e-02
3.909090909090908639e+01 4.812378612097817365e-02
4.000000000000000000e+01 4.582271337717335608e-02
4.090909090909090651e+01 4.363206551631887420e-02
4.181818181818182012e+01 4.154621240714372055e-02
4.272727272727272663e+01 3.955976633494170253e-02
4.363636363636363313e+01 3.766758013537342686e-02
4.454545454545454675e+01 3.586474295931330047e-02
4.545454545454545325e+01 3.414667972939192803e-02
4.636363636363635976e+01 3.250969787718645948e-02
4.727272727272727337e+01 3.095039645522446037e-02
4.818181818181817988e+01 2.946546526505070332e-02
4.909090909090908639e+01 2.805168365953028889e-02
5.000000000000000000e+01 2.670591919348238794e-02
5.090909090909090651e+01 2.542512615902139256e-02
5.181818181818181301e+01 2.420634403726552863e-02
5.272727272727272663e+01 2.304669589382367378e-02
5.363636363636363313e+01 2.194338674165531231e-02
5.454545454545454675e+01 2.089370189147719825e-02
5.545454545454545325e+01 1.989500530683618179e-02
5.636363636363635976e+01 1.894473797824476960e-02
5.727272727272727337e+01 1.804041632835727549e-02
5.818181818181817988e+01 1.717963065801955333e-02
5.909090909090908639e+01 1.636004364113190571e-02
6.000000000000000000e+01 1.557938887459397320e-02
6.090909090909090651e+01 1.483546948813464078e-02
6.181818181818181301e+01 1.412615681754635262e-02
6.272727272727272663e+01 1.344961636240193416e-02
6.363636363636363313e+01 1.280468016550220453e-02
6.454545454545454675e+01 1.219010958108900436e-02
6.545454545454545325e+01 1.160468533662387287e-02
6.636363636363635976e+01 1.104721379482130617e-02
6.727272727272726627e+01 1.051652642893335932e-02
6.818181818181817277e+01 1.001147931558319867e-02
6.909090909090909349e+01 9.530952645957411346e-03
7.000000000000000000e+01 9.073850255983841387e-03
7.090909090909090651e+01 8.639099175952028031e-03
7.181818181818181301e+01 8.225649199885144702e-03
7.272727272727271952e+01 7.832472474836255430e-03
7.363636363636364024e+01 7.458563110163112658e-03
7.454545454545454675e+01 7.102936806728139818e-03
7.545454545454545325e+01 6.764630505875883493e-03
7.636363636363635976e+01 6.442702057956340919e-03
7.727272727272726627e+01 6.136229910088608630e-03
7.818181818181817277e+01 5.844312812795852269e-03
7.909090909090909349e+01 5.566069545084768866e-03
8.000000000000000000e+01 5.300638657495980281e-03
8.090909090909090651e+01 5.047191857572905400e-03
8.181818181818181301e+01 4.805565271790325846e-03
8.272727272727271952e+01 4.575494972933543888e-03
8.363636363636364024e+01 4.356441283745267692e-03
8.454545454545454675e+01 4.147884749725386927e-03
8.545454545454545325e+01 3.949326002588707425e-03
8.636363636363635976e+01 3.760285633048949562e-03
8.727272727272726627e+01 3.580304072456855051e-03
8.818181818181817277e+01 3.408941482827746935e-03
8.909090909090909349e+01 3.245777654801291785e-03
9.000000000000000000e+01 3.090411913085504281e-03
