0.000000000000000000e+00 1.582837613117829223e+00 -3.514195713539073463e-05 6.025003282206424218e-06 -9.552667261143348221e-07
9.090909090909090606e-01 1.476767585867178934e+00 5.116369310526377567e-04 5.331190792815532999e-06 7.192885067911544593e-07
1.818181818181818121e+00 1.383075030299215635e+00 9.764731191874863239e-04 4.764394977370487510e-06 2.117197314718878163e-06
2.727272727272727071e+00 1.299237111486494678e+00 1.380545387200796115e-03 4.290596646228638712e-06 3.287580720165349328e-06
3.636363636363636243e+00 1.223673053894661189e+00 1.735262797674240682e-03 3.891336913840095623e-06 4.261670406102080819e-06
4.545454545454544970e+00 1.155071244710009326e+00 2.049718013768518730e-03 3.551705606368920568e-06 5.066384585592334995e-06
5.454545454545454142e+00 1.092314279483494133e+00 2.331485152779840322e-03 3.258993461997612902e-06 5.725981839577716048e-06
6.363636363636363313e+00 1.034478962130731095e+00 2.586619786139925364e-03 3.002692130927108160e-06 6.262061116878156032e-06
7.272727272727272485e+00 9.808363049319978044e-01 2.819658939416004248e-03 2.774494175376781869e-06 6.693561734191928409e-06
8.181818181818181657e+00 9.308564145377017374e-01 3.033566014113723772e-03 2.568833974820460753e-06 7.036124116657559391e-06
9.090909090909089940e+00 8.841825559541960367e-01 3.230032666692883928e-03 2.383781372330078286e-06 7.299349489855161066e-06
1.000000000000000000e+01 8.405012745041779976e-01 3.410657976996541059e-03 2.216883670308344300e-06 7.491434294289635360e-06
1.090909090909090828e+01 7.995259537127399341e-01 3.576925034213065870e-03 2.065802958951144009e-06 7.620287120269544082e-06
1.181818181818181834e+01 7.609980267261313713e-01 3.730181841975415552e-03 1.928448568372795327e-06 7.693447987918819423e-06
1.272727272727272663e+01 7.246869763117592678e-01 3.871641318361131179e-03 1.802977068606051406e-06 7.718088347176762257e-06
1.363636363636363669e+01 6.903903348581872379e-01 4.002381295892343781e-03 1.687792269602096403e-06 7.701011077798044683e-06
1.454545454545454497e+01 6.579336843751371067e-01 4.123344521535765236e-03 1.581545221230550774e-06 7.648650489352704098e-06
1.545454545454545325e+01 6.271706564934869110e-01 4.235338656702695645e-03 1.483134213279467248e-06 7.567072321226156749e-06
1.636363636363636331e+01 5.979816870394313311e-01 4.339046879672747020e-03 1.391699290479343906e-06 7.461980437377170175e-06
1.727272727272727337e+01 5.702515768385915118e-01 4.435174770907331088e-03 1.306535772017815923e-06 7.337917053825247686e-06
1.818181818181817988e+01 5.438905339595347943e-01 4.524179141443615201e-03 1.227152030287636857e-06 7.197021468183583624e-06
1.909090909090908994e+01 5.188210984711338902e-01 4.606429438349931432e-03 1.153124625930925301e-06 7.041100661054165197e-06
2.000000000000000000e+01 4.949697140885782054e-01 4.682290200387542040e-03 1.084052151424411460e-06 6.871976635131434598e-06
2.090909090909091006e+01 4.722667281733737288e-01 4.752121058010647277e-03 1.019555231079436090e-06 6.691486415202283927e-06
2.181818181818181657e+01 4.506463917333431990e-01 4.816276733366380187e-03 9.592765210419507134e-07 6.501482048146058575e-06
2.272727272727272663e+01 4.300468594226257713e-01 4.875107040294811810e-03 9.028807092925168726e-07 6.303830602934552992e-06
2.363636363636363669e+01 4.104101895416774060e-01 4.928956884328945104e-03 8.500545156463080408e-07 6.100414170632015767e-06
2.454545454545454319e+01 3.916823440372706466e-01 4.978166262694718423e-03 8.005066917531076079e-07 5.893129864395147090e-06
2.545454545454545325e+01 3.738131885024945644e-01 5.023070264311008115e-03 7.539680210973099396e-07 5.683889819473096206e-06
2.636363636363636331e+01 3.567564921767550912e-01 5.063999069789621582e-03 7.101913189979201658e-07 5.474621193207466502e-06
2.727272727272727337e+01 3.404699279457745753e-01 5.101277951435304221e-03 6.689514326085538629e-07 5.267266165032312117e-06
2.818181818181817988e+01 3.249150723415922259e-01 5.135227273245735087e-03 6.300452409174380066e-07 5.063781936474141330e-06
2.909090909090908994e+01 3.100572746391360712e-01 5.166162406121333796e-03 5.932925041574382438e-07 4.866081619569423204e-06
3.000000000000000000e+01 2.958619410551854290e-01 5.194340680963332145e-03 5.585749168303298780e-07 4.673720512264397638e-06
3.090909090909090651e+01 2.823001181449635855e-01 5.219882815772030130e-03 5.258087880498573309e-07 4.485915012896555088e-06
3.181818181818181657e+01 2.693459173928010042e-01 5.242892828778432032e-03 4.949052420213006300e-07 4.302618494399638257e-06
3.272727272727272663e+01 2.569741428574163211e-01 5.263479539585111562e-03 4.657767928963793288e-07 4.123809049149024770e-06
3.363636363636363313e+01 2.451602911719159006e-01 5.281756569166210988e-03 4.383373447732521887e-07 3.949489488961722935e-06
3.454545454545454675e+01 2.338805515437940019e-01 5.297842339867439403e-03 4.125021916965164381e-07 3.779687345096369204e-06
3.545454545454545325e+01 2.231118057549329736e-01 5.311860075406076194e-03 3.881880176572091485e-07 3.614454868253235799e-06
3.636363636363635976e+01 2.128316281616028927e-01 5.323937800870969309e-03 3.653128965928060172e-07 3.453869028574223929e-06
3.727272727272727337e+01 2.030182856944616199e-01 5.334208342722535252e-03 3.437962923872216849e-07 3.298031515642863797e-06
3.818181818181817988e+01 1.936507378585553552e-01 5.342809328792759091e-03 3.235590588708103708e-07 3.147068738484323067e-06
3.909090909090908639e+01 1.847086367333176937e-01 5.349883188285192714e-03 3.045234398203651315e-07 3.001131825565395852e-06
4.000000000000000000e+01 1.761723269725704311e-01 5.355577151774959174e-03 2.866130689591178083e-07 2.860396624794506952e-06
4.090909090909090651e+01 1.680228458045232853e-01 5.360043251208748347e-03 2.697529699567399269e-07 2.725063703521717778e-06
4.181818181818182012e+01 1.602419230317735921e-01 5.363438319904820402e-03 2.538695564293415856e-07 2.595358348538714924e-06
4.272727272727272663e+01 1.528119810313069982e-01 5.365923992553003202e-03 2.388906319394724086e-07 2.471530566078822019e-06
4.363636363636363313e+01 1.457161347544967678e-01 5.367666705214691435e-03 2.247453899961208045e-07 2.353855081816990839e-06
4.454545454545454675e+01 1.389381845552326578e-01 5.368836270366940736e-03 2.113647398629134319e-07 2.242612880404376554e-06
4.545454545454545325e+01 1.324630016381863895e-01 5.369483024133632140e-03 1.987095499186350137e-07 2.136877306076611883e-06
4.636363636363635976e+01 1.262786114729573528e-01 5.369582576853340616e-03 1.867600575287336170e-07 2.035859785228860237e-06
4.727272727272727337e+01 1.203739931074273989e-01 5.369145039094610876e-03 1.754895386146836142e-07 1.939387230401475897e-06
4.818181818181817988e+01 1.147383287198023016e-01 5.368184371950300224e-03 1.648711210949660882e-07 1.847291373171628593e-06
4.909090909090908639e+01 1.093610036186116047e-01 5.366718387037584630e-03 1.548777848850680382e-07 1.759408764153296095e-06
5.000000000000000000e+01 1.042316062427087187e-01 5.364768746497951789e-03 1.454823618974829356e-07 1.675580772997269296e-06
5.090909090909090651e+01 9.933992816127104608e-02 5.362360962997204591e-03 1.366575360417107242e-07 1.595653588391151997e-06
5.181818181818181301e+01 9.467596407379971768e-02 5.359524399725463725e-03 1.283758432242574757e-07 1.519478218059357520e-06
5.272727272727272663e+01 9.022991181011974504e-02 5.356292270397160736e-03 1.206096713486356281e-07 1.446910488763111253e-06
5.363636363636363313e+01 8.599217233038014552e-02 5.352701639251044967e-03 1.133312603153641051e-07 1.377811046300452337e-06
5.454545454545454675e+01 8.195334972505360915e-02 5.348793421050179221e-03 1.065127020219679714e-07 1.312045355506228802e-06
5.545454545454545325e+01 7.810425121493684564e-02 5.344612381081942365e-03 1.001259403629787114e-07 1.249483700252102645e-06
5.636363636363635976e+01 7.443588715115032062e-02 5.340207135158026724e-03 9.414277122993413561e-08 1.190001183446546656e-06
5.727272727272727337e+01 7.093947101513844999e-02 5.335630149614440688e-03 8.853484251137827574e-08 1.133477727034843993e-06
5.818181818181817988e+01 6.760641941866947502e-02 5.330937741311506974e-03 8.327365409286172811e-08 1.079798071999092631e-06
5.909090909090908639e+01 6.442835210383551781e-02 5.326190077633863491e-03 7.833055785694119076e-08 1.028851778358198582e-06
6.000000000000000000e+01 6.139709194305253970e-02 5.321451176490463349e-03 7.367675768317979420e-08 9.805332251678822529e-07
6.090909090909090651e+01 5.850466493906042453e-02 5.316788906314573113e-03 6.928330944814692943e-08 9.347416105206748400e-07
6.181818181818181301e+01 5.574330022492283987e-02 5.312274986063776280e-03 6.512112102541845963e-08 8.913809515459187570e-07
6.272727272727272663e+01 5.310631632524338841e-02 5.307920202681926623e-03 6.117329517196510473e-08 8.502602576554222071e-07
6.363636363636363313e+01 5.058958492077818281e-02 5.303629467413374307e-03 5.744632503802737019e-08 8.111147719018961817e-07
6.454545454545454675e+01 4.818866575977540784e-02 5.299390676035313844e-03 5.393329207036702159e-08 7.738772044580983016e-07
6.545454545454545325e+01 4.589915916221858072e-02 5.295195985634331033e-03 5.062664534941798174e-08 7.384843239142507200e-07
6.636363636363635976e+01 4.371673252512828928e-02 5.291039252769772112e-03 4.751866341521845446e-08 7.048721396068746105e-07
6.727272727272726627e+01 4.163712032256224743e-02 5.286916033473751560e-03 4.460145426741100396e-08 6.729759016187913321e-07
6.818181818181817277e+01 3.965612410561529522e-02 5.282823583251145157e-03 4.186695536524256810e-08 6.427301007791221114e-07
6.909090909090909349e+01 3.776961250241936408e-02 5.278760857079592590e-03 3.930693362756439221e-08 6.140684686632876189e-07
7.000000000000000000e+01 3.597352121814358095e-02 5.274728509409498320e-03 3.691298543283219450e-08 5.869239775930097693e-07
7.090909090909090651e+01 3.426385303499410173e-02 5.270728894164029843e-03 3.467653661910591465e-08 5.612288406363086508e-07
7.181818181818181301e+01 3.263667781221427089e-02 5.266766064739118562e-03 3.258884248404989243e-08 5.369145116075052781e-07
7.272727272727271952e+01 3.108813248608447918e-02 5.262845774003460653e-03 3.064098778493284787e-08 5.139116850672201097e-07
7.363636363636364024e+01 2.961442106992228859e-02 5.258975474298513593e-03 2.882388673862777538e-08 4.921502963223731543e-07
7.454545454545454675e+01 2.821181465408239761e-02 5.255164317438501369e-03 2.712828302161214227e-08 4.715595214261856645e-07
7.545454545454545325e+01 2.687665140595657878e-02 5.251423154710411004e-03 2.554474976996767039e-08 4.520677771781771725e-07
7.636363636363635976e+01 2.560533656997374466e-02 5.247764536873991692e-03 2.406368957938047507e-08 4.336027211241679779e-07
7.727272727272726627e+01 2.439434246759991307e-02 5.244202714161759135e-03 2.267533450514101219e-08 4.160912515562779303e-07
7.818181818181817277e+01 2.324020849733822447e-02 5.240753636278991205e-03 2.136974606214409142e-08 3.994595075129266410e-07
7.909090909090909349e+01 2.213954113472894197e-02 5.237434952403728812e-03 2.013681522488886299e-08 3.836328687788339067e-07
8.000000000000000000e+01 2.108901393234947214e-02 5.234266011186779373e-03 1.896626242747887063e-08 3.685359558850192326e-07
8.090909090909090651e+01 2.008542148707931005e-02 5.231266391998889119e-03 1.784802224750782729e-08 3.540948181114067200e-07
8.181818181818181301e+01 1.912818197606967405e-02 5.228388073632983871e-03 1.679005127043975611e-08 3.403388560849358266e-07
8.272727272727271952e+01 1.821631287377198372e-02 5.225597669093298356e-03 1.579681996617478610e-08 3.272797452446474454e-07
8.363636363636364024e+01 1.734773337848745725e-02 5.222893921677321423e-03 1.486456192482858915e-08 3.148829950245596505e-07
8.454545454545454675e+01 1.652043674673975976e-02 5.220275573282853396e-03 1.398966125121414919e-08 3.031153445829417081e-07
8.545454545454545325e+01 1.573249029327489570e-02 5.217741364408007808e-03 1.316865256484168111e-08 2.919447628023128584e-07
8.636363636363635976e+01 1.498203539106128523e-02 5.215290034151214005e-03 1.239822099991867215e-08 2.813404482894431626e-07
8.727272727272726627e+01 1.426728747128972602e-02 5.212920320211211073e-03 1.167520220534988847e-08 2.712728293753532389e-07
8.818181818181817277e+01 1.358653602337341407e-02 5.210630958887054777e-03 1.099658234473736198e-08 2.617135641153143674e-07
8.909090909090909349e+01 1.293814459494792984e-02 5.208420685078113226e-03 1.035949809638038034e-08 2.526355402888480673e-07
9.000000000000000000e+01 1.232055079187126603e-02 5.206288232284067737e-03 9.761236653275539954e-09 2.440128753997269966e-07
