1.000000000000000000e+00 5.000000000000000278e-02
1.074999999999999734e+00 4.500000000000001221e-02
1.187500000000000000e+00 4.250000000000000999e-02
1.293749999999999734e+00 3.125000000000002776e-02
1.571875000000000355e+00 2.062500000000003220e-02
1.923437500000000355e+00 -7.187499999999930056e-03
2.655468750000001599e+00 -4.234374999999990230e-02
3.724609375000001776e+00 -1.155468749999998129e-01
4.456640625000003020e+00 -1.507031249999997990e-01
4.456640625000003020e+00 -1.507031249999997990e-01
4.456640625000003020e+00 -1.507031249999997990e-01
4.456640625000003020e+00 -1.507031249999997990e-01
4.456640625000003020e+00 -1.507031249999997990e-01
4.456640625000003020e+00 -1.507031249999997990e-01
4.456640625000003020e+00 -1.507031249999997990e-01
4.456640625000003020e+00 -1.507031249999997990e-01
4.495176315307620740e+00 -1.561183929443357155e-01
4.495176315307620740e+00 -1.561183929443357155e-01
4.476844143867495518e+00 -1.527313089370725407e-01
4.476844143867495518e+00 -1.527313089370725407e-01
4.485074555873874047e+00 -1.551043009757993307e-01
4.485074555873874047e+00 -1.551043009757993307e-01
4.485074555873874047e+00 -1.551043009757993307e-01
4.478152328729634313e+00 -1.559561550617215575e-01
4.481050279736523478e+00 -1.601139742135998523e-01
4.481050279736523478e+00 -1.601139742135998523e-01
4.481050279736523478e+00 -1.601139742135998523e-01
4.486725187860431063e+00 -1.642122117802496950e-01
4.486805850453677635e+00 -1.670238122716541929e-01
4.486805850453677635e+00 -1.670238122716541929e-01
4.486805850453677635e+00 -1.670238122716541929e-01
4.484763463912537773e+00 -1.684742987062777808e-01
4.486680552945479405e+00 -1.747631613211700907e-01
4.483554324379671385e+00 -1.808085654978633938e-01
4.485825388162650640e+00 -1.964089928159946652e-01
4.480708462922525115e+00 -2.163000148284468516e-01
4.482692127868421750e+00 -2.574463804709354875e-01
4.477575202628296225e+00 -2.773374024833876739e-01
4.478984069900025844e+00 -3.695756447745910389e-01
4.478984069900025844e+00 -3.695756447745910389e-01
4.475276011931629938e+00 -4.817049090782465903e-01
4.475276011931629938e+00 -4.817049090782465903e-01
4.478409272225858828e+00 -4.206675214233057680e-01
4.478409272225858828e+00 -4.206675214233057680e-01
4.476894771428591824e+00 -4.601443476845210601e-01
4.478134905726237847e+00 -4.484529928560993528e-01
4.478134905726237847e+00 -4.484529928560993528e-01
4.477471625996264137e+00 -4.515561960179873546e-01
4.477882660631443912e+00 -4.437438451419256635e-01
4.477906024520045491e+00 -4.480515067180279587e-01
4.477682984286004420e+00 -4.487269359739820551e-01
4.477838582517234656e+00 -4.460665332439653352e-01
4.477833403960832293e+00 -4.477241206635008131e-01
4.477759488762519169e+00 -4.478111314638575369e-01
4.477759488762519169e+00 -4.478111314638575369e-01
4.477759488762519169e+00 -4.478111314638575369e-01
4.477759488762519169e+00 -4.478111314638575369e-01
4.477786213866800757e+00 -4.477280623506189050e-01
4.477786213866800757e+00 -4.477280623506189050e-01
4.477786213866800757e+00 -4.477280623506189050e-01
4.477782192423048535e+00 -4.476513506565121814e-01
4.477776127041650511e+00 -4.477727967500304551e-01
4.477776127041650511e+00 -4.477727967500304551e-01
4.477776127041650511e+00 -4.477727967500304551e-01
4.477776127041650511e+00 -4.477727967500304551e-01
