-1.703380110334631085e-06
4.593547921539315685e-05
9.057275059548528808e-05
1.324832176113296977e-04
1.718453731922482144e-04
2.084794563552958588e-04
2.425929345483414888e-04
2.741781718620972834e-04
3.035667164857236292e-04
3.307677291530433227e-04
3.559142282591480546e-04
3.790333614543351867e-04
4.003191654235449797e-04
4.198724602348511597e-04
4.378219866137538245e-04
4.542658567711511247e-04
4.692748423609299172e-04
4.829458039309455553e-04
4.953768593967259378e-04
5.066704508059852868e-04
5.168791998859639369e-04
5.260898560486217297e-04
5.343491504387364900e-04
5.417584467348172559e-04
5.483733562141254736e-04
5.542593603286205452e-04
5.594660521273476855e-04
5.640441242836526873e-04
5.680478368473508739e-04
5.715242680163787423e-04
5.745194846401927838e-04
5.770673845725197808e-04
5.792091101922273218e-04
5.809785295090555326e-04
5.824109436060977748e-04
5.835381387991800308e-04
5.843861494648308098e-04
5.849807320365620371e-04
5.853473881592813604e-04
5.855087630135281116e-04
5.854859107000034285e-04
5.852970659411169639e-04
5.849597286115074124e-04
5.844912601476230868e-04
5.839063354902780580e-04
5.832193149596538988e-04
5.824425361131259707e-04
5.815875341021216338e-04
5.806641546263664484e-04
5.796831963084095232e-04
5.786537067605692763e-04
5.775834033852566239e-04
5.764796710951440497e-04
5.753488678805487259e-04
5.741973915139658106e-04
5.730308467866197537e-04
5.718543675937140438e-04
5.706723787258112784e-04
5.694885134528040842e-04
5.683062598707766750e-04
5.671291524156326161e-04
5.659603655583866303e-04
5.648023539318064879e-04
5.636571757739468986e-04
5.625266187399960210e-04
5.614122869653777412e-04
5.603159504476388098e-04
5.592391232044968468e-04
5.581828725074321380e-04
5.571478156474950986e-04
5.561345066790166804e-04
5.551436404669587857e-04
5.541759876400193137e-04
5.532320286426837836e-04
5.523119453539615531e-04
5.514155894587966390e-04
5.505429024075367186e-04
5.496940054665671802e-04
5.488691439611745847e-04
5.480682363952797329e-04
5.472909300484706105e-04
5.465366977588617843e-04
5.458052213399055067e-04
5.450963648768057581e-04
5.444100534263255926e-04
5.437458957551540711e-04
5.431032771091456011e-04
5.424815111401879407e-04
5.418802180185643656e-04
5.412991729176720116e-04
5.407381367682254601e-04
5.401965421899299459e-04
5.396736716870634536e-04
5.391688428971877283e-04
5.386816999596491084e-04
5.382120119890893440e-04
5.377594504219727900e-04
5.373233716451113109e-04
5.369030419981436026e-04
5.364978766550972935e-04
