3.969208938398711695e-01
3.933255094573889776e-01
3.777239142442196940e-01
3.642085189031415426e-01
3.540709559652176486e-01
3.454161459143273438e-01
3.338465329449405439e-01
3.239541832556842582e-01
3.158430097913692558e-01
3.055495775771878142e-01
2.957953235022071636e-01
2.878394245065108992e-01
2.808971152793863224e-01
2.722326665959223235e-01
2.638936596006407065e-01
2.565205022751071984e-01
2.497833898234788630e-01
2.426904682178463446e-01
2.362077415242185285e-01
2.299801968919857331e-01
2.239037396485118736e-01
2.180080168288705544e-01
2.125570934593972172e-01
2.073758826382749998e-01
2.020892963947329146e-01
1.971679149601392733e-01
1.925089458897139560e-01
1.881099681233577570e-01
1.837541884982870632e-01
1.796515021729674644e-01
1.757390539774676130e-01
1.719592915199144589e-01
1.683705158314730832e-01
1.649452483914728707e-01
1.616684449003808755e-01
1.584834963640047722e-01
1.554584818882623620e-01
1.525905209209362234e-01
1.498334282157404718e-01
1.471851927390296633e-01
1.446664218295549420e-01
1.422620149567564440e-01
1.399553772309888311e-01
1.377434589302093670e-01
1.356406399326096079e-01
1.336278999429937886e-01
1.316973077023398386e-01
1.298524812628166769e-01
1.280919149287799708e-01
1.264111657894088081e-01
1.247988364169616837e-01
1.232592798936566203e-01
1.217891871073406018e-01
1.203832541952475493e-01
1.190388247977570008e-01
1.177526018174603339e-01
1.165240319012482567e-01
1.153497629533919155e-01
1.142273020348060497e-01
1.131542085126744090e-01
1.121283731184905264e-01
1.111483913850173644e-01
1.102108214074216525e-01
1.093146342913377256e-01
1.084583389864061387e-01
1.076404170382776471e-01
1.068582203677242715e-01
1.061099959192614295e-01
1.053949416055741384e-01
1.047115859112402875e-01
1.040585351385231727e-01
1.034343662265278935e-01
1.028377902803776500e-01
1.022673041828706386e-01
1.017218550621929174e-01
1.012006674327089739e-01
1.007027546230332971e-01
1.002267946608277477e-01
9.977164641979441306e-02
9.933639838582847270e-02
9.892034920790844510e-02
9.852284756418497325e-02
9.814309994123041059e-02
9.778013554680783925e-02
9.743291798609357568e-02
9.710088955229934093e-02
9.678354848039483205e-02
9.648043776387915660e-02
9.619080035422508668e-02
9.591387990803537655e-02
9.564895383136191864e-02
9.539559681539794278e-02
9.515353213176139247e-02
9.492238406752896707e-02
9.470151019246245139e-02
9.449021687841353823e-02
9.428802467660261921e-02
9.409470663768970677e-02
9.391007690870303848e-02
9.373378306118940184e-02
