0.000000000000000000e+00
9.090909090909090606e-01
1.818181818181818121e+00
2.727272727272727071e+00
3.636363636363636243e+00
4.545454545454544970e+00
5.454545454545454142e+00
6.363636363636363313e+00
7.272727272727272485e+00
8.181818181818181657e+00
9.090909090909089940e+00
1.000000000000000000e+01
1.090909090909090828e+01
1.181818181818181834e+01
1.272727272727272663e+01
1.363636363636363669e+01
1.454545454545454497e+01
1.545454545454545325e+01
1.636363636363636331e+01
1.727272727272727337e+01
1.818181818181817988e+01
1.909090909090908994e+01
2.000000000000000000e+01
2.090909090909091006e+01
2.181818181818181657e+01
2.272727272727272663e+01
2.363636363636363669e+01
2.454545454545454319e+01
2.545454545454545325e+01
2.636363636363636331e+01
2.727272727272727337e+01
2.818181818181817988e+01
2.909090909090908994e+01
3.000000000000000000e+01
3.090909090909090651e+01
3.181818181818181657e+01
3.272727272727272663e+01
3.363636363636363313e+01
3.454545454545454675e+01
3.545454545454545325e+01
3.636363636363635976e+01
3.727272727272727337e+01
3.818181818181817988e+01
3.909090909090908639e+01
4.000000000000000000e+01
4.090909090909090651e+01
4.181818181818182012e+01
4.272727272727272663e+01
4.363636363636363313e+01
4.454545454545454675e+01
4.545454545454545325e+01
4.636363636363635976e+01
4.727272727272727337e+01
4.818181818181817988e+01
4.909090909090908639e+01
5.000000000000000000e+01
5.090909090909090651e+01
5.181818181818181301e+01
5.272727272727272663e+01
5.363636363636363313e+01
5.454545454545454675e+01
5.545454545454545325e+01
5.636363636363635976e+01
5.727272727272727337e+01
5.818181818181817988e+01
5.909090909090908639e+01
6.000000000000000000e+01
6.090909090909090651e+01
6.181818181818181301e+01
6.272727272727272663e+01
6.363636363636363313e+01
6.454545454545454675e+01
6.545454545454545325e+01
6.636363636363635976e+01
6.727272727272726627e+01
6.818181818181817277e+01
6.909090909090909349e+01
7.000000000000000000e+01
7.090909090909090651e+01
7.181818181818181301e+01
7.272727272727271952e+01
7.363636363636364024e+01
7.454545454545454675e+01
7.545454545454545325e+01
7.636363636363635976e+01
7.727272727272726627e+01
7.818181818181817277e+01
7.909090909090909349e+01
8.000000000000000000e+01
8.090909090909090651e+01
8.181818181818181301e+01
8.272727272727271952e+01
8.363636363636364024e+01
8.454545454545454675e+01
8.545454545454545325e+01
8.636363636363635976e+01
8.727272727272726627e+01
8.818181818181817277e+01
8.909090909090909349e+01
9.000000000000000000e+01
