1.000000000000000000e+00 1.000000000000000000e+00
1.074999999999999734e+00 8.999999999999999112e-01
1.187500000000000000e+00 8.499999999999996447e-01
1.293749999999999734e+00 6.249999999999991118e-01
1.571875000000000355e+00 4.124999999999983125e-01
1.678125000000000089e+00 1.874999999999977796e-01
1.956250000000000711e+00 -2.500000000000301981e-02
1.956250000000000711e+00 -2.500000000000301981e-02
1.956250000000000711e+00 -2.500000000000301981e-02
1.956250000000000711e+00 -2.500000000000301981e-02
1.956250000000000711e+00 -2.500000000000301981e-02
1.956250000000000711e+00 -2.500000000000301981e-02
1.917663574218750666e+00 2.583007812499713007e-02
1.905313110351563477e+00 9.704589843747120359e-03
1.933869171142578836e+00 -3.616333007815447295e-03
1.933869171142578836e+00 -3.616333007815447295e-03
1.933869171142578836e+00 -3.616333007815447295e-03
1.926959931850433794e+00 7.130289077755870911e-03
1.924113261699677446e+00 2.506732940644566809e-04
1.924113261699677446e+00 2.506732940644566809e-04
1.927619740366936618e+00 1.863777637478761023e-03
1.926413216441870357e+00 4.093757271763739936e-03
1.926413216441870357e+00 4.093757271763739936e-03
1.926804391806945960e+00 2.359008230266029012e-03
1.926086837088224257e+00 2.420551562678869163e-03
1.926086837088224257e+00 2.420551562678869163e-03
1.926531259036710964e+00 2.595084151832255208e-03
1.926369231753597644e+00 2.874793220686828674e-03
1.926369231753597644e+00 2.874793220686828674e-03
1.926369231753597644e+00 2.874793220686828674e-03
1.926253207048888250e+00 2.721934415737254590e-03
1.926208866679909537e+00 2.827909005767909999e-03
1.926208866679909537e+00 2.827909005767909999e-03
1.926253853771671132e+00 2.774158825740531166e-03
1.926253853771671132e+00 2.774158825740531166e-03
