5.053870650846352675e-01 -4.982269485761208622e-02 3.424953265344658250e-03 -1.895984349430739578e-04 8.966064741750360558e-06 -3.741343982650243220e-07 1.406153953743742614e-08 -4.828257415991941958e-10 1.530497489331849461e-11 -4.515641364097597583e-13 1.443203633452438155e-14 -4.302593124649668723e-14 9.590311729243252308e-13 -2.266410157819744326e-11 5.691511463384050909e-10 -1.521777365925586236e-08 4.324880378262876841e-07 -1.302933492667329948e-05 4.149749040225484721e-04 -1.393797549856574426e-02
-4.982269485761259276e-02 2.611172061549171253e-01 -3.527522569799832614e-02 2.896303264399889815e-03 -1.808650862716987392e-04 9.349521448073258077e-06 -4.180538546109887065e-07 1.660702210432551917e-08 -5.966922309015429520e-10 1.964178162097423764e-11 -5.981710222618409786e-13 1.902304849953858660e-14 -5.432349962743834633e-14 1.450524822612444864e-12 -4.044692599740551177e-11 1.175740082384951606e-09 -3.574996906852301912e-08 1.138630303394514396e-06 -3.799553101948859214e-05 1.327838551097712408e-03
3.424953265344746287e-03 -3.527522569799829144e-02 1.283235345567190211e-01 -2.057821196756279974e-02 1.902973872302453221e-03 -1.298198080348536392e-04 7.188872204061962444e-06 -3.396923241250888787e-07 1.411901079781779236e-08 -5.267760380597197159e-10 1.789899208297078815e-11 -5.599674216753637276e-13 1.857833309692979292e-14 -6.913891360876285873e-14 2.078662245296225367e-12 -6.476517326498405069e-11 2.088612758675787421e-09 -6.993990528830184057e-08 2.436353575496554775e-06 -8.836823606875456949e-05
-1.895984349430801378e-04 2.896303264399882008e-03 -2.057821196756277893e-02 5.998551299091486183e-02 -1.076808629322872392e-02 1.086122507722160884e-03 -7.932315931769392441e-05 4.640543881652341701e-06 -2.293929705727340511e-07 9.899640819490023592e-09 -3.812307925862357503e-10 1.330641113605075402e-11 -4.259747953791043900e-13 1.533784293233086884e-14 -8.868532003112551873e-14 2.923638510684073397e-12 -9.937488935488463893e-11 3.483516482231223767e-09 -1.262897522827214147e-07 4.743598625003332420e-06
8.966064741749959065e-06 -1.808650862716941856e-04 1.902973872302439777e-03 -1.076808629322871351e-02 2.667259717194519000e-02 -5.190737808854910089e-03 5.596244360084478729e-04 -4.315116109512874001e-05 2.640056862041872164e-06 -1.354789613245921136e-07 6.034139238127080633e-09 -2.386870462942967928e-10 8.524135582412041076e-12 -2.783330007418066286e-13 1.165544902192891152e-14 -1.146240772657251197e-13 4.078229616776629446e-12 -1.491207136845093430e-10 5.611524765539878146e-09 -2.178474280029151657e-07
-3.741343982648919731e-07 9.349521448072494053e-06 -1.298198080348513081e-04 1.086122507722156764e-03 -5.190737808854912691e-03 1.128164892488878537e-02 -2.332566624595980732e-03 2.650857230833590585e-04 -2.136273917224015316e-05 1.356404660761806411e-06 -7.182534991130840631e-08 3.285663974526947433e-09 -1.329718119213034516e-10 4.842794655544743981e-12 -1.608705080440861009e-13 8.910980429725834761e-15 -1.490692113826161050e-13 5.663292430092545096e-12 -2.207028408081340639e-10 8.839897017516588743e-09
1.406153953741128393e-08 -4.180538546109155969e-07 7.188872204061566879e-06 -7.932315931769405993e-05 5.596244360084484150e-04 -2.332566624595978997e-03 4.539181592579981384e-03 -9.833437385008371098e-04 1.166104888108570220e-04 -9.746296441621248139e-06 6.383581026267435572e-07 -3.471199946817142501e-08 1.624442709375790177e-09 -6.703936577686475117e-11 2.482971938466377357e-12 -8.375401182517840800e-14 7.522805418873136353e-15 -1.947414141106402502e-13 7.840591350221371978e-12 -3.234936482207483700e-10
-4.828257414310897954e-10 1.660702210431241663e-08 -3.396923241250800908e-07 4.640543881652380664e-06 -4.315116109512914658e-05 2.650857230833591127e-04 -9.833437385008381940e-04 1.737358656077772233e-03 -3.903800536196989175e-04 4.793479585932531998e-05 -4.130111973818705392e-06 2.776988239609814546e-07 -1.544516292042497296e-08 7.369910502371913309e-10 -3.092906430288917663e-11 1.162203873628786829e-12 -3.978311343503541104e-14 7.379672015892287569e-15 -2.551716727480441202e-13 1.082777746121750885e-11
1.530497089558286369e-11 -5.966922307915511949e-10 1.411901079781415442e-08 -2.293929705727467301e-07 2.640056862041903080e-06 -2.136273917224003457e-05 1.166104888108567781e-04 -3.903800536196980501e-04 6.325829884689551479e-04 -1.462996960169345064e-04 1.848880924646610931e-05 -1.634256377352780763e-06 1.123554762209117865e-07 -6.370599887006478475e-09 3.090895856876494881e-10 -1.315937746426545886e-11 5.006526512406794436e-13 -1.743517870296096069e-14 8.227347770343117688e-15 -3.349528335355703309e-13
-4.514741466008534069e-13 1.964177863980910291e-11 -5.267760379697615496e-10 9.899640819489552099e-09 -1.354789613245937548e-07 1.356404660761770412e-06 -9.746296441621148189e-06 4.793479585932507604e-05 -1.462996960169344251e-04 2.191142931877879476e-04 -5.184416576189796897e-05 6.710456180642210458e-06 -6.060856104411383652e-07 4.246509327916459262e-08 -2.447788587631842298e-09 1.204699920194608913e-10 -5.192618276226909540e-12 1.996664685536186212e-13 -7.160297362365381769e-15 9.871798959826841270e-15
1.247217831502936709e-14 -5.980923992500495023e-13 1.789898938594364463e-11 -3.812307925036491591e-10 6.034139238124284762e-09 -7.182534991130100801e-08 6.383581026267325458e-07 -4.130111973818683370e-06 1.848880924646616690e-05 -5.184416576189800963e-05 7.220347272548452997e-05 -1.739310501123602577e-05 2.296564426074450047e-06 -2.112463003963805961e-07 1.504170148985254771e-08 -8.793459177411159413e-10 4.381017518797363994e-11 -1.908384407507787001e-12 7.405273629164120485e-14 -2.853302386026015768e-15
-3.243363812715976522e-16 1.697350510879320145e-14 -5.598882113758533973e-13 1.330640846846744044e-11 -2.386870462132316452e-10 3.285663974524190440e-09 -3.471199946817131251e-08 2.776988239609857956e-07 -1.634256377352786268e-06 6.710456180642226552e-06 -1.739310501123601560e-05 2.263542177783342267e-05 -5.529177145910760248e-06 7.422683193998181119e-07 -6.933954162450053088e-08 5.005658061798047773e-09 -2.961779666758624797e-10 1.491091009011595301e-11 -6.553915559350361254e-13 2.559869305084810405e-14
7.973458503859972888e-18 -4.516486749902212749e-16 1.625834508236233204e-14 -4.258896466429971578e-13 8.524132801502290401e-12 -1.329718118386015979e-10 1.624442709373860571e-09 -1.544516292042689533e-08 1.123554762209148967e-07 -6.060856104411459885e-07 2.296564426074451741e-06 -5.529177145910751778e-06 6.751046957394270343e-06 -1.666648479369971550e-06 2.268377718336482906e-07 -2.146854316234285591e-08 1.568050908781524596e-09 -9.373564528619254053e-11 4.761165236628371429e-12 -2.105223812530900951e-13
-1.859772123920077970e-19 1.132386691515957910e-17 -4.412121572092005091e-16 1.261275999979966036e-14 -2.782378708043969224e-13 4.842791654380713335e-12 -6.703936568996199612e-11 7.369910502351958611e-10 -6.370599887007102997e-09 4.246509327916553891e-08 -2.112463003963820254e-07 7.422683193998138768e-07 -1.666648479369971974e-06 1.915642963362459395e-06 -4.766036501898082498e-07 6.560661681993002025e-08 -6.277715930329950740e-09 4.630819657856465642e-10 -2.792374439498547809e-11 1.425962283608506616e-12
4.128322467052865650e-21 -2.686206384645252232e-19 1.125056440477337579e-17 -3.481074385313810230e-16 8.380262166675547490e-15 -1.607614734288430338e-13 2.482968620126149529e-12 -3.092906420947169571e-11 3.090895856852829243e-10 -2.447788587631890274e-09 1.504170148985281241e-08 -6.933954162449952503e-08 2.268377718336486083e-07 -4.766036501898080910e-07 5.171633698104957562e-07 -1.293551862796624816e-07 1.797142184226484109e-08 -1.735476799864936814e-09 1.290881535749179555e-10 -7.818314632369448082e-12
-8.744774892114714071e-23 6.049913579403846217e-21 -2.707806857877821492e-19 9.006174359872471129e-18 -2.346715319312983852e-16 4.912690356741608153e-15 -8.362677730505258678e-14 1.162200139439846492e-12 -1.315937736224551767e-11 1.204699920168596668e-10 -8.793459177410902987e-10 5.005658061797903016e-09 -2.146854316234293201e-08 6.560661681992991437e-08 -1.293551862796621640e-07 1.328371416902601145e-07 -3.333284072980412342e-08 4.665345848942190829e-09 -4.539457776116528154e-10 3.385924411835014863e-11
1.771743575050350447e-24 -1.297555348333305556e-22 6.174947343520249749e-21 -2.194788195847715942e-19 6.147492926336435392e-18 -1.392939928339145535e-16 2.587554465342462657e-15 -3.963270137796080110e-14 5.006483937956604042e-13 -5.192618163470573554e-12 4.381017518516350061e-11 -2.961779666757709211e-10 1.568050908781520046e-09 -6.277715930329938332e-09 1.797142184226474513e-08 -3.333284072980411680e-08 3.246374946817868273e-08 -8.157278706598506786e-09 1.148269778514839457e-09 -1.116970084900951338e-10
-3.440553562364982323e-26 2.657059372271023219e-24 -1.338560960155853760e-22 5.058721015133991801e-21 -1.514210339587404996e-19 3.688143657570282719e-18 -7.415493889895980864e-17 1.239458581186812131e-15 -1.725566311961327698e-14 1.996615665258518145e-13 -1.908384281722881789e-12 1.491091008706505888e-11 -9.373564528612185536e-11 4.630819657856478050e-10 -1.735476799864924199e-09 4.665345848942193310e-09 -8.157278706598493551e-09 7.548680092224948159e-09 -1.895897374114256271e-09 2.650126134348862526e-10
6.415508343987431393e-28 -5.206776587421100970e-26 2.766046847125394581e-24 -1.106616013479833242e-22 3.522007356684339560e-21 -9.167597021358821127e-20 1.981422577553220179e-18 -3.584627611156145440e-17 5.445879702527165321e-16 -6.944532918342586205e-15 7.404704986607000867e-14 -6.553914145939542092e-13 4.761165233301462315e-12 -2.792374439491248586e-11 1.290881535749165079e-10 -4.539457776116541596e-10 1.148269778514834700e-09 -1.895897374114252548e-09 1.668036996363002689e-09 -4.080891621412336488e-10
-1.150253447013998894e-29 9.780545782285486479e-28 -5.460223951304943779e-26 2.303512317731880075e-24 -7.760754805814426463e-23 2.147818094813269777e-21 -4.960629672566836234e-20 9.646252649823369858e-19 -1.586030430205945345e-17 2.206726226026426520e-16 -2.592623849663598558e-15 2.559205939037950331e-14 -2.105222215359240720e-13 1.425962279957444484e-12 -7.818314632290009663e-12 3.385924411834872045e-11 -1.116970084900940222e-10 2.650126134348858390e-10 -4.080891621412333386e-10 3.202631471051121944e-10
