6.528365337465718010e-01 -9.214570454522730270e-01 -8.689107594560749881e-01 2.046937626399576438e-01
6.773179037620682408e-01 -9.560116846567336957e-01 -9.014949129356777391e-01 1.842243863759618350e-01
6.773179037620682408e-01 -9.560116846567336957e-01 -9.014949129356777391e-01 1.842243863759618350e-01
6.773179037620682408e-01 -9.560116846567336957e-01 -9.014949129356777391e-01 1.842243863759618350e-01
6.594669047924355265e-01 -1.057515937319836397e+00 -9.157504800830036373e-01 1.701516901944647442e-01
7.297233364514905674e-01 -1.032859762470820897e+00 -9.508802705532004573e-01 1.442451358603450418e-01
7.297233364514905674e-01 -1.032859762470820897e+00 -9.508802705532004573e-01 1.442451358603450418e-01
6.832948007385084566e-01 -1.110225260012578374e+00 -1.035204495866625329e+00 1.074242461354620315e-01
7.244995284940829450e-01 -1.277717400336152664e+00 -1.054026299365828923e+00 6.005882908708504164e-02
7.244995284940829450e-01 -1.277717400336152664e+00 -1.054026299365828923e+00 6.005882908708504164e-02
7.486332423354502552e-01 -1.247553798657552226e+00 -1.141568368937677214e+00 3.657851551863186557e-02
7.486332423354502552e-01 -1.247553798657552226e+00 -1.141568368937677214e+00 3.657851551863186557e-02
7.684773496686951866e-01 -1.349428980103009046e+00 -1.150101970595500678e+00 7.129112445457830294e-04
7.684773496686951866e-01 -1.349428980103009046e+00 -1.150101970595500678e+00 7.129112445457830294e-04
7.684773496686951866e-01 -1.349428980103009046e+00 -1.150101970595500678e+00 7.129112445457830294e-04
7.684773496686951866e-01 -1.349428980103009046e+00 -1.150101970595500678e+00 7.129112445457830294e-04
7.477865710175164438e-01 -1.417476803741785973e+00 -1.134001511682970254e+00 -2.039754800376991639e-03
7.692282303962362233e-01 -1.305443503613931355e+00 -1.082792061086891300e+00 3.085193740177388788e-02
7.692282303962362233e-01 -1.305443503613931355e+00 -1.082792061086891300e+00 3.085193740177388788e-02
7.692282303962362233e-01 -1.305443503613931355e+00 -1.082792061086891300e+00 3.085193740177388788e-02
7.271082553467387299e-01 -1.393267890696689548e+00 -1.038665049723122458e+00 3.404766370181034479e-02
7.271082553467387299e-01 -1.393267890696689548e+00 -1.038665049723122458e+00 3.404766370181034479e-02
7.271082553467387299e-01 -1.393267890696689548e+00 -1.038665049723122458e+00 3.404766370181034479e-02
7.525464368466976417e-01 -1.422068527913019409e+00 -1.021342441462172790e+00 2.357581135320066523e-02
7.525464368466976417e-01 -1.422068527913019409e+00 -1.021342441462172790e+00 2.357581135320066523e-02
7.162844899711022784e-01 -1.481016409740381512e+00 -9.403882657434969872e-01 3.873821359945037873e-02
7.069961247065686960e-01 -1.514280670268312257e+00 -9.241862453597535776e-01 4.129082490494375562e-02
7.180657877534306621e-01 -1.639527633637548831e+00 -8.781060476603292919e-01 1.571476863198478791e-02
7.180657877534306621e-01 -1.639527633637548831e+00 -8.781060476603292919e-01 1.571476863198478791e-02
7.180657877534306621e-01 -1.639527633637548831e+00 -8.781060476603292919e-01 1.571476863198478791e-02
6.920192350677494275e-01 -1.812274914873828635e+00 -6.642063553210073579e-01 4.145743455181170878e-02
6.993632983677022796e-01 -1.969242077272104652e+00 -5.016254785594345122e-01 3.647716917597590425e-02
6.402860701629580209e-01 -2.227650535280847777e+00 -4.510130393906313095e-01 4.742568800174470911e-03
6.402860701629580209e-01 -2.227650535280847777e+00 -4.510130393906313095e-01 4.742568800174470911e-03
6.445394613907933223e-01 -2.443459420388513159e+00 -1.722184694475323852e-01 2.519429071742758375e-02
6.468461272379966154e-01 -2.586304391909576061e+00 -1.401242188501168329e-01 -8.679947119591399640e-03
6.468461272379966154e-01 -2.586304391909576061e+00 -1.401242188501168329e-01 -8.679947119591399640e-03
5.789156738924310375e-01 -2.840834786579142790e+00 4.114906422199449132e-02 -1.651609917626955387e-03
5.789156738924310375e-01 -2.840834786579142790e+00 4.114906422199449132e-02 -1.651609917626955387e-03
5.789156738924310375e-01 -2.840834786579142790e+00 4.114906422199449132e-02 -1.651609917626955387e-03
5.789156738924310375e-01 -2.840834786579142790e+00 4.114906422199449132e-02 -1.651609917626955387e-03
5.789156738924310375e-01 -2.840834786579142790e+00 4.114906422199449132e-02 -1.651609917626955387e-03
5.789156738924310375e-01 -2.840834786579142790e+00 4.114906422199449132e-02 -1.651609917626955387e-03
5.789156738924310375e-01 -2.840834786579142790e+00 4.114906422199449132e-02 -1.651609917626955387e-03
5.789156738924310375e-01 -2.840834786579142790e+00 4.114906422199449132e-02 -1.651609917626955387e-03
5.789156738924310375e-01 -2.840834786579142790e+00 4.114906422199449132e-02 -1.651609917626955387e-03
6.088788327758123398e-01 -2.781678728153074154e+00 2.043000316410601910e-02 -1.355902658039100182e-03
6.088788327758123398e-01 -2.781678728153074154e+00 2.043000316410601910e-02 -1.355902658039100182e-03
6.154890679695261824e-01 -2.731660185648376427e+00 -1.647840281429086701e-02 -1.145502815717839695e-03
6.154890679695261824e-01 -2.731660185648376427e+00 -1.647840281429086701e-02 -1.145502815717839695e-03
6.154890679695261824e-01 -2.731660185648376427e+00 -1.647840281429086701e-02 -1.145502815717839695e-03
6.154890679695261824e-01 -2.731660185648376427e+00 -1.647840281429086701e-02 -1.145502815717839695e-03
6.154890679695261824e-01 -2.731660185648376427e+00 -1.647840281429086701e-02 -1.145502815717839695e-03
6.154890679695261824e-01 -2.731660185648376427e+00 -1.647840281429086701e-02 -1.145502815717839695e-03
6.145379661604929433e-01 -2.752804912990304054e+00 3.348046051230398751e-03 -4.571658089098728324e-04
6.145379661604929433e-01 -2.752804912990304054e+00 3.348046051230398751e-03 -4.571658089098728324e-04
6.145379661604929433e-01 -2.752804912990304054e+00 3.348046051230398751e-03 -4.571658089098728324e-04
6.145379661604929433e-01 -2.752804912990304054e+00 3.348046051230398751e-03 -4.571658089098728324e-04
6.145379661604929433e-01 -2.752804912990304054e+00 3.348046051230398751e-03 -4.571658089098728324e-04
6.141373927733215776e-01 -2.740044046037451331e+00 -8.714661913895076217e-03 -6.056755038826833713e-04
6.152908783476680465e-01 -2.742485498405873745e+00 -2.265706299972013518e-03 1.711412805759573313e-04
6.152908783476680465e-01 -2.742485498405873745e+00 -2.265706299972013518e-03 1.711412805759573313e-04
6.131068209707759564e-01 -2.744317687191415889e+00 -4.490926882218457261e-03 7.613658198983770144e-06
6.137696153574143665e-01 -2.749035112303844564e+00 -3.899150166202366638e-04 -3.477295187417000035e-04
6.135233564868401990e-01 -2.743778562110717800e+00 -5.380675637023619312e-03 -3.897411180854823453e-04
6.135233564868401990e-01 -2.743778562110717800e+00 -5.380675637023619312e-03 -3.897411180854823453e-04
6.135233564868401990e-01 -2.743778562110717800e+00 -5.380675637023619312e-03 -3.897411180854823453e-04
6.135233564868401990e-01 -2.743778562110717800e+00 -5.380675637023619312e-03 -3.897411180854823453e-04
6.126522227518846897e-01 -2.744502374025016955e+00 -5.069333068489063898e-03 -3.205013962296839373e-04
6.132369435756179765e-01 -2.747381507157684588e+00 -2.289298332638698211e-03 -4.195477364068608784e-04
6.150886708967847616e-01 -2.740561636112100352e+00 -5.621792814705468475e-03 -2.555705818346803646e-04
6.150886708967847616e-01 -2.740561636112100352e+00 -5.621792814705468475e-03 -2.555705818346803646e-04
6.150886708967847616e-01 -2.740561636112100352e+00 -5.621792814705468475e-03 -2.555705818346803646e-04
6.154118972931910125e-01 -2.743929450360687916e+00 -2.165944023840877565e-03 -2.187005305108781776e-04
6.154118972931910125e-01 -2.743929450360687916e+00 -2.165944023840877565e-03 -2.187005305108781776e-04
6.159558905466409051e-01 -2.742210862810146921e+00 -2.972404731556474791e-03 -3.565380297218724722e-04
6.159558905466409051e-01 -2.742210862810146921e+00 -2.972404731556474791e-03 -3.565380297218724722e-04
6.192322257142210962e-01 -2.735365764114133569e+00 -5.136195401536822538e-03 -2.606683015695926810e-04
6.192322257142210962e-01 -2.735365764114133569e+00 -5.136195401536822538e-03 -2.606683015695926810e-04
6.215297300534075031e-01 -2.732077682324453249e+00 -5.799452788305311732e-03 -5.620383392299594999e-04
6.237578686523830296e-01 -2.730057918010695417e+00 -3.692909500148344043e-03 -4.071408958262446275e-04
6.302379009765619600e-01 -2.719384703266065628e+00 -6.134312014983083622e-03 -4.693459014865538357e-04
6.302379009765619600e-01 -2.719384703266065628e+00 -6.134312014983083622e-03 -4.693459014865538357e-04
6.399540066022020302e-01 -2.703560569316501017e+00 -8.125987853265820293e-03 -9.347184800990633331e-04
6.491772053354254446e-01 -2.688748898139897037e+00 -8.544374378449223761e-03 -6.114885104301574347e-04
6.491772053354254446e-01 -2.688748898139897037e+00 -8.544374378449223761e-03 -6.114885104301574347e-04
6.491772053354254446e-01 -2.688748898139897037e+00 -8.544374378449223761e-03 -6.114885104301574347e-04
6.641893337131921093e-01 -2.667169777568478395e+00 -9.313803888780312207e-03 -1.135424308478454915e-03
6.799093341634696586e-01 -2.645417488807797923e+00 -7.811060175749326429e-03 -6.882477260339299290e-04
6.799093341634696586e-01 -2.645417488807797923e+00 -7.811060175749326429e-03 -6.882477260339299290e-04
6.799093341634696586e-01 -2.645417488807797923e+00 -7.811060175749326429e-03 -6.882477260339299290e-04
7.323447545793939639e-01 -2.564913948282599776e+00 -1.307968356594486903e-02 -1.451678823382986441e-03
7.534370634735116923e-01 -2.531380317461026763e+00 -1.436523430315610889e-02 -6.409981134647907766e-04
7.694602903580383124e-01 -2.515096978812491280e+00 -6.831209651927051818e-03 -6.795852686508761960e-04
7.694602903580383124e-01 -2.515096978812491280e+00 -6.831209651927051818e-03 -6.795852686508761960e-04
9.216967863712866027e-01 -2.283083562909482112e+00 -1.861622044370599832e-02 -1.433402438986222660e-03
9.588399693833578041e-01 -2.232717854930040602e+00 -1.223137632163576183e-02 1.071670440094627669e-04
1.070707531027506931e+00 -2.075788269674946562e+00 -8.059881361073016615e-03 -9.530705077212381880e-04
1.216971437148427260e+00 -1.855681380790580981e+00 -1.155402875526669385e-02 -2.706317466980756765e-04
1.314647571607250987e+00 -1.708538555340033405e+00 -1.839954378891368522e-02 -5.953835560471606829e-04
1.358886468211984777e+00 -1.653279467458318663e+00 -6.506194669738580433e-03 5.774430557577167698e-04
1.521766534614227062e+00 -1.413925981701899204e+00 -1.002844796586022449e-02 -7.279884213638416557e-04
1.521766534614227062e+00 -1.413925981701899204e+00 -1.002844796586022449e-02 -7.279884213638416557e-04
1.521766534614227062e+00 -1.413925981701899204e+00 -1.002844796586022449e-02 -7.279884213638416557e-04
1.521766534614227062e+00 -1.413925981701899204e+00 -1.002844796586022449e-02 -7.279884213638416557e-04
1.521766534614227062e+00 -1.413925981701899204e+00 -1.002844796586022449e-02 -7.279884213638416557e-04
1.521766534614227062e+00 -1.413925981701899204e+00 -1.002844796586022449e-02 -7.279884213638416557e-04
1.521766534614227062e+00 -1.413925981701899204e+00 -1.002844796586022449e-02 -7.279884213638416557e-04
1.521766534614227062e+00 -1.413925981701899204e+00 -1.002844796586022449e-02 -7.279884213638416557e-04
1.575325188852380709e+00 -1.337108626693574998e+00 -7.065189673397627088e-03 3.315470121995195136e-05
1.522143224798066408e+00 -1.417342305619311960e+00 -6.343380154015833966e-03 -4.374501328505104670e-04
1.522143224798066408e+00 -1.417342305619311960e+00 -6.343380154015833966e-03 -4.374501328505104670e-04
1.504681103643279672e+00 -1.443721111477944907e+00 -4.608266961087610289e-03 -5.535217708711188522e-04
1.522803958463728513e+00 -1.417523701070799724e+00 -3.526483776905914996e-03 2.212972264751604220e-04
1.522803958463728513e+00 -1.417523701070799724e+00 -3.526483776905914996e-03 2.212972264751604220e-04
1.509315019105977429e+00 -1.441840533963330451e+00 -5.062333095348005990e-04 -5.521594680880638440e-04
1.550611395238520096e+00 -1.377886072915401883e+00 -3.258942015017731765e-03 -2.728004877599352692e-04
1.521562513427686225e+00 -1.423143404094426634e+00 3.934171227428055750e-04 -1.411421172714683861e-04
1.521562513427686225e+00 -1.423143404094426634e+00 3.934171227428055750e-04 -1.411421172714683861e-04
1.523510240528528348e+00 -1.417796823125103245e+00 -2.580513379664581015e-03 -5.634683231061542652e-05
1.523510240528528348e+00 -1.417796823125103245e+00 -2.580513379664581015e-03 -5.634683231061542652e-05
1.523510240528528348e+00 -1.417796823125103245e+00 -2.580513379664581015e-03 -5.634683231061542652e-05
1.517710086369571609e+00 -1.426452577574832681e+00 -2.341924176698601066e-03 -2.182843679483310504e-04
1.517710086369571609e+00 -1.426452577574832681e+00 -2.341924176698601066e-03 -2.182843679483310504e-04
1.517710086369571609e+00 -1.426452577574832681e+00 -2.341924176698601066e-03 -2.182843679483310504e-04
1.517710086369571609e+00 -1.426452577574832681e+00 -2.341924176698601066e-03 -2.182843679483310504e-04
1.513714865132826271e+00 -1.433288299232168495e+00 -7.447567721134006231e-04 -1.906416487444733093e-04
1.513714865132826271e+00 -1.433288299232168495e+00 -7.447567721134006231e-04 -1.906416487444733093e-04
1.513714865132826271e+00 -1.433288299232168495e+00 -7.447567721134006231e-04 -1.906416487444733093e-04
1.513714865132826271e+00 -1.433288299232168495e+00 -7.447567721134006231e-04 -1.906416487444733093e-04
1.513714865132826271e+00 -1.433288299232168495e+00 -7.447567721134006231e-04 -1.906416487444733093e-04
1.513575776817166485e+00 -1.432937493413541041e+00 -1.082553800865333673e-03 -1.368878872530900959e-04
1.513575776817166485e+00 -1.432937493413541041e+00 -1.082553800865333673e-03 -1.368878872530900959e-04
1.513575776817166485e+00 -1.432937493413541041e+00 -1.082553800865333673e-03 -1.368878872530900959e-04
1.513575776817166485e+00 -1.432937493413541041e+00 -1.082553800865333673e-03 -1.368878872530900959e-04
1.510755984977462552e+00 -1.436371903169496367e+00 -1.817106520664367279e-03 -2.288500427316628866e-04
1.510755984977462552e+00 -1.436371903169496367e+00 -1.817106520664367279e-03 -2.288500427316628866e-04
1.510755984977462552e+00 -1.436371903169496367e+00 -1.817106520664367279e-03 -2.288500427316628866e-04
1.510755984977462552e+00 -1.436371903169496367e+00 -1.817106520664367279e-03 -2.288500427316628866e-04
1.510755984977462552e+00 -1.436371903169496367e+00 -1.817106520664367279e-03 -2.288500427316628866e-04
1.517151172363746525e+00 -1.426765581750489176e+00 -1.868108470733161053e-03 -2.260261805054451659e-04
1.508767484329081698e+00 -1.439200622240806027e+00 -1.476846434648295195e-03 -2.144070626987843787e-04
1.508767484329081698e+00 -1.439200622240806027e+00 -1.476846434648295195e-03 -2.144070626987843787e-04
1.508767484329081698e+00 -1.439200622240806027e+00 -1.476846434648295195e-03 -2.144070626987843787e-04
1.517130756655934665e+00 -1.426001579467754077e+00 -2.121542116950534893e-03 -1.599574741226332574e-04
1.517130756655934665e+00 -1.426001579467754077e+00 -2.121542116950534893e-03 -1.599574741226332574e-04
1.517351923199517838e+00 -1.426048109597007674e+00 -1.415273567710702545e-03 -2.428808466538779796e-04
1.510342844973942888e+00 -1.436310073937825393e+00 -7.394226847937893782e-04 -1.354148181824397015e-04
1.528291741526918823e+00 -1.409272081729956660e+00 -9.688789445726417315e-04 -9.940887040850280871e-05
1.522284438932475226e+00 -1.416147872990397794e+00 -2.026123220779520000e-03 -1.461581294606346146e-04
1.522284438932475226e+00 -1.416147872990397794e+00 -2.026123220779520000e-03 -1.461581294606346146e-04
1.522284438932475226e+00 -1.416147872990397794e+00 -2.026123220779520000e-03 -1.461581294606346146e-04
1.522284438932475226e+00 -1.416147872990397794e+00 -2.026123220779520000e-03 -1.461581294606346146e-04
1.523217779346210499e+00 -1.411470825474220980e+00 -1.423780257096155487e-03 -9.884457352425066482e-05
1.523217779346210499e+00 -1.411470825474220980e+00 -1.423780257096155487e-03 -9.884457352425066482e-05
1.523217779346210499e+00 -1.411470825474220980e+00 -1.423780257096155487e-03 -9.884457352425066482e-05
1.523217779346210499e+00 -1.411470825474220980e+00 -1.423780257096155487e-03 -9.884457352425066482e-05
1.531960110258297370e+00 -1.392148209465348785e+00 -2.757005491470342594e-03 -1.849855476155328133e-04
1.531960110258297370e+00 -1.392148209465348785e+00 -2.757005491470342594e-03 -1.849855476155328133e-04
1.503346856107396157e+00 -1.433150191267887230e+00 -1.709109996547180169e-03 -2.112518349275253112e-04
1.529705729350316012e+00 -1.388250746021723714e+00 -1.040973172969766707e-03 -1.880351547557494729e-05
1.520348088657025087e+00 -1.390755280496383861e+00 -3.544353683721654900e-03 -1.825851248606072874e-04
1.520348088657025087e+00 -1.390755280496383861e+00 -3.544353683721654900e-03 -1.825851248606072874e-04
1.490116453646908035e+00 -1.422899833249446466e+00 -3.395098340806214018e-04 -9.462542140129632726e-05
1.537420160103344813e+00 -1.333208101130537671e+00 -1.408100702077027394e-03 4.537696336736035240e-05
1.490488236682276479e+00 -1.381725007954475615e+00 -3.019719996062299183e-03 -2.913843164043388736e-04
1.490488236682276479e+00 -1.381725007954475615e+00 -3.019719996062299183e-03 -2.913843164043388736e-04
1.473226144091480450e+00 -1.347005640478996291e+00 1.529021064392602561e-03 6.860511684000892511e-05
1.473226144091480450e+00 -1.347005640478996291e+00 1.529021064392602561e-03 6.860511684000892511e-05
1.406389103339060753e+00 -1.373896182294826573e+00 -2.110522887521392409e-03 -3.150309270096087215e-04
1.406389103339060753e+00 -1.373896182294826573e+00 -2.110522887521392409e-03 -3.150309270096087215e-04
1.391680016745974413e+00 -1.243504273238427160e+00 3.500276312910950705e-03 2.132079569450387067e-04
1.391680016745974413e+00 -1.243504273238427160e+00 3.500276312910950705e-03 2.132079569450387067e-04
1.240652971792695070e+00 -1.283550971022361598e+00 4.855366287182623017e-04 -4.628910121694617243e-04
1.240652971792695070e+00 -1.283550971022361598e+00 4.855366287182623017e-04 -4.628910121694617243e-04
1.109059698664540239e+00 -1.137986172667083906e+00 1.236184884132114116e-02 2.786596670698587722e-04
1.109059698664540239e+00 -1.137986172667083906e+00 1.236184884132114116e-02 2.786596670698587722e-04
7.817081735637816386e-01 -1.147123269296696169e+00 9.543051407171390665e-03 -5.982473334350074624e-04
7.817081735637816386e-01 -1.147123269296696169e+00 9.543051407171390665e-03 -5.982473334350074624e-04
4.678787229626788502e-01 -7.778707005879548220e-01 2.828697803166872055e-02 5.508389397275489235e-04
4.678787229626788502e-01 -7.778707005879548220e-01 2.828697803166872055e-02 5.508389397275489235e-04
-2.593832582541184539e-01 -6.522296629794785972e-01 3.037381570140651119e-02 -8.335541630584190030e-04
-2.593832582541184539e-01 -6.522296629794785972e-01 3.037381570140651119e-02 -8.335541630584190030e-04
-2.593832582541184539e-01 -6.522296629794785972e-01 3.037381570140651119e-02 -8.335541630584190030e-04
-2.593832582541184539e-01 -6.522296629794785972e-01 3.037381570140651119e-02 -8.335541630584190030e-04
-2.593832582541184539e-01 -6.522296629794785972e-01 3.037381570140651119e-02 -8.335541630584190030e-04
-2.809303093724424549e-02 -7.819770425701473293e-01 2.400028684715846405e-02 -7.634782956697696438e-04
-2.809303093724424549e-02 -7.819770425701473293e-01 2.400028684715846405e-02 -7.634782956697696438e-04
-2.809303093724424549e-02 -7.819770425701473293e-01 2.400028684715846405e-02 -7.634782956697696438e-04
-2.809303093724424549e-02 -7.819770425701473293e-01 2.400028684715846405e-02 -7.634782956697696438e-04
-2.344227404314505048e-01 -7.991110699554657693e-01 1.716042581122573935e-02 -1.814873386782943614e-03
-2.344227404314505048e-01 -7.991110699554657693e-01 1.716042581122573935e-02 -1.814873386782943614e-03
-2.880642468050637062e-02 -7.187834384205037397e-01 2.085678003923983892e-02 -1.011421426921341573e-03
-1.082783920482275342e-01 -7.779558760067608603e-01 1.567680128941441667e-02 -1.468149865557173434e-03
-1.082783920482275342e-01 -7.779558760067608603e-01 1.567680128941441667e-02 -1.468149865557173434e-03
-1.082783920482275342e-01 -7.779558760067608603e-01 1.567680128941441667e-02 -1.468149865557173434e-03
-5.815814642944983071e-02 -5.468939239930077356e-01 2.306223648031265061e-02 -5.491798052830584517e-04
-5.815814642944983071e-02 -5.468939239930077356e-01 2.306223648031265061e-02 -5.491798052830584517e-04
-5.815814642944983071e-02 -5.468939239930077356e-01 2.306223648031265061e-02 -5.491798052830584517e-04
1.635772106880666737e-02 -5.970496873035682217e-01 1.144473745590061931e-02 -1.003716037804651753e-03
1.635772106880666737e-02 -5.970496873035682217e-01 1.144473745590061931e-02 -1.003716037804651753e-03
-7.123438488069910868e-02 -3.896715795231111557e-01 9.641436375972325945e-03 -1.084385887101638451e-03
-7.123438488069910868e-02 -3.896715795231111557e-01 9.641436375972325945e-03 -1.084385887101638451e-03
1.731170641664648013e-01 -2.408183425648866560e-01 -3.394421093120505994e-03 -7.997383839212146225e-04
1.731170641664648013e-01 -2.408183425648866560e-01 -3.394421093120505994e-03 -7.997383839212146225e-04
-1.676429935238868407e-02 -9.642826013348093639e-03 9.595900928773791472e-04 -5.956537903069446943e-04
-1.676429935238868407e-02 -9.642826013348093639e-03 9.595900928773791472e-04 -5.956537903069446943e-04
-1.676429935238868407e-02 -9.642826013348093639e-03 9.595900928773791472e-04 -5.956537903069446943e-04
-1.676429935238868407e-02 -9.642826013348093639e-03 9.595900928773791472e-04 -5.956537903069446943e-04
-1.676429935238868407e-02 -9.642826013348093639e-03 9.595900928773791472e-04 -5.956537903069446943e-04
-1.676429935238868407e-02 -9.642826013348093639e-03 9.595900928773791472e-04 -5.956537903069446943e-04
7.573873330124630820e-02 -5.250264636397501683e-03 -1.165991141451538753e-03 -3.576998807931220368e-04
7.573873330124630820e-02 -5.250264636397501683e-03 -1.165991141451538753e-03 -3.576998807931220368e-04
7.573873330124630820e-02 -5.250264636397501683e-03 -1.165991141451538753e-03 -3.576998807931220368e-04
1.380850921879981166e-02 7.260678315179354414e-02 3.227735268718513826e-03 -1.583697803697506454e-04
1.380850921879981166e-02 7.260678315179354414e-02 3.227735268718513826e-03 -1.583697803697506454e-04
1.380850921879981166e-02 7.260678315179354414e-02 3.227735268718513826e-03 -1.583697803697506454e-04
7.805545585057416247e-02 2.552658082469409437e-02 1.229505288462307520e-03 -2.270786655183012993e-04
5.844315470171897869e-02 2.479397487098847566e-02 6.129363733335376017e-05 -3.049079965421019715e-04
5.844315470171897869e-02 2.479397487098847566e-02 6.129363733335376017e-05 -3.049079965421019715e-04
6.040484211831080585e-02 2.969653063428969592e-02 2.274414562880802508e-03 -1.683723951001522140e-04
6.510617950137138898e-02 6.128662293614303702e-02 1.559913514070515334e-03 -1.325569832022179472e-04
3.965545863089682543e-02 5.396635523416118407e-02 2.254508509702629181e-03 -1.832993952302219983e-04
3.374936162557483355e-02 5.934516101309710023e-02 1.845559823531343034e-03 -1.674897195190457391e-04
3.374936162557483355e-02 5.934516101309710023e-02 1.845559823531343034e-03 -1.674897195190457391e-04
3.374936162557483355e-02 5.934516101309710023e-02 1.845559823531343034e-03 -1.674897195190457391e-04
3.374936162557483355e-02 5.934516101309710023e-02 1.845559823531343034e-03 -1.674897195190457391e-04
3.374936162557483355e-02 5.934516101309710023e-02 1.845559823531343034e-03 -1.674897195190457391e-04
3.374936162557483355e-02 5.934516101309710023e-02 1.845559823531343034e-03 -1.674897195190457391e-04
6.664913733168520427e-03 5.203163534723712069e-02 1.584104354985753273e-03 -2.371568993426072529e-04
6.664913733168520427e-03 5.203163534723712069e-02 1.584104354985753273e-03 -2.371568993426072529e-04
4.961886370763349263e-02 4.199092616319008431e-02 8.237846178580903594e-04 -1.666551720642400628e-04
4.961886370763349263e-02 4.199092616319008431e-02 8.237846178580903594e-04 -1.666551720642400628e-04
4.961886370763349263e-02 4.199092616319008431e-02 8.237846178580903594e-04 -1.666551720642400628e-04
8.995395332078326422e-03 5.562301454232659870e-02 5.711193018339243144e-04 -1.689372089866600889e-04
8.995395332078326422e-03 5.562301454232659870e-02 5.711193018339243144e-04 -1.689372089866600889e-04
4.371556617951394969e-02 3.001144807981519225e-02 1.081809922278642111e-03 -1.117491302607586312e-04
4.371556617951394969e-02 3.001144807981519225e-02 1.081809922278642111e-03 -1.117491302607586312e-04
1.116832792815965203e-02 5.901646606271399031e-02 -2.763500966102957947e-04 -2.787443117511454469e-05
1.116832792815965203e-02 5.901646606271399031e-02 -2.763500966102957947e-04 -2.787443117511454469e-05
1.116832792815965203e-02 5.901646606271399031e-02 -2.763500966102957947e-04 -2.787443117511454469e-05
2.268787447477190605e-02 9.592398093685131077e-03 1.555387576510688236e-05 4.218386186972321273e-05
2.268787447477190605e-02 9.592398093685131077e-03 1.555387576510688236e-05 4.218386186972321273e-05
2.268787447477190605e-02 9.592398093685131077e-03 1.555387576510688236e-05 4.218386186972321273e-05
2.268787447477190605e-02 9.592398093685131077e-03 1.555387576510688236e-05 4.218386186972321273e-05
-1.223771349587668943e-02 1.704511668103578237e-03 -9.006900515750552050e-05 -3.223141233839501966e-05
-1.223771349587668943e-02 1.704511668103578237e-03 -9.006900515750552050e-05 -3.223141233839501966e-05
-1.223771349587668943e-02 1.704511668103578237e-03 -9.006900515750552050e-05 -3.223141233839501966e-05
-1.223771349587668943e-02 1.704511668103578237e-03 -9.006900515750552050e-05 -3.223141233839501966e-05
-1.223771349587668943e-02 1.704511668103578237e-03 -9.006900515750552050e-05 -3.223141233839501966e-05
-1.223771349587668943e-02 1.704511668103578237e-03 -9.006900515750552050e-05 -3.223141233839501966e-05
1.273958539898302315e-02 7.215032149454297591e-03 -1.107045472048250203e-04 1.330664083197693497e-05
6.417290782928203145e-03 9.663131970969927875e-03 -1.808819163093604787e-04 -2.401921780236035019e-05
2.296242224764407161e-03 3.311298009163784160e-03 -3.625549775565181133e-04 6.780627400351153821e-06
2.296242224764407161e-03 3.311298009163784160e-03 -3.625549775565181133e-04 6.780627400351153821e-06
-4.760535221303020814e-03 4.951627548863086169e-03 -1.568841433675096340e-04 -1.776372001750850177e-05
-3.206700198624943144e-03 9.445392004257568627e-03 -2.217060406744522855e-04 -7.338039306670429912e-06
-3.206700198624943144e-03 9.445392004257568627e-03 -2.217060406744522855e-04 -7.338039306670429912e-06
-2.911612877914650753e-03 4.444908325265679860e-03 -2.514655993225844858e-04 5.649475692325365040e-06
-2.911612877914650753e-03 4.444908325265679860e-03 -2.514655993225844858e-04 5.649475692325365040e-06
2.680855419661936061e-03 1.032006603070118739e-02 -1.838923774495557217e-04 9.686636127358213630e-06
2.238841938783255655e-03 7.743786873622696652e-03 -1.721577992632955067e-04 -2.981501940371884739e-07
1.958679226537879663e-03 6.621058392147891394e-03 -1.009397189913662310e-04 6.943829686408395050e-06
1.958679226537879663e-03 6.621058392147891394e-03 -1.009397189913662310e-04 6.943829686408395050e-06
1.958679226537879663e-03 6.621058392147891394e-03 -1.009397189913662310e-04 6.943829686408395050e-06
-1.867972003713528695e-03 4.271370333839433556e-03 -1.045223547860634969e-04 -6.836232648839770203e-06
-1.867972003713528695e-03 4.271370333839433556e-03 -1.045223547860634969e-04 -6.836232648839770203e-06
-1.756901425658296753e-03 5.863853361687944819e-03 -1.385908828668369966e-06 -6.809772501921770572e-06
-8.165620994898116318e-04 2.480564420022920297e-03 -3.719878814345196937e-05 1.754135009478979460e-06
-8.165620994898116318e-04 2.480564420022920297e-03 -3.719878814345196937e-05 1.754135009478979460e-06
7.039085900264053890e-04 5.450875464620583317e-03 -7.330626279558950830e-05 1.691239491469949339e-06
7.039085900264053890e-04 5.450875464620583317e-03 -7.330626279558950830e-05 1.691239491469949339e-06
7.039085900264053890e-04 5.450875464620583317e-03 -7.330626279558950830e-05 1.691239491469949339e-06
-9.043427138948462694e-04 5.137146110043093114e-03 -1.115410126549877567e-05 -2.144560108318336901e-06
6.306357375524555744e-04 4.677275432606141717e-03 -1.061114166223846907e-06 2.483731371124370288e-06
6.306357375524555744e-04 4.677275432606141717e-03 -1.061114166223846907e-06 2.483731371124370288e-06
6.306357375524555744e-04 4.677275432606141717e-03 -1.061114166223846907e-06 2.483731371124370288e-06
-6.986379291778812292e-04 5.493349452547497541e-03 2.080416892201690374e-05 1.868755074107555487e-08
3.727537546991713485e-04 6.224474779547808923e-03 6.236528764509004198e-06 -7.063552709652924856e-07
1.604749557973989590e-04 6.425949463653430997e-03 -5.008912458831785189e-06 3.773609778630332765e-08
1.604749557973989590e-04 6.425949463653430997e-03 -5.008912458831785189e-06 3.773609778630332765e-08
1.604749557973989590e-04 6.425949463653430997e-03 -5.008912458831785189e-06 3.773609778630332765e-08
1.604749557973989590e-04 6.425949463653430997e-03 -5.008912458831785189e-06 3.773609778630332765e-08
1.502021806618895243e-04 5.961934188246262659e-03 3.656656645720516117e-06 -3.279009922722951686e-07
1.502021806618895243e-04 5.961934188246262659e-03 3.656656645720516117e-06 -3.279009922722951686e-07
-1.017581732263270108e-04 5.745584606415745504e-03 5.257504948315285791e-06 3.029749503718139684e-08
-1.017581732263270108e-04 5.745584606415745504e-03 5.257504948315285791e-06 3.029749503718139684e-08
-1.017581732263270108e-04 5.745584606415745504e-03 5.257504948315285791e-06 3.029749503718139684e-08
-6.999478965070114484e-05 5.652974398839332934e-03 2.024225523868806750e-06 -1.570211379726565171e-07
6.015977433524915744e-05 5.781376446522669930e-03 3.704959675044362123e-06 -1.336833333645011044e-07
4.064055976799773240e-05 5.627693824541258640e-03 2.865132668024511675e-06 1.836776219236117802e-07
4.046632795974523935e-05 6.011398601088634858e-03 5.956080128973743513e-07 4.643004656324528610e-08
4.046632795974523935e-05 6.011398601088634858e-03 5.956080128973743513e-07 4.643004656324528610e-08
-2.258532488767994866e-05 5.723667397448969560e-03 2.380011957572312363e-06 -6.551075870074587632e-08
-2.258532488767994866e-05 5.723667397448969560e-03 2.380011957572312363e-06 -6.551075870074587632e-08
1.432500625240224608e-05 5.722753185776054824e-03 2.496000775880535498e-06 1.068262169696444563e-07
1.432500625240224608e-05 5.722753185776054824e-03 2.496000775880535498e-06 1.068262169696444563e-07
1.432500625240224608e-05 5.722753185776054824e-03 2.496000775880535498e-06 1.068262169696444563e-07
1.486851134158381871e-05 5.775498909303252923e-03 1.076212144747064182e-06 8.395733292177619523e-08
1.025803909759161496e-05 5.859329744417421729e-03 1.571305861400920467e-06 5.078880409745883941e-08
1.025803909759161496e-05 5.859329744417421729e-03 1.571305861400920467e-06 5.078880409745883941e-08
-7.589751083157557719e-06 5.753376665327847653e-03 2.060148641554704647e-06 8.404990639483205164e-09
-1.047073947745248026e-05 5.858730420413297418e-03 7.666438080307431510e-07 8.604649824699494800e-09
5.230416012149813863e-06 5.793524295087719433e-03 1.315071176261811492e-06 6.141729777233949617e-08
5.230416012149813863e-06 5.793524295087719433e-03 1.315071176261811492e-06 6.141729777233949617e-08
