6.464128520596927885e-01 2.382665776955694703e-02 4.788603923430894138e-01 -5.424678507130005212e-01
6.706533340119311681e-01 2.472015743591533810e-02 4.968176570559552641e-01 -4.882210656417003136e-01
6.706533340119311681e-01 2.472015743591533810e-02 4.968176570559552641e-01 -4.882210656417003136e-01
6.706533340119311681e-01 2.472015743591533810e-02 4.968176570559552641e-01 -4.882210656417003136e-01
6.509579424257372349e-01 2.406864726252901099e-02 5.495671221499986991e-01 -4.509264009051812128e-01
6.543667602002707362e-01 2.663280515921376268e-02 5.367538655580059714e-01 -3.822703135493168425e-01
6.543667602002707362e-01 2.663280515921376268e-02 5.367538655580059714e-01 -3.822703135493168425e-01
6.996125035316951291e-01 2.493829700289736107e-02 5.769589653936475493e-01 -2.846896708722317371e-01
6.768909970924141817e-01 2.644215117767145795e-02 6.640008437162157051e-01 -1.591645173307805194e-01
6.768909970924141817e-01 2.644215117767145795e-02 6.640008437162157051e-01 -1.591645173307805194e-01
6.817719388624603472e-01 2.821600760147756348e-02 6.990374575514322064e-01 5.272043204897203239e-02
6.817719388624603472e-01 2.821600760147756348e-02 6.990374575514322064e-01 5.272043204897203239e-02
6.817719388624603472e-01 2.821600760147756348e-02 6.990374575514322064e-01 5.272043204897203239e-02
6.817719388624603472e-01 2.821600760147756348e-02 6.990374575514322064e-01 5.272043204897203239e-02
6.817719388624603472e-01 2.821600760147756348e-02 6.990374575514322064e-01 5.272043204897203239e-02
6.750982180341165151e-01 2.832009668019752624e-02 6.707672857012154655e-01 -5.063369038932644811e-02
6.926575141163535676e-01 2.818923184254161149e-02 7.043766284616919116e-01 2.541496641518245503e-02
6.926575141163535676e-01 2.818923184254161149e-02 7.043766284616919116e-01 2.541496641518245503e-02
6.845279832540178688e-01 2.770283380597625064e-02 6.920110310011768906e-01 -1.880316851852194965e-02
6.845279832540178688e-01 2.770283380597625064e-02 6.920110310011768906e-01 -1.880316851852194965e-02
6.848338574753500829e-01 2.812313645123443173e-02 6.908664583212406063e-01 1.458567150710314390e-02
6.848338574753500829e-01 2.812313645123443173e-02 6.908664583212406063e-01 1.458567150710314390e-02
6.848338574753500829e-01 2.812313645123443173e-02 6.908664583212406063e-01 1.458567150710314390e-02
6.848338574753500829e-01 2.812313645123443173e-02 6.908664583212406063e-01 1.458567150710314390e-02
6.896143510208525562e-01 2.808075789492399388e-02 6.958592108270854615e-01 7.834956178941324123e-03
6.896143510208525562e-01 2.808075789492399388e-02 6.958592108270854615e-01 7.834956178941324123e-03
6.911650587671016588e-01 2.805406722366303451e-02 6.850281357385444858e-01 -6.683520718345312139e-03
6.852591819225328784e-01 2.816186801587044347e-02 6.873864666607345519e-01 -4.875506399232646879e-03
6.915316343337960525e-01 2.821120274972072767e-02 6.868931927855421726e-01 -3.952316323295069524e-03
6.902750664955865645e-01 2.827883505207746256e-02 6.866941983998562371e-01 5.356512968585524191e-03
6.902750664955865645e-01 2.827883505207746256e-02 6.866941983998562371e-01 5.356512968585524191e-03
6.902750664955865645e-01 2.827883505207746256e-02 6.866941983998562371e-01 5.356512968585524191e-03
6.902750664955865645e-01 2.827883505207746256e-02 6.866941983998562371e-01 5.356512968585524191e-03
6.952406326756690458e-01 2.827526457781432551e-02 6.839607275325534363e-01 8.022212356541477685e-04
6.908226794353424793e-01 2.825796075801084023e-02 6.829877687812513365e-01 2.256299939191178626e-03
6.908226794353424793e-01 2.825796075801084023e-02 6.829877687812513365e-01 2.256299939191178626e-03
6.908226794353424793e-01 2.825796075801084023e-02 6.829877687812513365e-01 2.256299939191178626e-03
6.945046146189000069e-01 2.831366486545055378e-02 6.797807235102366619e-01 -1.824982522025449944e-03
6.945046146189000069e-01 2.831366486545055378e-02 6.797807235102366619e-01 -1.824982522025449944e-03
6.945046146189000069e-01 2.831366486545055378e-02 6.797807235102366619e-01 -1.824982522025449944e-03
6.905463198646821787e-01 2.839215946100254184e-02 6.765369244757111211e-01 4.457358095332160375e-03
6.905463198646821787e-01 2.839215946100254184e-02 6.765369244757111211e-01 4.457358095332160375e-03
6.869976922768747940e-01 2.827352168651693642e-02 6.747247660427346805e-01 -2.923377321528811829e-03
6.883761843666582614e-01 2.844759574566303739e-02 6.673789878507148110e-01 -5.183992815570524423e-03
6.764159913103613420e-01 2.843663569094295740e-02 6.644917766481026611e-01 4.593143867039264222e-04
6.807919457519315820e-01 2.855174709954161338e-02 6.521554348850657767e-01 -1.184645571906526272e-03
6.807919457519315820e-01 2.855174709954161338e-02 6.521554348850657767e-01 -1.184645571906526272e-03
6.670011467591367982e-01 2.887688351682413113e-02 6.281990361306415416e-01 -5.240519924884567277e-03
6.482128843739287660e-01 2.885070122690275296e-02 6.135056287246263285e-01 -7.616842687866737932e-04
6.482128843739287660e-01 2.885070122690275296e-02 6.135056287246263285e-01 -7.616842687866737932e-04
6.395222978751116116e-01 2.950777233814745604e-02 5.611645564765099792e-01 -2.176310297306522160e-03
5.998181530843560427e-01 2.999456844990452953e-02 5.175940811961672328e-01 3.678610758643860966e-04
5.998181530843560427e-01 2.999456844990452953e-02 5.175940811961672328e-01 3.678610758643860966e-04
5.499887468778645871e-01 3.078449581444499261e-02 4.148497801694774889e-01 -7.914664466794073955e-03
5.008276692268558428e-01 3.232422553484816385e-02 2.915213962171034900e-01 -7.361489436338596905e-04
5.008276692268558428e-01 3.232422553484816385e-02 2.915213962171034900e-01 -7.361489436338596905e-04
3.909329978051629961e-01 3.427095394079478219e-02 9.304709347293860233e-02 -1.859052718750565936e-02
3.657062270958704175e-01 3.465403898812544070e-02 4.029953665260466167e-02 -1.329350838149549220e-02
3.233943734113647883e-01 3.579888321042519472e-02 -4.423128407914195259e-02 -7.700404796187738238e-03
3.233943734113647883e-01 3.579888321042519472e-02 -4.423128407914195259e-02 -7.700404796187738238e-03
3.233943734113647883e-01 3.579888321042519472e-02 -4.423128407914195259e-02 -7.700404796187738238e-03
3.233943734113647883e-01 3.579888321042519472e-02 -4.423128407914195259e-02 -7.700404796187738238e-03
3.716941489579497215e-01 3.469663881579919396e-02 5.024516589198266270e-02 5.522517483612029987e-04
3.716941489579497215e-01 3.469663881579919396e-02 5.024516589198266270e-02 5.522517483612029987e-04
3.716941489579497215e-01 3.469663881579919396e-02 5.024516589198266270e-02 5.522517483612029987e-04
3.716941489579497215e-01 3.469663881579919396e-02 5.024516589198266270e-02 5.522517483612029987e-04
3.609851270592561723e-01 3.522533404736057083e-02 1.598703684770771266e-02 -1.354977228085494333e-03
3.609851270592561723e-01 3.522533404736057083e-02 1.598703684770771266e-02 -1.354977228085494333e-03
3.609851270592561723e-01 3.522533404736057083e-02 1.598703684770771266e-02 -1.354977228085494333e-03
3.609851270592561723e-01 3.522533404736057083e-02 1.598703684770771266e-02 -1.354977228085494333e-03
3.609851270592561723e-01 3.522533404736057083e-02 1.598703684770771266e-02 -1.354977228085494333e-03
3.458249893415171750e-01 3.536930142769218605e-02 -2.433558862082604683e-03 -1.897211148926472709e-03
3.544017573606459415e-01 3.516884834346226119e-02 1.876901009522702682e-02 6.449884113981646516e-04
3.548140400640454883e-01 3.517687986641176989e-02 1.423810627993960312e-02 -5.176487498347558114e-04
3.455650115491514240e-01 3.540544011292853094e-02 -5.712700689069215992e-03 -8.044315749626957095e-04
3.393177720984238976e-01 3.533490082788680320e-02 -3.556608435700308463e-03 6.782569692261454335e-05
3.393177720984238976e-01 3.533490082788680320e-02 -3.556608435700308463e-03 6.782569692261454335e-05
3.393177720984238976e-01 3.533490082788680320e-02 -3.556608435700308463e-03 6.782569692261454335e-05
3.393177720984238976e-01 3.533490082788680320e-02 -3.556608435700308463e-03 6.782569692261454335e-05
3.393177720984238976e-01 3.533490082788680320e-02 -3.556608435700308463e-03 6.782569692261454335e-05
3.393177720984238976e-01 3.533490082788680320e-02 -3.556608435700308463e-03 6.782569692261454335e-05
3.393177720984238976e-01 3.533490082788680320e-02 -3.556608435700308463e-03 6.782569692261454335e-05
3.393177720984238976e-01 3.533490082788680320e-02 -3.556608435700308463e-03 6.782569692261454335e-05
3.393177720984238976e-01 3.533490082788680320e-02 -3.556608435700308463e-03 6.782569692261454335e-05
3.393177720984238976e-01 3.533490082788680320e-02 -3.556608435700308463e-03 6.782569692261454335e-05
3.416565284613498066e-01 3.531172244793339549e-02 3.070465414360834143e-04 2.489944709192756290e-04
3.433834348542174619e-01 3.530620244575235350e-02 1.462523207096599279e-03 9.149742480197970676e-05
3.420185246368362408e-01 3.530360110429314746e-02 8.692217051508028657e-04 -2.868459712661166423e-05
3.420185246368362408e-01 3.530360110429314746e-02 8.692217051508028657e-04 -2.868459712661166423e-05
3.420185246368362408e-01 3.530360110429314746e-02 8.692217051508028657e-04 -2.868459712661166423e-05
3.420185246368362408e-01 3.530360110429314746e-02 8.692217051508028657e-04 -2.868459712661166423e-05
3.424776714403589550e-01 3.531411371825977918e-02 3.228200738160999636e-04 4.692572990004393810e-05
3.424776714403589550e-01 3.531411371825977918e-02 3.228200738160999636e-04 4.692572990004393810e-05
3.414467731419684182e-01 3.531658846553407255e-02 -6.031613041612119037e-04 3.123113363639448475e-05
3.414467731419684182e-01 3.531658846553407255e-02 -6.031613041612119037e-04 3.123113363639448475e-05
3.414467731419684182e-01 3.531658846553407255e-02 -6.031613041612119037e-04 3.123113363639448475e-05
3.414467731419684182e-01 3.531658846553407255e-02 -6.031613041612119037e-04 3.123113363639448475e-05
3.414467731419684182e-01 3.531658846553407255e-02 -6.031613041612119037e-04 3.123113363639448475e-05
3.413649466971957480e-01 3.530043537363311557e-02 3.562648456739074369e-04 -1.899145868539815052e-05
3.407422220999269946e-01 3.529914742079599821e-02 1.598940611581288517e-04 3.584359830371417122e-05
3.407422220999269946e-01 3.529914742079599821e-02 1.598940611581288517e-04 3.584359830371417122e-05
3.407422220999269946e-01 3.529914742079599821e-02 1.598940611581288517e-04 3.584359830371417122e-05
3.401441302942978528e-01 3.528277378736536379e-02 6.789653932498797241e-04 1.612642136423662149e-05
3.396155485376215477e-01 3.529009608613245530e-02 -1.191104827972534730e-04 8.390795371084663261e-05
3.397341570824681245e-01 3.529913537608553309e-02 -5.056304166855512660e-04 2.793526618138838244e-07
3.397341570824681245e-01 3.529913537608553309e-02 -5.056304166855512660e-04 2.793526618138838244e-07
3.378134524364673208e-01 3.526487157568648778e-02 2.851411432068233932e-04 3.985342008039878341e-05
3.378134524364673208e-01 3.526487157568648778e-02 2.851411432068233932e-04 3.985342008039878341e-05
3.372739761652399082e-01 3.526476506039072367e-02 2.826713997412203406e-04 -4.883789014058257467e-05
3.372739761652399082e-01 3.526476506039072367e-02 2.826713997412203406e-04 -4.883789014058257467e-05
3.332281018185052623e-01 3.521976805746035444e-02 3.645123838197720763e-04 3.199287748063676419e-05
3.332281018185052623e-01 3.521976805746035444e-02 3.645123838197720763e-04 3.199287748063676419e-05
3.332281018185052623e-01 3.521976805746035444e-02 3.645123838197720763e-04 3.199287748063676419e-05
3.332281018185052623e-01 3.521976805746035444e-02 3.645123838197720763e-04 3.199287748063676419e-05
3.250692609074834483e-01 3.512711801527719502e-02 9.497457377252173892e-04 -4.945581149857369461e-05
3.250692609074834483e-01 3.512711801527719502e-02 9.497457377252173892e-04 -4.945581149857369461e-05
3.250692609074834483e-01 3.512711801527719502e-02 9.497457377252173892e-04 -4.945581149857369461e-05
3.184628378526366266e-01 3.504505985095435205e-02 1.660200157620118694e-03 1.560448365983521570e-04
3.071711589572942991e-01 3.493630909709596888e-02 1.482267820477413010e-03 3.386549765996654218e-06
3.071711589572942991e-01 3.493630909709596888e-02 1.482267820477413010e-03 3.386549765996654218e-06
3.071711589572942991e-01 3.493630909709596888e-02 1.482267820477413010e-03 3.386549765996654218e-06
3.071711589572942991e-01 3.493630909709596888e-02 1.482267820477413010e-03 3.386549765996654218e-06
2.767664734784296421e-01 3.459929017808412166e-02 2.798984551859253194e-03 -2.286963179605109144e-05
2.767664734784296421e-01 3.459929017808412166e-02 2.798984551859253194e-03 -2.286963179605109144e-05
2.550117145281111108e-01 3.436526965097294606e-02 3.863634652888242507e-03 2.257795269182223869e-05
2.550117145281111108e-01 3.436526965097294606e-02 3.863634652888242507e-03 2.257795269182223869e-05
2.056025176820667211e-01 3.384897022051282234e-02 4.184516129986394148e-03 -1.131945823544818581e-04
2.056025176820667211e-01 3.384897022051282234e-02 4.184516129986394148e-03 -1.131945823544818581e-04
2.056025176820667211e-01 3.384897022051282234e-02 4.184516129986394148e-03 -1.131945823544818581e-04
2.056025176820667211e-01 3.384897022051282234e-02 4.184516129986394148e-03 -1.131945823544818581e-04
2.056025176820667211e-01 3.384897022051282234e-02 4.184516129986394148e-03 -1.131945823544818581e-04
9.850771371360944606e-02 3.271365851913243805e-02 6.680764714689802625e-03 -1.367975048140746821e-04
9.850771371360944606e-02 3.271365851913243805e-02 6.680764714689802625e-03 -1.367975048140746821e-04
1.924744296330356819e-01 3.373767195138163699e-02 2.918420426444190419e-03 -7.913401895518141008e-05
9.764585295899680384e-02 3.273933726561358004e-02 3.644156091098563546e-03 -6.161859149875773467e-05
9.764585295899680384e-02 3.273933726561358004e-02 3.644156091098563546e-03 -6.161859149875773467e-05
9.764585295899680384e-02 3.273933726561358004e-02 3.644156091098563546e-03 -6.161859149875773467e-05
1.162466278292040300e-01 3.296922116377543066e-02 1.224332109549853415e-03 1.886404595334853572e-05
-1.583398899213800393e-02 3.156098233772312855e-02 4.139632239348297119e-03 1.019959254872024334e-05
5.668652120664180449e-02 3.234395327777150886e-02 2.001530461380263484e-03 -2.056282720074631204e-04
6.267538929988239471e-02 3.240812499375118894e-02 1.008100535809511832e-03 7.055178934901182243e-05
1.224142171279830882e-02 3.190180362089704846e-02 5.426415819453998118e-04 8.612169420566482007e-06
1.224142171279830882e-02 3.190180362089704846e-02 5.426415819453998118e-04 8.612169420566482007e-06
1.224142171279830882e-02 3.190180362089704846e-02 5.426415819453998118e-04 8.612169420566482007e-06
1.224142171279830882e-02 3.190180362089704846e-02 5.426415819453998118e-04 8.612169420566482007e-06
1.224142171279830882e-02 3.190180362089704846e-02 5.426415819453998118e-04 8.612169420566482007e-06
1.224142171279830882e-02 3.190180362089704846e-02 5.426415819453998118e-04 8.612169420566482007e-06
1.224142171279830882e-02 3.190180362089704846e-02 5.426415819453998118e-04 8.612169420566482007e-06
1.224142171279830882e-02 3.190180362089704846e-02 5.426415819453998118e-04 8.612169420566482007e-06
1.224142171279830882e-02 3.190180362089704846e-02 5.426415819453998118e-04 8.612169420566482007e-06
-9.205901620620503614e-03 3.167410087614901809e-02 6.236246168024028045e-04 -1.069126076739070253e-05
-1.203934534435862659e-02 3.165505945602010290e-02 -6.673205463634239052e-05 -6.977102391256722523e-06
5.688070323722581659e-03 3.183845569806373343e-02 -9.877690036973440753e-05 -1.613197054174739779e-05
5.688070323722581659e-03 3.183845569806373343e-02 -9.877690036973440753e-05 -1.613197054174739779e-05
3.330661705159750421e-03 3.181011797061022300e-02 3.391433397448435612e-04 3.775741175277825623e-06
9.340146037596351071e-04 3.179160445283353564e-02 -2.150251409813551254e-04 9.179725507179802918e-06
9.340146037596351071e-04 3.179160445283353564e-02 -2.150251409813551254e-04 9.179725507179802918e-06
-2.840137632021770379e-03 3.174818090941643883e-02 4.294499224321228465e-05 1.435786522770257271e-05
2.319479819700817364e-03 3.180306778433703019e-02 -3.096058555544824040e-05 -4.675683282165629773e-06
1.014377774737035276e-03 3.178801764732612500e-02 1.417365438393042645e-04 4.221744519166550379e-06
1.014377774737035276e-03 3.178801764732612500e-02 1.417365438393042645e-04 4.221744519166550379e-06
1.997193113919857677e-04 3.178218138455542879e-02 -9.048284677385157702e-05 6.676603373707536795e-06
1.997193113919857677e-04 3.178218138455542879e-02 -9.048284677385157702e-05 6.676603373707536795e-06
8.190772237551945806e-04 3.178736959568732867e-02 -8.531008248437686059e-06 4.113910953335878143e-07
8.190772237551945806e-04 3.178736959568732867e-02 -8.531008248437686059e-06 4.113910953335878143e-07
3.179557443784978882e-04 3.178156384265966999e-02 6.113534793716074857e-05 4.515924263418633183e-06
6.954868276723751236e-04 3.178662178477785483e-02 -2.536878893717561375e-05 1.641301545845962145e-06
6.954868276723751236e-04 3.178662178477785483e-02 -2.536878893717561375e-05 1.641301545845962145e-06
-3.705913843639898849e-04 3.177486427473008579e-02 1.603830341324233001e-05 2.560924906323703217e-06
-3.705913843639898849e-04 3.177486427473008579e-02 1.603830341324233001e-05 2.560924906323703217e-06
-3.705913843639898849e-04 3.177486427473008579e-02 1.603830341324233001e-05 2.560924906323703217e-06
-2.283166398837203925e-04 3.177673905899858903e-02 -5.615453237344586923e-06 -1.358900707160981943e-07
2.546777565153700166e-04 3.178165127708108828e-02 3.664746168845114854e-06 1.693510369028357171e-06
2.546777565153700166e-04 3.178165127708108828e-02 3.664746168845114854e-06 1.693510369028357171e-06
-1.905277748597296707e-04 3.177732645389578364e-02 -2.515243874701110629e-05 1.199115608882495420e-06
-1.871820664368808833e-04 3.177695588199402899e-02 4.034699961865140667e-06 1.577736790695292918e-06
-1.871820664368808833e-04 3.177695588199402899e-02 4.034699961865140667e-06 1.577736790695292918e-06
-1.871820664368808833e-04 3.177695588199402899e-02 4.034699961865140667e-06 1.577736790695292918e-06
-1.871820664368808833e-04 3.177695588199402899e-02 4.034699961865140667e-06 1.577736790695292918e-06
-1.871820664368808833e-04 3.177695588199402899e-02 4.034699961865140667e-06 1.577736790695292918e-06
-1.579165693914729872e-04 3.177733570239246741e-02 4.587600763247071292e-06 1.290059960188350229e-06
-1.391295631506760371e-04 3.177761566955535077e-02 -1.287055343743171282e-06 1.818192579126863184e-06
-5.527094139626392562e-05 3.177838464205059305e-02 4.875452379698660197e-06 2.108786808450201863e-06
-3.628980651615017444e-05 3.177863890539852493e-02 3.409342909869817100e-07 1.764597775336898554e-06
-3.628980651615017444e-05 3.177863890539852493e-02 3.409342909869817100e-07 1.764597775336898554e-06
-3.628980651615017444e-05 3.177863890539852493e-02 3.409342909869817100e-07 1.764597775336898554e-06
-4.598256894088945785e-05 3.177858027854463252e-02 9.546666522195048722e-07 1.867439574144103057e-06
-4.598256894088945785e-05 3.177858027854463252e-02 9.546666522195048722e-07 1.867439574144103057e-06
