5.452908850762705484e-02 -6.502228209401990089e-01 -5.994502033164819110e-01 2.336776389418611100e-01
5.657392932666308050e-02 -6.746061767254565300e-01 -6.219295859408500160e-01 2.103098750476749546e-01
5.657392932666308050e-02 -6.746061767254565300e-01 -6.219295859408500160e-01 2.103098750476749546e-01
5.657392932666308050e-02 -6.746061767254565300e-01 -6.219295859408500160e-01 2.103098750476749546e-01
5.746854718499133652e-02 -7.462322843446504983e-01 -6.055383694439151476e-01 1.942445373704219103e-01
5.967314119301456166e-02 -7.288337440187113714e-01 -6.700495143711380219e-01 1.646697111918425938e-01
5.967314119301456166e-02 -7.288337440187113714e-01 -6.700495143711380219e-01 1.646697111918425938e-01
6.496496557821518358e-02 -7.834264266655215359e-01 -6.274177164643774951e-01 1.226351202806209573e-01
6.614614071928920369e-02 -9.016166477984564054e-01 -6.652528882935753174e-01 6.856293615242348150e-02
6.614614071928920369e-02 -9.016166477984564054e-01 -6.652528882935753174e-01 6.856293615242348150e-02
7.898384874294955837e-02 -9.491912775828388327e-01 -7.098809936782690677e-01 -2.271026028363870575e-02
7.898384874294955837e-02 -9.491912775828388327e-01 -7.098809936782690677e-01 -2.271026028363870575e-02
7.898384874294955837e-02 -9.491912775828388327e-01 -7.098809936782690677e-01 -2.271026028363870575e-02
7.898384874294955837e-02 -9.491912775828388327e-01 -7.098809936782690677e-01 -2.271026028363870575e-02
7.231388707493252577e-02 -9.109178556255775883e-01 -6.681171546901093494e-01 3.070153986722426454e-02
7.178520311352232230e-02 -9.365878360425192728e-01 -6.722502928975278014e-01 2.528020696073793663e-02
7.430348780035304912e-02 -9.298054748059064734e-01 -6.761785415965866353e-01 2.264543261841540228e-02
7.708590266012466108e-02 -9.767314302532547066e-01 -6.704214853953218700e-01 -1.005727601288272481e-02
7.708590266012466108e-02 -9.767314302532547066e-01 -6.704214853953218700e-01 -1.005727601288272481e-02
7.708590266012466108e-02 -9.767314302532547066e-01 -6.704214853953218700e-01 -1.005727601288272481e-02
7.708590266012466108e-02 -9.767314302532547066e-01 -6.704214853953218700e-01 -1.005727601288272481e-02
7.708590266012466108e-02 -9.767314302532547066e-01 -6.704214853953218700e-01 -1.005727601288272481e-02
7.708590266012466108e-02 -9.767314302532547066e-01 -6.704214853953218700e-01 -1.005727601288272481e-02
7.419792187052406951e-02 -9.608569877127122183e-01 -6.597232049783722241e-01 1.363927891227048432e-02
7.793412956379314194e-02 -9.723171267549708396e-01 -6.598321749321747198e-01 -7.094450406962458933e-03
7.673828166198864986e-02 -9.782529438841687242e-01 -6.539978796338452582e-01 -6.382932343690044322e-03
7.673828166198864986e-02 -9.782529438841687242e-01 -6.539978796338452582e-01 -6.382932343690044322e-03
7.609477494179966994e-02 -9.838813703307824898e-01 -6.243042831984855212e-01 9.064898044467070704e-03
7.609477494179966994e-02 -9.838813703307824898e-01 -6.243042831984855212e-01 9.064898044467070704e-03
7.609477494179966994e-02 -9.838813703307824898e-01 -6.243042831984855212e-01 9.064898044467070704e-03
7.609477494179966994e-02 -9.838813703307824898e-01 -6.243042831984855212e-01 9.064898044467070704e-03
7.609477494179966994e-02 -9.838813703307824898e-01 -6.243042831984855212e-01 9.064898044467070704e-03
7.648856255531188975e-02 -1.021547721561559374e+00 -5.869727777851809769e-01 7.224670202286415793e-03
7.648856255531188975e-02 -1.021547721561559374e+00 -5.869727777851809769e-01 7.224670202286415793e-03
7.648856255531188975e-02 -1.021547721561559374e+00 -5.869727777851809769e-01 7.224670202286415793e-03
7.648856255531188975e-02 -1.021547721561559374e+00 -5.869727777851809769e-01 7.224670202286415793e-03
7.580004954443009257e-02 -1.064885721101588523e+00 -5.213006187786393131e-01 1.590648669677313665e-02
7.878609426159768891e-02 -1.082264005998657463e+00 -5.101894400771935789e-01 -1.457503560931390496e-03
7.878609426159768891e-02 -1.082264005998657463e+00 -5.101894400771935789e-01 -1.457503560931390496e-03
7.844421048993682755e-02 -1.159586355241516653e+00 -4.380453179375090045e-01 -3.148018789210282886e-03
8.027799799096446698e-02 -1.250765421465305671e+00 -3.026564507984141894e-01 1.701573802726848161e-03
8.027799799096446698e-02 -1.250765421465305671e+00 -3.026564507984141894e-01 1.701573802726848161e-03
8.027799799096446698e-02 -1.250765421465305671e+00 -3.026564507984141894e-01 1.701573802726848161e-03
8.423785657618584888e-02 -1.516114479871876419e+00 -2.778214009044055466e-02 -2.070587365190249343e-02
8.423785657618584888e-02 -1.516114479871876419e+00 -2.778214009044055466e-02 -2.070587365190249343e-02
8.401966429925566970e-02 -1.532303349512373458e+00 9.226974324876568989e-03 -1.685276201778455191e-02
8.534856917121280695e-02 -1.612601135938459551e+00 1.146632618470047327e-01 -1.081121647286266418e-02
8.254717391207758159e-02 -1.392065002437965271e+00 -1.462643517184655795e-01 -7.867714927869372959e-03
8.079632939683195625e-02 -1.594934239180925140e+00 7.357702154324846644e-02 5.781496798110338786e-04
8.211801181350317225e-02 -1.549837383662985069e+00 5.338359308877264897e-02 3.229101782549714111e-03
8.211801181350317225e-02 -1.549837383662985069e+00 5.338359308877264897e-02 3.229101782549714111e-03
8.211801181350317225e-02 -1.549837383662985069e+00 5.338359308877264897e-02 3.229101782549714111e-03
8.225232011413190214e-02 -1.477706781401281866e+00 -4.498984273647691629e-02 -2.872842139257860469e-03
8.225232011413190214e-02 -1.477706781401281866e+00 -4.498984273647691629e-02 -2.872842139257860469e-03
8.225232011413190214e-02 -1.477706781401281866e+00 -4.498984273647691629e-02 -2.872842139257860469e-03
8.359542125064925444e-02 -1.468240832256466621e+00 -2.854780850539519188e-02 8.555743979830397576e-04
8.359542125064925444e-02 -1.468240832256466621e+00 -2.854780850539519188e-02 8.555743979830397576e-04
8.232659048503000732e-02 -1.518959169949601007e+00 8.702767317244149495e-03 1.276443356308130722e-03
8.232659048503000732e-02 -1.518959169949601007e+00 8.702767317244149495e-03 1.276443356308130722e-03
8.232659048503000732e-02 -1.518959169949601007e+00 8.702767317244149495e-03 1.276443356308130722e-03
8.249501400791867112e-02 -1.495272751451819149e+00 -1.767145426467842118e-02 -1.042931877001097374e-03
8.249501400791867112e-02 -1.495272751451819149e+00 -1.767145426467842118e-02 -1.042931877001097374e-03
8.305227593642404427e-02 -1.491762929658833059e+00 -1.083171482872749558e-02 4.800803560625563631e-04
8.262512770854779642e-02 -1.516825870178630797e+00 9.275850227869007064e-03 -1.632467088805922219e-04
8.262512770854779642e-02 -1.516825870178630797e+00 9.275850227869007064e-03 -1.632467088805922219e-04
8.251589406508350044e-02 -1.509802403589768804e+00 3.709303266523538214e-04 5.157797310754421100e-04
8.251589406508350044e-02 -1.509802403589768804e+00 3.709303266523538214e-04 5.157797310754421100e-04
8.251589406508350044e-02 -1.509802403589768804e+00 3.709303266523538214e-04 5.157797310754421100e-04
8.256012608112392459e-02 -1.505260883952253881e+00 -5.914102872634149910e-03 -2.206690356586282287e-04
8.256012608112392459e-02 -1.505260883952253881e+00 -5.914102872634149910e-03 -2.206690356586282287e-04
8.234927894653126801e-02 -1.513863001403352504e+00 4.119021406499157739e-04 -3.696222111641854274e-04
8.254706758694668745e-02 -1.505111948665737609e+00 -5.530195996006791702e-03 -2.566923451958802232e-04
8.254706758694668745e-02 -1.505111948665737609e+00 -5.530195996006791702e-03 -2.566923451958802232e-04
8.251569238500638948e-02 -1.510655720622445575e+00 8.732510494797638377e-05 -1.811020805113719716e-04
8.251569238500638948e-02 -1.510655720622445575e+00 8.732510494797638377e-05 -1.811020805113719716e-04
8.251569238500638948e-02 -1.510655720622445575e+00 8.732510494797638377e-05 -1.811020805113719716e-04
8.251569238500638948e-02 -1.510655720622445575e+00 8.732510494797638377e-05 -1.811020805113719716e-04
8.252075242977244263e-02 -1.507340836800523221e+00 -3.553320535951902219e-03 -2.120330063463166819e-04
8.259535552937399827e-02 -1.506256339500383845e+00 -3.376421059169135847e-03 -6.909660052017985166e-05
8.254894532864209822e-02 -1.509130192035083473e+00 -5.708054120946823469e-04 -5.875059644628043186e-05
8.262333031040108855e-02 -1.506915667591892660e+00 -2.216872424287095848e-03 -2.997378011321157856e-04
8.262333031040108855e-02 -1.506915667591892660e+00 -2.216872424287095848e-03 -2.997378011321157856e-04
8.262333031040108855e-02 -1.506915667591892660e+00 -2.216872424287095848e-03 -2.997378011321157856e-04
8.262333031040108855e-02 -1.506915667591892660e+00 -2.216872424287095848e-03 -2.997378011321157856e-04
8.264795964325860611e-02 -1.506659661750033630e+00 -2.278919744532145047e-03 -2.756498453659259051e-04
8.278561829903358094e-02 -1.503838117534129548e+00 -2.763486633063723732e-03 -2.394539970116854903e-04
8.278561829903358094e-02 -1.503838117534129548e+00 -2.763486633063723732e-03 -2.394539970116854903e-04
8.278561829903358094e-02 -1.503838117534129548e+00 -2.763486633063723732e-03 -2.394539970116854903e-04
8.289599829690982857e-02 -1.503493612047243744e+00 -1.328163286854247213e-03 -1.822228261822919637e-04
8.303276862143321724e-02 -1.501631086453869113e+00 -4.910013031057258726e-04 -1.603284733269461602e-04
8.326374361107707900e-02 -1.496824991272299066e+00 -2.252647823502553458e-03 -3.154712920230380233e-04
8.326374361107707900e-02 -1.496824991272299066e+00 -2.252647823502553458e-03 -3.154712920230380233e-04
8.374915662947926553e-02 -1.491781774558414320e+00 1.026949998724721938e-03 -9.662936740222581589e-05
8.416826538315386186e-02 -1.483686907415562750e+00 -7.736172951000510473e-05 -1.468966149759632581e-04
8.474634730539754024e-02 -1.473953824323582573e+00 -1.441456016810256993e-03 -1.806114269234177427e-04
8.474634730539754024e-02 -1.473953824323582573e+00 -1.441456016810256993e-03 -1.806114269234177427e-04
8.651714678430294514e-02 -1.450263966470655141e+00 4.553365454452498393e-03 1.175066818495188728e-04
8.762231336361636647e-02 -1.429212043832604806e+00 6.389814017937795083e-04 -1.595751304532970526e-04
8.762231336361636647e-02 -1.429212043832604806e+00 6.389814017937795083e-04 -1.595751304532970526e-04
9.043558580875882269e-02 -1.386674733260678138e+00 3.374337152185926010e-03 2.828787659079732989e-04
9.466797212330901878e-02 -1.324899951095224182e+00 1.098101571093770129e-02 4.708316771240797396e-04
9.723949216975275034e-02 -1.278256655269505160e+00 3.812110460776093127e-03 1.395892060341271182e-04
9.723949216975275034e-02 -1.278256655269505160e+00 3.812110460776093127e-03 1.395892060341271182e-04
9.723949216975275034e-02 -1.278256655269505160e+00 3.812110460776093127e-03 1.395892060341271182e-04
1.127327789171642114e-01 -1.041715797828243861e+00 1.874872217124359808e-02 8.659452605635986015e-04
1.178166113834552275e-01 -9.528772472089164225e-01 9.361144898969470107e-03 7.863746257110250425e-04
1.178166113834552275e-01 -9.528772472089164225e-01 9.361144898969470107e-03 7.863746257110250425e-04
1.296457966353507518e-01 -7.648818399454233585e-01 1.098257617222994989e-02 3.096454912012711665e-04
1.296457966353507518e-01 -7.648818399454233585e-01 1.098257617222994989e-02 3.096454912012711665e-04
1.546439194550762730e-01 -3.613694885936782342e-01 6.215472349980849520e-03 6.807062698600805685e-04
1.546439194550762730e-01 -3.613694885936782342e-01 6.215472349980849520e-03 6.807062698600805685e-04
1.546439194550762730e-01 -3.613694885936782342e-01 6.215472349980849520e-03 6.807062698600805685e-04
1.637194867739397708e-01 -2.095584781071455627e-01 -1.601415642329746813e-03 -9.928747909644869765e-05
1.637194867739397708e-01 -2.095584781071455627e-01 -1.601415642329746813e-03 -9.928747909644869765e-05
1.637194867739397708e-01 -2.095584781071455627e-01 -1.601415642329746813e-03 -9.928747909644869765e-05
1.637194867739397708e-01 -2.095584781071455627e-01 -1.601415642329746813e-03 -9.928747909644869765e-05
1.637194867739397708e-01 -2.095584781071455627e-01 -1.601415642329746813e-03 -9.928747909644869765e-05
1.801883478321357479e-01 5.253589255544488523e-02 2.280581274556766052e-04 4.168541965272092508e-04
1.801883478321357479e-01 5.253589255544488523e-02 2.280581274556766052e-04 4.168541965272092508e-04
1.774216966981214672e-01 1.133881736283891620e-02 -4.116599711850812970e-03 1.589123124440024052e-04
1.824211934498846110e-01 8.989507932293150372e-02 -2.059068905759031849e-03 9.014507075839331071e-06
1.724431216471691286e-01 -7.033082674705726234e-02 -1.286753606714964799e-03 4.271911197425848762e-05
1.724431216471691286e-01 -7.033082674705726234e-02 -1.286753606714964799e-03 4.271911197425848762e-05
1.724431216471691286e-01 -7.033082674705726234e-02 -1.286753606714964799e-03 4.271911197425848762e-05
1.794638185443129808e-01 4.014896603033732414e-02 1.073631787842046614e-03 -9.085778022312669428e-05
1.729856343397641050e-01 -6.328035257605235664e-02 5.824513285508045070e-04 9.103881495553367142e-06
1.784913571164351564e-01 2.549562195867230777e-02 -2.493505066951774230e-04 6.397948760569343056e-05
1.784913571164351564e-01 2.549562195867230777e-02 -2.493505066951774230e-04 6.397948760569343056e-05
1.746751314046233183e-01 -3.517731885567590422e-02 -6.447505506181442107e-04 1.508233000537417500e-05
1.775868939607340158e-01 1.064679192226973374e-02 3.206443543528376288e-04 -3.846360231475581110e-05
1.775868939607340158e-01 1.064679192226973374e-02 3.206443543528376288e-04 -3.846360231475581110e-05
1.775868939607340158e-01 1.064679192226973374e-02 3.206443543528376288e-04 -3.846360231475581110e-05
1.771626036738521981e-01 4.081690775762416776e-03 -1.587770091807300978e-05 3.670451526201899846e-05
1.771626036738521981e-01 4.081690775762416776e-03 -1.587770091807300978e-05 3.670451526201899846e-05
1.755614549040332428e-01 -2.135349669263944539e-02 -2.116293837815280579e-04 1.178342731211303198e-05
1.757651808063810661e-01 -1.836913972086948871e-02 1.001653134045295967e-04 7.804425624050913423e-06
1.757651808063810661e-01 -1.836913972086948871e-02 1.001653134045295967e-04 7.804425624050913423e-06
1.757651808063810661e-01 -1.836913972086948871e-02 1.001653134045295967e-04 7.804425624050913423e-06
1.766758955512776064e-01 -3.666876464404707735e-03 -5.748409494446019913e-05 1.897274097009958886e-05
1.760146262472736811e-01 -1.417364267007629672e-02 -1.360917752715542248e-04 7.410861202394925017e-06
1.764459820827228853e-01 -7.211058538379408987e-03 -2.335365688531965979e-04 1.225798285180415269e-07
1.765474275794136627e-01 -5.807213702121041300e-03 6.501335129000208803e-05 7.406666557096410435e-08
1.765474275794136627e-01 -5.807213702121041300e-03 6.501335129000208803e-05 7.406666557096410435e-08
1.764755874937871671e-01 -6.862667443812876453e-03 -6.621638773534073278e-05 1.134040193402883502e-05
1.762025729975993660e-01 -1.120217864336574276e-02 -9.678580445686105909e-05 6.050654641630742701e-06
1.763878247796835386e-01 -8.219776590640590075e-03 -1.284143556981403016e-04 3.147523306331388497e-06
1.762482175241987248e-01 -1.053243893864624567e-02 -2.589026421011066283e-05 6.188952766119439616e-06
1.762482175241987248e-01 -1.053243893864624567e-02 -2.589026421011066283e-05 6.188952766119439616e-06
1.762482175241987248e-01 -1.053243893864624567e-02 -2.589026421011066283e-05 6.188952766119439616e-06
1.764158000871551557e-01 -7.860498607373408997e-03 -1.539842462153872659e-05 -6.723537085498911551e-07
1.762675863045247704e-01 -1.019850642075875030e-02 -5.356104624016468286e-05 5.263375996683230367e-07
1.762675863045247704e-01 -1.019850642075875030e-02 -5.356104624016468286e-05 5.263375996683230367e-07
1.763725665275192589e-01 -8.555402168570147570e-03 -5.758161039197602625e-06 2.639721098952773988e-06
1.763725665275192589e-01 -8.555402168570147570e-03 -5.758161039197602625e-06 2.639721098952773988e-06
1.763725665275192589e-01 -8.555402168570147570e-03 -5.758161039197602625e-06 2.639721098952773988e-06
1.763725665275192589e-01 -8.555402168570147570e-03 -5.758161039197602625e-06 2.639721098952773988e-06
1.763066937826751335e-01 -9.597161099021664019e-03 -2.157285141670545531e-05 6.672550613025317779e-07
1.763233682746628006e-01 -9.348802372390368348e-03 3.393838480153683805e-06 9.636237546463716439e-07
1.763645485491333320e-01 -8.659470179973340759e-03 -3.610125756028170161e-05 4.521565945654102416e-07
1.763625161357640081e-01 -8.720098936459804578e-03 -5.272032030597552970e-07 -1.962741023605249632e-07
1.763625161357640081e-01 -8.720098936459804578e-03 -5.272032030597552970e-07 -1.962741023605249632e-07
1.763625161357640081e-01 -8.720098936459804578e-03 -5.272032030597552970e-07 -1.962741023605249632e-07
1.763625161357640081e-01 -8.720098936459804578e-03 -5.272032030597552970e-07 -1.962741023605249632e-07
1.763625161357640081e-01 -8.720098936459804578e-03 -5.272032030597552970e-07 -1.962741023605249632e-07
1.763603606121345591e-01 -8.746107117731820313e-03 -1.041787958563987726e-05 -5.105107831445276087e-07
1.763603606121345591e-01 -8.746107117731820313e-03 -1.041787958563987726e-05 -5.105107831445276087e-07
1.763603606121345591e-01 -8.746107117731820313e-03 -1.041787958563987726e-05 -5.105107831445276087e-07
1.763603606121345591e-01 -8.746107117731820313e-03 -1.041787958563987726e-05 -5.105107831445276087e-07
1.763603606121345591e-01 -8.746107117731820313e-03 -1.041787958563987726e-05 -5.105107831445276087e-07
1.763603606121345591e-01 -8.746107117731820313e-03 -1.041787958563987726e-05 -5.105107831445276087e-07
1.763603606121345591e-01 -8.746107117731820313e-03 -1.041787958563987726e-05 -5.105107831445276087e-07
1.763568105389216878e-01 -8.802671878760739282e-03 -1.113849553026067168e-05 -5.544840315370791707e-07
1.763568105389216878e-01 -8.802671878760739282e-03 -1.113849553026067168e-05 -5.544840315370791707e-07
