0.000000000000000000e+00 -1.703380110334631085e-06
9.090909090909090606e-01 5.044575029186171636e-05
1.818181818181818121e+00 5.055359436070747646e-05
2.727272727272727071e+00 5.107094259866620475e-05
3.636363636363636243e+00 5.051080232175605945e-05
4.545454545454544970e+00 4.988971317168332590e-05
5.454545454545454142e+00 4.016134491472432881e-05
6.363636363636363313e+00 4.815208224224364384e-05
7.272727272727272485e+00 4.801962309646128405e-05
8.181818181818181657e+00 4.626835421296571265e-05
9.090909090909089940e+00 4.643370302281932222e-05
9.999999999999998224e+00 4.484609435945966904e-05
1.090909090909090828e+01 4.385551080894463475e-05
1.181818181818181657e+01 5.047741167729596310e-05
1.272727272727272663e+01 5.208906672955419652e-05
1.363636363636363491e+01 5.174872611661040839e-05
1.454545454545454497e+01 5.142261501944818712e-05
1.545454545454545325e+01 5.727380493570593780e-05
1.636363636363636331e+01 5.516543465977555017e-05
1.727272727272727337e+01 5.701702877767518887e-05
1.818181818181818343e+01 6.506185429382073566e-05
1.909090909090908994e+01 6.536645278824428714e-05
2.000000000000000000e+01 6.481789504032608789e-05
2.090909090909091006e+01 6.687772877903366570e-05
2.181818181818182012e+01 7.263808323873608558e-05
2.272727272727272663e+01 7.244670514473665909e-05
2.363636363636363669e+01 7.166571309857483094e-05
2.454545454545454675e+01 7.733558002457108812e-05
2.545454545454545325e+01 8.145883701587680722e-05
2.636363636363636331e+01 7.989741621627857607e-05
2.727272727272727337e+01 8.147718000551637161e-05
2.818181818181818343e+01 8.836755123611505212e-05
2.909090909090908994e+01 8.978308282209392739e-05
3.000000000000000000e+01 8.833074803384416613e-05
3.090909090909091006e+01 9.185491659684935639e-05
3.181818181818181657e+01 9.896680199314203635e-05
3.272727272727272663e+01 9.788754072536599220e-05
3.363636363636363313e+01 9.780880529963831651e-05
3.454545454545453964e+01 1.041306609293061379e-04
3.545454545454545325e+01 1.087337882115984385e-04
3.636363636363635976e+01 1.068938000081349956e-04
3.727272727272726627e+01 1.087280280005682064e-04
3.818181818181817988e+01 1.171863720633409918e-04
3.909090909090908639e+01 1.181643880985919622e-04
3.999999999999999289e+01 1.166869560390874829e-04
4.090909090909090651e+01 1.213191066099664146e-04
4.181818181818181301e+01 1.292645021593417790e-04
4.272727272727272663e+01 1.278962045860035845e-04
4.363636363636363313e+01 1.279495406557779643e-04
4.454545454545453964e+01 1.356028539234548080e-04
4.545454545454545325e+01 1.405058983787830108e-04
4.636363636363635976e+01 1.383130201286821297e-04
4.727272727272726627e+01 1.408453549525234393e-04
4.818181818181817988e+01 1.507913897193980291e-04
4.909090909090908639e+01 1.515196086839414090e-04
4.999999999999999289e+01 1.499485383148865716e-04
5.090909090909090651e+01 1.556579689557473613e-04
5.181818181818181301e+01 1.646462537124535888e-04
5.272727272727271952e+01 1.628708908626682662e-04
5.363636363636363313e+01 1.631847799218812838e-04
5.454545454545453964e+01 1.724765394436886322e-04
5.545454545454545325e+01 1.776567964460266913e-04
5.636363636363635976e+01 1.751154237549589583e-04
5.727272727272726627e+01 1.783845728168485789e-04
5.818181818181817988e+01 1.899778102545838870e-04
5.909090909090908639e+01 1.904629990587888432e-04
5.999999999999999289e+01 1.887830961220222730e-04
6.090909090909090651e+01 1.957792195260031533e-04
6.181818181818181301e+01 2.059317850429196318e-04
6.272727272727271952e+01 2.037118662473980059e-04
6.363636363636363313e+01 2.043373171011462499e-04
6.454545454545454675e+01 2.154706486975805648e-04
6.545454545454545325e+01 2.209663801168227683e-04
6.636363636363635976e+01 2.180396276990425415e-04
6.727272727272726627e+01 2.221555983243063089e-04
6.818181818181817277e+01 2.355949803411278509e-04
6.909090909090907928e+01 2.358147924623833552e-04
7.000000000000000000e+01 2.340325501837129448e-04
7.090909090909090651e+01 2.424861309374773139e-04
7.181818181818181301e+01 2.539162309791260976e-04
7.272727272727271952e+01 2.512147836155703652e-04
7.363636363636362603e+01 2.522048401726203993e-04
7.454545454545454675e+01 2.654003466201401967e-04
7.545454545454545325e+01 2.712107989775568856e-04
7.636363636363635976e+01 2.678764873058460741e-04
7.727272727272726627e+01 2.729533671131799573e-04
7.818181818181817277e+01 2.883853403640601219e-04
7.909090909090907928e+01 2.883123492003511305e-04
8.000000000000000000e+01 2.864487662182765631e-04
8.090909090909090651e+01 2.965094964045305757e-04
8.181818181818181301e+01 3.092574108510375008e-04
8.272727272727271952e+01 3.060493746032415165e-04
8.363636363636362603e+01 3.074740808102360704e-04
8.454545454545454675e+01 3.228692467482216694e-04
8.545454545454545325e+01 3.289269371044738818e-04
8.636363636363635976e+01 3.252030737310394317e-04
8.727272727272726627e+01 3.313311674547153259e-04
8.818181818181817277e+01 3.487344431980859364e-04
8.909090909090907928e+01 3.483304025447786457e-04
9.000000000000000000e+01 3.464537803074217975e-04
9.090909090909090651e+01 3.618705611769902153e-04
