0.000000000000000000e+00 3.969208938398711695e-01
9.090909090909090606e-01 3.765421713067492182e-01
1.818181818181818121e+00 3.764999646001898626e-01
2.727272727272727071e+00 3.762979988598288972e-01
3.636363636363636243e+00 3.765166929078606617e-01
4.545454545454544970e+00 3.767573004551200144e-01
5.454545454545454142e+00 3.807218944290574059e-01
6.363636363636363313e+00 3.777624145722770499e-01
7.272727272727272485e+00 3.778073537800362702e-01
8.181818181818181657e+00 3.782382482972727056e-01
9.090909090909089940e+00 3.781982896397291238e-01
9.999999999999998224e+00 3.785844654812284271e-01
1.090909090909090828e+01 3.788248236060529073e-01
1.181818181818181657e+01 3.772085820611981166e-01
1.272727272727272663e+01 3.768196896091831616e-01
1.363636363636363491e+01 3.769013669458433080e-01
1.454545454545454497e+01 3.769787497066853788e-01
1.545454545454545325e+01 3.755726632566898648e-01
1.636363636363636331e+01 3.760773727405959388e-01
1.727272727272727337e+01 3.756292545429170682e-01
1.818181818181818343e+01 3.737069658356863000e-01
1.909090909090908994e+01 3.736341384466662641e-01
2.000000000000000000e+01 3.737618735889171040e-01
2.090909090909091006e+01 3.732710822249543092e-01
2.181818181818182012e+01 3.719080102762059026e-01
2.272727272727272663e+01 3.719529420219964688e-01
2.363636363636363669e+01 3.721344132241959923e-01
2.454545454545454675e+01 3.707978694298185163e-01
2.545454545454545325e+01 3.698298303683332233e-01
2.636363636363636331e+01 3.701940197398608801e-01
2.727272727272727337e+01 3.698212290130930002e-01
2.818181818181818343e+01 3.682112482607794446e-01
2.909090909090908994e+01 3.678814061607833530e-01
3.000000000000000000e+01 3.682172835261273702e-01
3.090909090909091006e+01 3.673957661671548580e-01
3.181818181818181657e+01 3.657461454384102195e-01
3.272727272727272663e+01 3.659953476123711247e-01
3.363636363636363313e+01 3.660107755212325120e-01
3.454545454545453964e+01 3.645493869093440198e-01
3.545454545454545325e+01 3.634885956763074799e-01
3.636363636363635976e+01 3.639107141495435682e-01
3.727272727272726627e+01 3.634864157016813868e-01
3.818181818181817988e+01 3.615439326245091789e-01
3.909090909090908639e+01 3.613196803417347280e-01
3.999999999999999289e+01 3.616560735033368390e-01
4.090909090909090651e+01 3.605943241880990024e-01
4.181818181818181301e+01 3.587789738761895664e-01
4.272727272727272663e+01 3.590906670167213210e-01
4.363636363636363313e+01 3.590765046340191335e-01
4.454545454545453964e+01 3.573316522371043913e-01
4.545454545454545325e+01 3.562157674812617691e-01
4.636363636363635976e+01 3.567135548062779771e-01
4.727272727272726627e+01 3.561363304896532078e-01
4.818181818181817988e+01 3.538766521217744376e-01
4.909090909090908639e+01 3.537112536216239222e-01
4.999999999999999289e+01 3.540668541667840730e-01
5.090909090909090651e+01 3.527707835132962155e-01
5.181818181818181301e+01 3.507323797866961357e-01
5.272727272727271952e+01 3.511347198865467645e-01
5.363636363636363313e+01 3.510632117460633639e-01
5.454545454545453964e+01 3.489564517457462989e-01
5.545454545454545325e+01 3.477818152962597331e-01
5.636363636363635976e+01 3.483583742673392880e-01
5.727272727272726627e+01 3.476173801039403877e-01
5.818181818181817988e+01 3.449862983064704292e-01
5.909090909090908639e+01 3.448761190522235953e-01
5.999999999999999289e+01 3.452591745672399792e-01
6.090909090909090651e+01 3.436698341820562663e-01
6.181818181818181301e+01 3.413586767297092095e-01
6.272727272727271952e+01 3.418653567050885522e-01
6.363636363636363313e+01 3.417257855995665117e-01
6.454545454545454675e+01 3.391843978025728124e-01
6.545454545454545325e+01 3.379265859031795882e-01
6.636363636363635976e+01 3.386000761618092603e-01
6.727272727272726627e+01 3.376603546622286567e-01
6.818181818181817277e+01 3.345697539985694746e-01
6.909090909090907928e+01 3.345194079287731048e-01
7.000000000000000000e+01 3.349371618070225987e-01
7.090909090909090651e+01 3.329855737800795357e-01
7.181818181818181301e+01 3.303300085277459663e-01
7.272727272727271952e+01 3.309624723465562912e-01
7.363636363636362603e+01 3.307411616518122210e-01
7.454545454545454675e+01 3.276529911143217788e-01
7.545454545454545325e+01 3.262844878687661820e-01
7.636363636363635976e+01 3.270802372376527822e-01
7.727272727272726627e+01 3.258903540010492095e-01
7.818181818181817277e+01 3.222165831499374522e-01
7.909090909090907928e+01 3.222352820081051950e-01
8.000000000000000000e+01 3.226987376845326105e-01
8.090909090909090651e+01 3.202833237350500850e-01
8.181818181818181301e+01 3.171835253374299946e-01
8.272727272727271952e+01 3.179758273612047770e-01
8.363636363636362603e+01 3.176495158618093395e-01
8.454545454545454675e+01 3.138514877457490582e-01
8.545454545454545325e+01 3.123389316016448314e-01
8.636363636363635976e+01 3.132931963163730904e-01
8.727272727272726627e+01 3.117754317839740441e-01
8.818181818181817277e+01 3.073416023375070694e-01
8.909090909090907928e+01 3.074490229110220518e-01
9.000000000000000000e+01 3.079709996752972301e-01
9.090909090909090651e+01 3.039588826411334654e-01
