0.000000000000000000e+00 1.582837613117829223e+00 -3.514195713539073463e-05 6.025003282206424218e-06 -9.552667261143348221e-07
9.090909090909090606e-01 1.469515831767564285e+00 5.622215963917873106e-04 5.252703047480511051e-06 8.774101928364047764e-07
1.818181818181818121e+00 1.469291039606958948e+00 5.634149481302427572e-04 5.251141019802862972e-06 8.823835872420233387e-07
2.727272727272727071e+00 1.468215898943341591e+00 5.689428467179299433e-04 5.244223352345479031e-06 8.943438907975996040e-07
3.636363636363636243e+00 1.469380130000006668e+00 5.629138617681770642e-04 5.252181481079013281e-06 8.787233565008436672e-07
4.545454545454544970e+00 1.470662196080527950e+00 5.562775057405728880e-04 5.260787203909465150e-06 8.649675108252557990e-07
5.454545454545454142e+00 1.491967827252847156e+00 4.537695240191787693e-04 5.377082640258853552e-06 7.836384098878779285e-07
6.363636363636363313e+00 1.476031302893518138e+00 5.388825692614033916e-04 5.284005674418178237e-06 8.730846060242577656e-07
7.272727272727272485e+00 1.476271866633353413e+00 5.374322426646875117e-04 5.285624102693696507e-06 8.689243467192622262e-07
8.181818181818181657e+00 1.478580704923854849e+00 5.180644481755894599e-04 5.305682591680178398e-06 8.169773368036492152e-07
9.090909090909089940e+00 1.478366423670601115e+00 5.205908461933982578e-04 5.297792224046927400e-06 8.644251569334427187e-07
9.999999999999998224e+00 1.480438752482775566e+00 5.027998994657444619e-04 5.340485836773169790e-06 8.053098339142156095e-07
1.090909090909090828e+01 1.481730222568993227e+00 4.917213506499659628e-04 5.368049868181449863e-06 7.708279682298085240e-07
1.181818181818181657e+01 1.473070125517093265e+00 5.648426557939361606e-04 5.207533853417988305e-06 9.593942028941434502e-07
1.272727272727272663e+01 1.470994794836318453e+00 5.816079086808917517e-04 5.192160665833402450e-06 9.469602326704893096e-07
1.363636363636363491e+01 1.471430398278531948e+00 5.779367027176069002e-04 5.194930442223470280e-06 9.414559283141267345e-07
1.454545454545454497e+01 1.471843228747908627e+00 5.745255021782487382e-04 5.196443137335814696e-06 9.428587971742912603e-07
1.545454545454545325e+01 1.464361762247512022e+00 6.358707834905875890e-04 5.154959602657739272e-06 9.400320986350167570e-07
1.636363636363636331e+01 1.467042376654172697e+00 6.138254741626446125e-04 5.169751654249409061e-06 9.419023522050212467e-07
1.727272727272727337e+01 1.464662062432279477e+00 6.332094176801788838e-04 5.157168321337996752e-06 9.419887132161187324e-07
1.818181818181818343e+01 1.454499072016367744e+00 7.168639385806101346e-04 5.108306864161756386e-06 9.346352994640577506e-07
1.909090909090908994e+01 1.454115551400900097e+00 7.200257666864271324e-04 5.107432850652172122e-06 9.349386183706019505e-07
2.000000000000000000e+01 1.454788298174443550e+00 7.143535749758088632e-04 5.110110125383814121e-06 9.361501939480039204e-07
2.090909090909091006e+01 1.452205269085566242e+00 7.356627795391462244e-04 5.098926835587966695e-06 9.345183011954982854e-07
2.181818181818182012e+01 1.445057347576004014e+00 7.949985168700695248e-04 5.069980909473999474e-06 9.290138492415508917e-07
2.272727272727272663e+01 1.445292365585977512e+00 7.930384207663985358e-04 5.071180274706787220e-06 9.295573697398522622e-07
2.363636363636363669e+01 1.446241976957477693e+00 7.850208949468640007e-04 5.074982073240446596e-06 9.311147528825032033e-07
2.454545454545454675e+01 1.439263645889580223e+00 8.431386277073006381e-04 5.048082521218335887e-06 9.260355553310332029e-07
2.545454545454545325e+01 1.434231716595483874e+00 8.851873448805253498e-04 5.028965098743912475e-06 9.221504619605275405e-07
2.636363636363636331e+01 1.436122606284733649e+00 8.692949730353579643e-04 5.036399525565200142e-06 9.244941509975484335e-07
2.727272727272727337e+01 1.434187090017761568e+00 8.853903289815780956e-04 5.029256800184168954e-06 9.236792913883619516e-07
2.818181818181818343e+01 1.425859627376667271e+00 9.552682611094872244e-04 4.998090039953311468e-06 9.171249681028731224e-07
2.909090909090908994e+01 1.424159814772487431e+00 9.695698191115506006e-04 4.991903998137789294e-06 9.161001914420237818e-07
3.000000000000000000e+01 1.425890749557326087e+00 9.549094685384160609e-04 4.998590203612621684e-06 9.183099273570115448e-07
3.090909090909091006e+01 1.421660954213255668e+00 9.904746515712306489e-04 4.983109179036929085e-06 9.155763174990166800e-07
3.181818181818181657e+01 1.413206711897341261e+00 1.061862928126760782e-03 4.951835584866620668e-06 9.087666189725170846e-07
3.272727272727272663e+01 1.414480528921319591e+00 1.051070269145279717e-03 4.956784818013950110e-06 9.104872860386223175e-07
3.363636363636363313e+01 1.414559428921603468e+00 1.050290546674990163e-03 4.957396725160982045e-06 9.115092081399036111e-07
3.454545454545453964e+01 1.407105754974498080e+00 1.113421136580109924e-03 4.930022910514937280e-06 9.058516766531219262e-07
3.545454545454545325e+01 1.401720400596562222e+00 1.159153544405638414e-03 4.910198432873006622e-06 9.016011100154051767e-07
3.636363636363635976e+01 1.403860872180741737e+00 1.140907453816551427e-03 4.918401839962581579e-06 9.042277310369008505e-07
3.727272727272726627e+01 1.401709355399824553e+00 1.159116044832122355e-03 4.910778754814490224e-06 9.033568703439766244e-07
3.818181818181817988e+01 1.391901865447043418e+00 1.242652642743120785e-03 4.874627839986308634e-06 8.954303256177668896e-07
3.909090909090908639e+01 1.390774066962469524e+00 1.252278584062380606e-03 4.870631958291481502e-06 8.949921993391736761e-07
3.999999999999999289e+01 1.392466181646703438e+00 1.237756750179257268e-03 4.877261699282903878e-06 8.974405112486352674e-07
4.090909090909090651e+01 1.387132370815151061e+00 1.283267863536657590e-03 4.857830789703795527e-06 8.937806482646516542e-07
4.181818181818181301e+01 1.378059600178411115e+00 1.360889602585550360e-03 4.824284926972073089e-06 8.862829018605902464e-07
4.272727272727272663e+01 1.379613217231971722e+00 1.347571651389531605e-03 4.830324445064962128e-06 8.883893868279353974e-07
4.363636363636363313e+01 1.379542588658913660e+00 1.348103576946082507e-03 4.830476188482635326e-06 8.894242783246394458e-07
4.454545454545453964e+01 1.370867878809360674e+00 1.422466217813122841e-03 4.798509803918985828e-06 8.826504799630607608e-07
4.545454545454545325e+01 1.365347946710845140e+00 1.469855337006105043e-03 4.778105880734982544e-06 8.782447016067247910e-07
4.636363636363635976e+01 1.367807687139209749e+00 1.448699849327030270e-03 4.787633403709420434e-06 8.813644510258410147e-07
4.727272727272726627e+01 1.364955815942442863e+00 1.473156265042468212e-03 4.777449977300939494e-06 8.800094276239643218e-07
4.818181818181817988e+01 1.353846206470738611e+00 1.568674894263177551e-03 4.736193173751228627e-06 8.707944386269883288e-07
4.909090909090908639e+01 1.353036419626353570e+00 1.575648143531628879e-03 4.733401808252495507e-06 8.707267983992331977e-07
4.999999999999999289e+01 1.354777998700944286e+00 1.560636444262938080e-03 4.740370456329175581e-06 8.734052339777541684e-07
5.090909090909090651e+01 1.348440583681511429e+00 1.615173268864845448e-03 4.717088864255357945e-06 8.688894814515066942e-07
5.181818181818181301e+01 1.338529572828404346e+00 1.700518786388021363e-03 4.680109945025279973e-06 8.605495900215015688e-07
5.272727272727271952e+01 1.340480420094437353e+00 1.683723502463464099e-03 4.687772613008592200e-06 8.631578952979554812e-07
5.363636363636363313e+01 1.340133502811505783e+00 1.686716493557280112e-03 4.687000608900659302e-06 8.641050812071695650e-07
5.454545454545453964e+01 1.329949795561024217e+00 1.774432209054757712e-03 4.649089834424990584e-06 8.559491660225161247e-07
5.545454545454545325e+01 1.324302631790237328e+00 1.823069611738034005e-03 4.628026258016031530e-06 8.514292993623803814e-07
5.636363636363635976e+01 1.327071756093255228e+00 1.799255012063318048e-03 4.638925790767669689e-06 8.549856455744916126e-07
5.727272727272726627e+01 1.323513836690423329e+00 1.829927707377585399e-03 4.626077173569367658e-06 8.530964635465937655e-07
5.818181818181817988e+01 1.310949880832734227e+00 1.938042076726335418e-03 4.578889029814445280e-06 8.425272613394456792e-07
5.909090909090908639e+01 1.310426084274717295e+00 1.942558774728487354e-03 4.577211419222567233e-06 8.427941941209475286e-07
5.999999999999999289e+01 1.312247947326397268e+00 1.926981871719468230e-03 4.584691928801976578e-06 8.456691748394339992e-07
6.090909090909090651e+01 1.304703453001667235e+00 1.991860461984134353e-03 4.556652597431508891e-06 8.401332618077748397e-07
6.181818181818181301e+01 1.293800460479157755e+00 2.085422284006176186e-03 4.515474561457290802e-06 8.309174167782744409e-07
6.272727272727271952e+01 1.296183937290321220e+00 2.065041391894709057e-03 4.524977572111264810e-06 8.339918417039713324e-07
6.363636363636363313e+01 1.295527001473356643e+00 2.070825204551941454e-03 4.523157191018102351e-06 8.347407925170056010e-07
6.454545454545454675e+01 1.283615187598744489e+00 2.172792995247431122e-03 4.478229519688553713e-06 8.251149369003829136e-07
6.545454545454545325e+01 1.277754299516058678e+00 2.222847476853032772e-03 4.456111906049726110e-06 8.204794970757608245e-07
6.636363636363635976e+01 1.280889666192683629e+00 2.196250274768437021e-03 4.468694105499294783e-06 8.243779858717875616e-07
6.727272727272726627e+01 1.276516673304759486e+00 2.233717870714595991e-03 4.452690605618490185e-06 8.218283749704517082e-07
6.818181818181817277e+01 1.262222457518296093e+00 2.355250882889280487e-03 4.398232739544453244e-06 8.099147058055438427e-07
6.909090909090907928e+01 1.261990704865122881e+00 2.357243531418305813e-03 4.397736314958102327e-06 8.104635415791906470e-07
7.000000000000000000e+01 1.263914768592321103e+00 2.341238626407361138e-03 4.405886334056126319e-06 8.133628984867281100e-07
7.090909090909090651e+01 1.254946811022746633e+00 2.417240921254981342e-03 4.372067915653055421e-06 8.067225065286873120e-07
7.181818181818181301e+01 1.242826697459172847e+00 2.519334164464552463e-03 4.325584627615801385e-06 7.967439906512428109e-07
7.272727272727271952e+01 1.245704748332538525e+00 2.495300425338222751e-03 4.337279171000924855e-06 8.001131382216975169e-07
7.363636363636362603e+01 1.244697063800193737e+00 2.504181615710379238e-03 4.334258857464253985e-06 8.004558068040208148e-07
7.454545454545454675e+01 1.230702931752949203e+00 2.621273444898703734e-03 4.280601649574543813e-06 7.894462039096159855e-07
7.545454545454545325e+01 1.224540953453882031e+00 2.672540768960327429e-03 4.256998325943338715e-06 7.847815745550206241e-07
7.636363636363635976e+01 1.228121075186351829e+00 2.643204094912031919e-03 4.271706092866898178e-06 7.887088906353405903e-07
7.727272727272726627e+01 1.222770702826458944e+00 2.687986479496619775e-03 4.251802431404042048e-06 7.853452444654598849e-07
7.818181818181817277e+01 1.206363330956908397e+00 2.823132342060386858e-03 4.188154796818553064e-06 7.724835147648171048e-07
7.909090909090907928e+01 1.206446420815950882e+00 2.822511008354960157e-03 4.188991615309583567e-06 7.731465478625066832e-07
8.000000000000000000e+01 1.208507175147012447e+00 2.806342979490684605e-03 4.198052666030947742e-06 7.756364007292353801e-07
8.090909090909090651e+01 1.197795624064083686e+00 2.893920995238046835e-03 4.156902907412816353e-06 7.680000389575214341e-07
8.181818181818181301e+01 1.184150945326435167e+00 3.004143806734842909e-03 4.103536506820733257e-06 7.578029584928928191e-07
8.272727272727271952e+01 1.187627771696088130e+00 2.976526168531288055e-03 4.118002020502580565e-06 7.609761861033900168e-07
8.363636363636362603e+01 1.186194949907720675e+00 2.988920340561895036e-03 4.113490727742457850e-06 7.604921101551008714e-07
8.454545454545454675e+01 1.169608034816690623e+00 3.121115775222347514e-03 4.048539541794264108e-06 7.488073090060903511e-07
8.545454545454545325e+01 1.163047683651832198e+00 3.172834027339161127e-03 4.022918632484656041e-06 7.443919033821504335e-07
8.636363636363635976e+01 1.167183616184282791e+00 3.141166942436815577e-03 4.040402605036657384e-06 7.475179909039850874e-07
8.727272727272726627e+01 1.160610117613526615e+00 3.193494753388946561e-03 4.015427173954742417e-06 7.432375883072373943e-07
8.818181818181817277e+01 1.141550470335464196e+00 3.340934968045921466e-03 3.939755999208220293e-06 7.308810165182721670e-07
8.909090909090907928e+01 1.142009760665487983e+00 3.337542020694340538e-03 3.942265320445976313e-06 7.312223625426604432e-07
9.000000000000000000e+01 1.144243267038018264e+00 3.321866876455215837e-03 3.952538402689626302e-06 7.322824656182112167e-07
9.090909090909090651e+01 1.127148580433581015e+00 3.451513472521045966e-03 3.884635157336717186e-06 7.221176736927960691e-07
