-7.936144254195642844e-03 -8.820708723712695765e-01 -5.311658464932502710e-01 -1.053538926359873784e-01
-8.233749663727977369e-03 -9.151485300851920357e-01 -5.510845657367473560e-01 -9.481850337238861837e-02
-8.233749663727977369e-03 -9.151485300851920357e-01 -5.510845657367473560e-01 -9.481850337238861837e-02
-8.233749663727977369e-03 -9.151485300851920357e-01 -5.510845657367473560e-01 -9.481850337238861837e-02
-8.363952030398375675e-03 -8.882729331926295657e-01 -6.095958035145199183e-01 -8.757542325366451941e-02
-8.684807862550422697e-03 -8.929244788086498907e-01 -5.953829673876498418e-01 -7.424157121692231964e-02
-8.684807862550422697e-03 -8.929244788086498907e-01 -5.953829673876498418e-01 -7.424157121692231964e-02
-9.454978111828438170e-03 -9.546651328879569576e-01 -6.399796311105576674e-01 -5.529021670173789316e-02
-9.626885924072944856e-03 -9.236602125145054742e-01 -7.365290090061609174e-01 -3.091169633054921539e-02
-1.031368161098807773e-02 -1.003951865791037790e+00 -7.147064375693463756e-01 -2.900061375660928364e-03
-1.031368161098807773e-02 -1.003951865791037790e+00 -7.147064375693463756e-01 -2.900061375660928364e-03
-1.031368161098807773e-02 -1.003951865791037790e+00 -7.147064375693463756e-01 -2.900061375660928364e-03
-1.031368161098807773e-02 -1.003951865791037790e+00 -7.147064375693463756e-01 -2.900061375660928364e-03
-1.031368161098807773e-02 -1.003951865791037790e+00 -7.147064375693463756e-01 -2.900061375660928364e-03
-1.031368161098807773e-02 -1.003951865791037790e+00 -7.147064375693463756e-01 -2.900061375660928364e-03
-1.031368161098807773e-02 -1.003951865791037790e+00 -7.147064375693463756e-01 -2.900061375660928364e-03
-1.031368161098807773e-02 -1.003951865791037790e+00 -7.147064375693463756e-01 -2.900061375660928364e-03
-1.031368161098807773e-02 -1.003951865791037790e+00 -7.147064375693463756e-01 -2.900061375660928364e-03
-1.026872062606525027e-02 -9.676382134801106982e-01 -6.719529832884651999e-01 -1.587657313925238539e-02
-1.032177905502978943e-02 -1.075096981304692889e+00 -6.378100530524659639e-01 7.782018272869837758e-03
-1.032177905502978943e-02 -1.075096981304692889e+00 -6.378100530524659639e-01 7.782018272869837758e-03
-1.032177905502978943e-02 -1.075096981304692889e+00 -6.378100530524659639e-01 7.782018272869837758e-03
-9.354380744098722555e-03 -1.059146004485250980e+00 -5.142773858538545184e-01 -2.292635097523356910e-02
-8.758547802469485166e-03 -1.200404152360960541e+00 -4.815275963396590253e-01 -2.260660825036536759e-03
-8.809553917348476176e-03 -1.262008000261597651e+00 -3.818543189768228707e-01 -2.740153817568615618e-03
-8.809553917348476176e-03 -1.262008000261597651e+00 -3.818543189768228707e-01 -2.740153817568615618e-03
-7.677101902696763236e-03 -1.315872872169000729e+00 -2.421067544204145161e-01 -1.767257357680697416e-02
-7.677101902696763236e-03 -1.315872872169000729e+00 -2.421067544204145161e-01 -1.767257357680697416e-02
-7.508751443442405332e-03 -1.573028974103450217e+00 3.628807287309210317e-02 7.068330639647017917e-03
-6.825354576670827900e-03 -1.545167014842604658e+00 -2.643923943780096542e-02 -6.986911202073873423e-03
-6.825354576670827900e-03 -1.545167014842604658e+00 -2.643923943780096542e-02 -6.986911202073873423e-03
-6.825354576670827900e-03 -1.545167014842604658e+00 -2.643923943780096542e-02 -6.986911202073873423e-03
-6.825354576670827900e-03 -1.545167014842604658e+00 -2.643923943780096542e-02 -6.986911202073873423e-03
-7.177459622476791215e-03 -1.528563758581224619e+00 -5.694215122021367703e-02 2.175346842474024881e-03
-6.653407769541536468e-03 -1.604058126286322716e+00 5.501607189350263272e-02 1.860159054850111767e-04
-6.653407769541536468e-03 -1.604058126286322716e+00 5.501607189350263272e-02 1.860159054850111767e-04
-7.233967099350807964e-03 -1.559233689788765753e+00 7.436456548960539495e-03 2.502120561646010988e-03
-7.233967099350807964e-03 -1.559233689788765753e+00 7.436456548960539495e-03 2.502120561646010988e-03
-7.233967099350807964e-03 -1.559233689788765753e+00 7.436456548960539495e-03 2.502120561646010988e-03
-7.080361220611126882e-03 -1.533410415810686711e+00 -2.708868841352550516e-02 -1.827756939027181575e-03
-6.870179760591749868e-03 -1.574626154051306681e+00 1.880391266293333918e-02 -1.710657861961261891e-04
-7.006002807632456461e-03 -1.549573251862038648e+00 -1.373841080400411280e-02 -1.537721232994190921e-03
-7.006002807632456461e-03 -1.549573251862038648e+00 -1.373841080400411280e-02 -1.537721232994190921e-03
-7.112191771878216204e-03 -1.557736844937049447e+00 3.839661429533257776e-03 6.752885919324044762e-04
-7.112191771878216204e-03 -1.557736844937049447e+00 3.839661429533257776e-03 6.752885919324044762e-04
-7.112191771878216204e-03 -1.557736844937049447e+00 3.839661429533257776e-03 6.752885919324044762e-04
-6.955765440715068644e-03 -1.563272685462396172e+00 5.502289880762579674e-03 -3.771876170983048211e-04
-7.040186264847331059e-03 -1.558229486979343381e+00 2.385468806677296973e-03 3.290965504573275819e-04
-7.034182041941722599e-03 -1.552900477855007511e+00 -4.780220509771373506e-03 -5.467395033439312844e-04
-7.034182041941722599e-03 -1.552900477855007511e+00 -4.780220509771373506e-03 -5.467395033439312844e-04
-7.034182041941722599e-03 -1.552900477855007511e+00 -4.780220509771373506e-03 -5.467395033439312844e-04
-6.985311010776382515e-03 -1.559593315713176054e+00 1.497690606723990799e-03 -3.094274988941810977e-04
-7.020662016083645263e-03 -1.557242195063378798e+00 -1.716922053128138240e-04 -3.610092128530350826e-05
-7.020662016083645263e-03 -1.557242195063378798e+00 -1.716922053128138240e-04 -3.610092128530350826e-05
-7.020662016083645263e-03 -1.557242195063378798e+00 -1.716922053128138240e-04 -3.610092128530350826e-05
-7.030305971994540125e-03 -1.555112931253173736e+00 -2.114551087987417369e-03 -3.369352774576167900e-04
-7.090046273927412893e-03 -1.552817261359503043e+00 -2.201574786486617565e-03 4.141150646985860629e-05
-7.042154857649307598e-03 -1.556163099881341161e+00 4.774780859296140489e-04 -1.594953761986121418e-04
-7.023997317784532769e-03 -1.555423843798516614e+00 -4.072556528873340700e-04 -3.430117585334825528e-04
-7.072590194594250562e-03 -1.552516373082888368e+00 -1.951259515403063437e-03 -3.629145315746229580e-04
-7.084088349983212220e-03 -1.553347357807951079e+00 7.324515356371685826e-05 -7.506980246081273317e-05
-7.084088349983212220e-03 -1.553347357807951079e+00 7.324515356371685826e-05 -7.506980246081273317e-05
-7.105854914196720051e-03 -1.548831955005151251e+00 -3.663979721161445165e-03 -3.393980773002233838e-04
-7.143707900085117558e-03 -1.548718981650023085e+00 -3.027122080784532855e-03 -9.410728731485296528e-05
-7.158927065214235747e-03 -1.545381070657332767e+00 -3.773314354153108584e-03 -4.599059132658600535e-04
-7.224253282920960889e-03 -1.542176777674566956e+00 -3.890859221095399785e-03 -5.317471070658951610e-07
-7.224253282920960889e-03 -1.542176777674566956e+00 -3.890859221095399785e-03 -5.317471070658951610e-07
-7.329882240957881490e-03 -1.536600299075772114e+00 -4.755400432124233870e-03 3.961714397954175983e-05
-7.393807024835658340e-03 -1.527737233855340548e+00 -7.325324476382833599e-03 -3.506711125204030333e-04
-7.393807024835658340e-03 -1.527737233855340548e+00 -7.325324476382833599e-03 -3.506711125204030333e-04
-7.393807024835658340e-03 -1.527737233855340548e+00 -7.325324476382833599e-03 -3.506711125204030333e-04
-7.303843557628180577e-03 -1.536579318437224284e+00 -4.076960326389687979e-03 -2.012920618197850731e-04
-7.685943673531377140e-03 -1.510188041446588691e+00 -8.856902574758981558e-03 -2.185455512423112941e-04
-7.685943673531377140e-03 -1.510188041446588691e+00 -8.856902574758981558e-03 -2.185455512423112941e-04
-7.685943673531377140e-03 -1.510188041446588691e+00 -8.856902574758981558e-03 -2.185455512423112941e-04
-7.776342181807616161e-03 -1.507168311665059157e+00 -6.286402008981482187e-03 1.306846205291884149e-04
-7.776342181807616161e-03 -1.507168311665059157e+00 -6.286402008981482187e-03 1.306846205291884149e-04
-8.299255080803919285e-03 -1.468720930346769205e+00 -1.269876699801924906e-02 -2.602232473487596032e-04
-8.299255080803919285e-03 -1.468720930346769205e+00 -1.269876699801924906e-02 -2.602232473487596032e-04
-8.863975622144620176e-03 -1.435690512413096087e+00 -1.303404376160257824e-02 4.309312070026535824e-04
-8.952475770001900451e-03 -1.434022644107999511e+00 -1.031244688646060920e-02 3.532230098070726913e-04
-8.952475770001900451e-03 -1.434022644107999511e+00 -1.031244688646060920e-02 3.532230098070726913e-04
-1.011916753261013491e-02 -1.353396351277359244e+00 -1.791858971933698447e-02 2.728732968539317096e-04
-1.011916753261013491e-02 -1.353396351277359244e+00 -1.791858971933698447e-02 2.728732968539317096e-04
-1.141730889834897608e-02 -1.275832330474912624e+00 -2.046099470283344046e-02 4.226004723344551576e-04
-1.182130166651501266e-02 -1.255251791585031640e+00 -1.443922298500201207e-02 1.055476143858549709e-03
-1.182130166651501266e-02 -1.255251791585031640e+00 -1.443922298500201207e-02 1.055476143858549709e-03
-1.395332852690527384e-02 -1.112762550913464210e+00 -2.477937654862621963e-02 2.619041662672997109e-04
-1.395332852690527384e-02 -1.112762550913464210e+00 -2.477937654862621963e-02 2.619041662672997109e-04
-1.326622674821233833e-02 -1.167546156471003904e+00 -1.408932308888886931e-02 1.826653799356509067e-04
-1.764639466884481561e-02 -8.937242030687837513e-01 -1.714092229599774309e-02 1.090015303895936144e-03
-1.764639466884481561e-02 -8.937242030687837513e-01 -1.714092229599774309e-02 1.090015303895936144e-03
-1.734074962521516688e-02 -9.096247860229187410e-01 -1.300380634443402961e-02 -8.205934437398943251e-04
-2.184231108665248694e-02 -6.483289999720391883e-01 -2.831961553442244317e-03 4.210298936701065142e-06
-2.184231108665248694e-02 -6.483289999720391883e-01 -2.831961553442244317e-03 4.210298936701065142e-06
-2.243003830266939239e-02 -6.093026709353663861e-01 1.527319752743127451e-03 -7.506177205079923257e-05
-2.243003830266939239e-02 -6.093026709353663861e-01 1.527319752743127451e-03 -7.506177205079923257e-05
-2.951634812464495189e-02 -1.807040619880924126e-01 5.937980122911848922e-03 7.738845143068500028e-05
-2.951634812464495189e-02 -1.807040619880924126e-01 5.937980122911848922e-03 7.738845143068500028e-05
-2.951634812464495189e-02 -1.807040619880924126e-01 5.937980122911848922e-03 7.738845143068500028e-05
-2.951634812464495189e-02 -1.807040619880924126e-01 5.937980122911848922e-03 7.738845143068500028e-05
-3.278965833801916752e-02 2.747087536506820360e-02 3.650970323723764718e-04 1.346689608705117704e-04
-3.278965833801916752e-02 2.747087536506820360e-02 3.650970323723764718e-04 1.346689608705117704e-04
-3.278965833801916752e-02 2.747087536506820360e-02 3.650970323723764718e-04 1.346689608705117704e-04
-3.278965833801916752e-02 2.747087536506820360e-02 3.650970323723764718e-04 1.346689608705117704e-04
-3.278965833801916752e-02 2.747087536506820360e-02 3.650970323723764718e-04 1.346689608705117704e-04
-3.278965833801916752e-02 2.747087536506820360e-02 3.650970323723764718e-04 1.346689608705117704e-04
-3.278965833801916752e-02 2.747087536506820360e-02 3.650970323723764718e-04 1.346689608705117704e-04
-3.278965833801916752e-02 2.747087536506820360e-02 3.650970323723764718e-04 1.346689608705117704e-04
-3.278965833801916752e-02 2.747087536506820360e-02 3.650970323723764718e-04 1.346689608705117704e-04
-3.278965833801916752e-02 2.747087536506820360e-02 3.650970323723764718e-04 1.346689608705117704e-04
-3.278965833801916752e-02 2.747087536506820360e-02 3.650970323723764718e-04 1.346689608705117704e-04
-3.278965833801916752e-02 2.747087536506820360e-02 3.650970323723764718e-04 1.346689608705117704e-04
-3.278965833801916752e-02 2.747087536506820360e-02 3.650970323723764718e-04 1.346689608705117704e-04
-3.278965833801916752e-02 2.747087536506820360e-02 3.650970323723764718e-04 1.346689608705117704e-04
-3.278965833801916752e-02 2.747087536506820360e-02 3.650970323723764718e-04 1.346689608705117704e-04
-3.222118910606168452e-02 -3.085635288701379410e-03 -9.620252779317054609e-04 -3.371779559291322118e-05
-3.251081339952265059e-02 1.267208192290157805e-02 7.259547143144613225e-04 2.856347007077915029e-05
-3.209722208514007025e-02 -1.279195963813207354e-02 4.140310324789875243e-04 -2.468260787466106367e-05
-3.209722208514007025e-02 -1.279195963813207354e-02 4.140310324789875243e-04 -2.468260787466106367e-05
-3.209722208514007025e-02 -1.279195963813207354e-02 4.140310324789875243e-04 -2.468260787466106367e-05
-3.209722208514007025e-02 -1.279195963813207354e-02 4.140310324789875243e-04 -2.468260787466106367e-05
-3.226717384537120675e-02 -1.326803667373687660e-03 -3.258838639645682462e-04 -5.589030779950847138e-06
-3.226717384537120675e-02 -1.326803667373687660e-03 -3.258838639645682462e-04 -5.589030779950847138e-06
-3.226717384537120675e-02 -1.326803667373687660e-03 -3.258838639645682462e-04 -5.589030779950847138e-06
-3.226717384537120675e-02 -1.326803667373687660e-03 -3.258838639645682462e-04 -5.589030779950847138e-06
-3.226717384537120675e-02 -1.326803667373687660e-03 -3.258838639645682462e-04 -5.589030779950847138e-06
-3.227013390024451034e-02 -1.751938096669560137e-03 4.386826373685487936e-05 1.851545928907528940e-05
-3.236027217385197691e-02 3.676290578679409105e-03 1.861253282828832561e-04 1.854023556287163332e-05
-3.236027217385197691e-02 3.676290578679409105e-03 1.861253282828832561e-04 1.854023556287163332e-05
-3.234883345140471267e-02 3.324430447837179847e-03 -9.145762149219371603e-05 2.165340067396878660e-05
-3.234883345140471267e-02 3.324430447837179847e-03 -9.145762149219371603e-05 2.165340067396878660e-05
-3.230519650939418785e-02 6.473515329130051770e-04 -1.180082523375442644e-04 7.812973222136239369e-06
-3.230519650939418785e-02 6.473515329130051770e-04 -1.180082523375442644e-04 7.812973222136239369e-06
-3.230519650939418785e-02 6.473515329130051770e-04 -1.180082523375442644e-04 7.812973222136239369e-06
-3.230519650939418785e-02 6.473515329130051770e-04 -1.180082523375442644e-04 7.812973222136239369e-06
-3.230836978463379194e-02 9.591514049146544242e-04 -5.205842440838448937e-05 1.832330180488282321e-06
-3.230836978463379194e-02 9.591514049146544242e-04 -5.205842440838448937e-05 1.832330180488282321e-06
-3.230836978463379194e-02 9.591514049146544242e-04 -5.205842440838448937e-05 1.832330180488282321e-06
-3.230836978463379194e-02 9.591514049146544242e-04 -5.205842440838448937e-05 1.832330180488282321e-06
-3.230836978463379194e-02 9.591514049146544242e-04 -5.205842440838448937e-05 1.832330180488282321e-06
-3.231508380812807973e-02 1.218344015492469398e-03 -5.674709024236541000e-05 -1.581924763213831125e-06
-3.231508380812807973e-02 1.218344015492469398e-03 -5.674709024236541000e-05 -1.581924763213831125e-06
-3.230955206630110182e-02 7.830859778463913033e-04 7.654903685056088717e-06 2.272781311227692347e-06
-3.232865318680377964e-02 2.014541621938464172e-03 7.653002659413304481e-06 -1.257546213710850439e-06
-3.232865318680377964e-02 2.014541621938464172e-03 7.653002659413304481e-06 -1.257546213710850439e-06
-3.232865318680377964e-02 2.014541621938464172e-03 7.653002659413304481e-06 -1.257546213710850439e-06
-3.232060223854681114e-02 1.508407055292427341e-03 -2.581646500457538077e-05 -5.793059319426364184e-07
-3.232848897864146198e-02 1.899526127711833635e-03 7.808321929443173235e-06 -3.049234826880705767e-07
-3.232848897864146198e-02 1.899526127711833635e-03 7.808321929443173235e-06 -3.049234826880705767e-07
-3.231594988997832374e-02 1.178248356976966445e-03 4.546802650817360862e-06 6.440489311570208899e-07
-3.231594988997832374e-02 1.178248356976966445e-03 4.546802650817360862e-06 6.440489311570208899e-07
-3.231594988997832374e-02 1.178248356976966445e-03 4.546802650817360862e-06 6.440489311570208899e-07
-3.231962721345982281e-02 1.410120443923272657e-03 -1.178762643487570880e-05 -3.086480860668090286e-07
-3.231962721345982281e-02 1.410120443923272657e-03 -1.178762643487570880e-05 -3.086480860668090286e-07
-3.232294820040475941e-02 1.577520267650340050e-03 3.368605649269702787e-06 -2.255732431851387299e-07
-3.231814786565764125e-02 1.297700161619596551e-03 2.633869598358338913e-06 -5.084437525409668796e-07
-3.231763005157603508e-02 1.271418583196567498e-03 1.003688682007628213e-06 2.123665879775898899e-07
-3.231763005157603508e-02 1.271418583196567498e-03 1.003688682007628213e-06 2.123665879775898899e-07
-3.231998675798176957e-02 1.424060768985377324e-03 -4.770315387815804435e-06 -2.920992574886205706e-07
-3.231998675798176957e-02 1.424060768985377324e-03 -4.770315387815804435e-06 -2.920992574886205706e-07
-3.231737589886868323e-02 1.270814741804107174e-03 -1.632690331904347247e-06 -2.547774224648978724e-07
-3.231737589886868323e-02 1.270814741804107174e-03 -1.632690331904347247e-06 -2.547774224648978724e-07
-3.231995001842067478e-02 1.424666459350483645e-03 -6.270110323296006226e-07 -2.196620018598179588e-07
-3.231847071224390466e-02 1.330021658196408208e-03 -9.641993663168644852e-07 2.851489944992519254e-08
-3.231787796497284648e-02 1.306169142012636062e-03 8.091985692825600437e-07 1.417327578024144359e-07
-3.231917573250124576e-02 1.383937481492968340e-03 -2.651004223416369502e-06 3.457179186714216755e-08
-3.231917573250124576e-02 1.383937481492968340e-03 -2.651004223416369502e-06 3.457179186714216755e-08
-3.231917573250124576e-02 1.383937481492968340e-03 -2.651004223416369502e-06 3.457179186714216755e-08
