0.000000000000000000e+00 -1.703380110334631085e-06
9.090909090909090606e-01 4.586567225251619547e-05
1.818181818181818121e+00 9.022225522731960293e-05
2.727272727272727071e+00 1.315758808797962837e-04
3.636363636363636243e+00 1.698481531328309912e-04
4.545454545454544970e+00 2.051349542780038851e-04
5.454545454545454142e+00 2.376597758112473935e-04
6.363636363636363313e+00 2.676803912972304696e-04
7.272727272727272485e+00 2.954204800194405517e-04
8.181818181818181657e+00 3.210175157100521835e-04
9.090909090909089940e+00 3.445326909318518127e-04
1.000000000000000000e+01 3.660622835555704148e-04
1.090909090909090828e+01 3.857222225124371504e-04
1.181818181818181834e+01 4.036366356569564022e-04
1.272727272727272663e+01 4.199307058419075997e-04
1.363636363636363669e+01 4.347254803702254320e-04
1.454545454545454497e+01 4.481342809777750526e-04
1.545454545454545325e+01 4.602603867094646767e-04
1.636363636363636331e+01 4.711968308117292612e-04
1.727272727272727337e+01 4.810425418867821839e-04
1.818181818181817988e+01 4.898740573578434700e-04
1.909090909090908994e+01 4.977590953075480568e-04
2.000000000000000000e+01 5.047641579314521981e-04
2.090909090909091006e+01 5.109539610453480915e-04
2.181818181818181657e+01 5.163910437166803914e-04
2.272727272727272663e+01 5.211355243454858033e-04
2.363636363636363669e+01 5.252449735089667051e-04
2.454545454545454319e+01 5.287743779592619540e-04
2.545454545454545325e+01 5.317761740946699671e-04
2.636363636363636331e+01 5.343003328666963685e-04
2.727272727272727337e+01 5.363944813603227372e-04
2.818181818181817988e+01 5.381040491611443089e-04
2.909090909090908994e+01 5.394725014465396066e-04
3.000000000000000000e+01 5.405392207541439512e-04
3.090909090909090651e+01 5.413288479700726231e-04
3.181818181818181657e+01 5.418620903387318805e-04
3.272727272727272663e+01 5.421589288101093859e-04
3.363636363636363313e+01 5.422386758239165858e-04
3.454545454545454675e+01 5.421200372571536273e-04
3.545454545454545325e+01 5.418211769584753814e-04
3.636363636363635976e+01 5.413597825583451022e-04
3.727272727272727337e+01 5.407531314772263953e-04
3.818181818181817988e+01 5.400181562573037192e-04
3.909090909090908639e+01 5.391715085189684349e-04
4.000000000000000000e+01 5.382296209943708207e-04
4.090909090909090651e+01 5.372087672193854180e-04
4.181818181818182012e+01 5.361251185750439156e-04
4.272727272727272663e+01 5.349947984623266463e-04
4.363636363636363313e+01 5.338339334724463096e-04
4.454545454545454675e+01 5.326585866920921335e-04
4.545454545454545325e+01 5.314745577601085944e-04
4.636363636363635976e+01 5.302803559626861375e-04
4.727272727272727337e+01 5.290769395429196619e-04
4.818181818181817988e+01 5.278654640824317467e-04
4.909090909090908639e+01 5.266472960082165151e-04
5.000000000000000000e+01 5.254240254933617918e-04
5.090909090909090651e+01 5.241974787690787535e-04
5.181818181818181301e+01 5.229697298628955713e-04
5.272727272727272663e+01 5.217431117755441921e-04
5.363636363636363313e+01 5.205202271069748381e-04
5.454545454545454675e+01 5.193039581401211018e-04
5.545454545454545325e+01 5.180974763894583956e-04
5.636363636363635976e+01 5.169042516200854408e-04
5.727272727272727337e+01 5.157280603419970438e-04
5.818181818181817988e+01 5.145729937833814658e-04
5.909090909090908639e+01 5.134434653461883782e-04
6.000000000000000000e+01 5.123442175468406485e-04
6.090909090909090651e+01 5.112803284447933055e-04
6.181818181818181301e+01 5.102572175616898725e-04
6.272727272727272663e+01 5.092747802567875555e-04
6.363636363636363313e+01 5.083234280575220235e-04
6.454545454545454675e+01 5.074011887994276868e-04
6.545454545454545325e+01 5.065064890221392894e-04
6.636363636363635976e+01 5.056379212247717834e-04
6.727272727272726627e+01 5.047942443273559059e-04
6.818181818181817277e+01 5.039743841434281366e-04
6.909090909090909349e+01 5.031774338622593216e-04
7.000000000000000000e+01 5.024026545386230547e-04
7.090909090909090651e+01 5.016494755874933856e-04
7.181818181818181301e+01 5.009174952806523485e-04
7.272727272727271952e+01 5.002064812418313255e-04
7.363636363636364024e+01 4.995163709367487440e-04
7.454545454545454675e+01 4.988472721541817485e-04
7.545454545454545325e+01 4.981994634740598629e-04
7.636363636363635976e+01 4.975733947184673989e-04
7.727272727272726627e+01 4.969696873813771783e-04
7.818181818181817277e+01 4.963891350329321765e-04
7.909090909090909349e+01 4.958327036941063276e-04
8.000000000000000000e+01 4.953015321776450168e-04
8.090909090909090651e+01 4.947968031142066861e-04
8.181818181818181301e+01 4.943137776036463180e-04
8.272727272727271952e+01 4.938490390214470786e-04
8.363636363636364024e+01 4.934020168277210641e-04
8.454545454545454675e+01 4.929721556296675147e-04
8.545454545454545325e+01 4.925589153255982306e-04
8.636363636363635976e+01 4.921617712317278605e-04
8.727272727272726627e+01 4.917802141933374756e-04
8.818181818181817277e+01 4.914137506818073032e-04
8.909090909090909349e+01 4.910619028789030369e-04
9.000000000000000000e+01 4.907242087496029980e-04
