0.000000000000000000e+00 1.582837613117829223e+00 -3.514195713539073463e-05 6.025003282206424218e-06 -9.552667261143348221e-07
9.090909090909090606e-01 1.476767585867178934e+00 5.116369310526377567e-04 5.331190792815658360e-06 7.192885067911529770e-07
1.818181818181818121e+00 1.383075030299216746e+00 9.764731191874704945e-04 4.764394977371852927e-06 2.117197314718834541e-06
2.727272727272727071e+00 1.299237111486504892e+00 1.380545387200695067e-03 4.290596646229471346e-06 3.287580720165065148e-06
3.636363636363636243e+00 1.223673053894678731e+00 1.735262797674067860e-03 3.891336913839143558e-06 4.261670406101565823e-06
4.545454545454544970e+00 1.155071244710025091e+00 2.049718013768350895e-03 3.551705606365796287e-06 5.066384585591780188e-06
5.454545454545454142e+00 1.092314279483497907e+00 2.331485152779771367e-03 3.258993461992507835e-06 5.725981839577384011e-06
6.363636363636363313e+00 1.034478962130715551e+00 2.586619786140022074e-03 3.002692130920502150e-06 6.262061116878287322e-06
7.272727272727272485e+00 9.808363049319634985e-01 2.819658939416260987e-03 2.774494175369152643e-06 6.693561734192623823e-06
8.181818181818181657e+00 9.308564145376613252e-01 3.033566014114029517e-03 2.568833974812247075e-06 7.036124116658552960e-06
9.090909090909089940e+00 8.841825559541568458e-01 3.230032666693179698e-03 2.383781372321691389e-06 7.299349489856160565e-06
1.000000000000000000e+01 8.405012745041430255e-01 3.410657976996804737e-03 2.216883670300110716e-06 7.491434294290481546e-06
1.090909090909090828e+01 7.995259537127101801e-01 3.576925034213288782e-03 2.065802958943356388e-06 7.620287120270142934e-06
1.181818181818181834e+01 7.609980267261063913e-01 3.730181841975599433e-03 1.928448568365694650e-06 7.693447987919137907e-06
1.272727272727272663e+01 7.246869763117376184e-01 3.871641318361285569e-03 1.802977068599807079e-06 7.718088347176824937e-06
1.363636363636363669e+01 6.903903348581673649e-01 4.002381295892479089e-03 1.687792269596791224e-06 7.701011077797924404e-06
1.454545454545454497e+01 6.579336843751175667e-01 4.123344521535893606e-03 1.581545221226161872e-06 7.648650489352524527e-06
1.545454545454545325e+01 6.271706564934671491e-01 4.235338656702824882e-03 1.483134213275847029e-06 7.567072321226075434e-06
1.636363636363636331e+01 5.979816870394112360e-01 4.339046879672884931e-03 1.391699290476214119e-06 7.461980437377385322e-06
1.727272727272727337e+01 5.702515768385704176e-01 4.435174770907484611e-03 1.306535772015020714e-06 7.337917053825695766e-06
1.818181818181817988e+01 5.438905339595143662e-01 4.524179141443767857e-03 1.227152030285127521e-06 7.197021468184085914e-06
1.909090909090908994e+01 5.188210984711150164e-01 4.606429438350070210e-03 1.153124625928670287e-06 7.041100661054585325e-06
2.000000000000000000e+01 4.949697140885614410e-01 4.682290200387658266e-03 1.084052151422391710e-06 6.871976635131673461e-06
2.090909090909091006e+01 4.722667281733593514e-01 4.752121058010735748e-03 1.019555231077640169e-06 6.691486415202280539e-06
2.181818181818181657e+01 4.506463917333309865e-01 4.816276733366440035e-03 9.592765210403709970e-07 6.501482048145787524e-06
2.272727272727272663e+01 4.300468594226154462e-01 4.875107040294843902e-03 9.028807092911443616e-07 6.303830602934022749e-06
2.363636363636363669e+01 4.104101895416684131e-01 4.928956884328952910e-03 8.500545156451273828e-07 6.100414170631267837e-06
2.454545454545454319e+01 3.916823440372624865e-01 4.978166262694710617e-03 8.005066917520932860e-07 5.893129864394252623e-06
2.545454545454545325e+01 3.738131885024866818e-01 5.023070264310990768e-03 7.539680210964211903e-07 5.683889819472155152e-06
2.636363636363636331e+01 3.567564921767469865e-01 5.063999069789606837e-03 7.101913189970961086e-07 5.474621193206608458e-06
2.727272727272727337e+01 3.404699279457660266e-01 5.101277951435303354e-03 6.689514326077099004e-07 5.267266165031691242e-06
2.818181818181817988e+01 3.249150723415831221e-01 5.135227273245759373e-03 6.300452409164602130e-07 5.063781936473936348e-06
2.909090909090908994e+01 3.100572746391258572e-01 5.166162406121397113e-03 5.932925041561891878e-07 4.866081619569733218e-06
3.000000000000000000e+01 2.958619410551743822e-01 5.194340680963427555e-03 5.585749168289009335e-07 4.673720512264867741e-06
3.090909090909090651e+01 2.823001181449522612e-01 5.219882815772142887e-03 5.258087880484072105e-07 4.485915012897108200e-06
3.181818181818181657e+01 2.693459173927899575e-01 5.242892828778548259e-03 4.949052420199337306e-07 4.302618494400208311e-06
3.272727272727272663e+01 2.569741428574058850e-01 5.263479539585220850e-03 4.657767928951529839e-07 4.123809049149555013e-06
3.363636363636363313e+01 2.451602911719063527e-01 5.281756569166303796e-03 4.383373447721845037e-07 3.949489488962167627e-06
3.454545454545454675e+01 2.338805515437854810e-01 5.297842339867510526e-03 4.125021916955935957e-07 3.779687345096693618e-06
3.545454545454545325e+01 2.231118057549255629e-01 5.311860075406121297e-03 3.881880176563933499e-07 3.614454868253417911e-06
3.636363636363635976e+01 2.128316281615965921e-01 5.323937800870985788e-03 3.653128965920423641e-07 3.453869028574250610e-06
3.727272727272727337e+01 2.030182856944563463e-01 5.334208342722523977e-03 3.437962923864465439e-07 3.298031515642736319e-06
3.818181818181817988e+01 1.936507378585509698e-01 5.342809328792720927e-03 3.235590588699583615e-07 3.147068738484053711e-06
3.909090909090908639e+01 1.847086367333140577e-01 5.349883188285133734e-03 3.045234398193767500e-07 3.001131825565007911e-06
4.000000000000000000e+01 1.761723269725672392e-01 5.355577151774885448e-03 2.866130689579471559e-07 2.860396624794038542e-06
4.090909090909090651e+01 1.680228458045202877e-01 5.360043251208670284e-03 2.697529699553620690e-07 2.725063703521218028e-06
4.181818181818182012e+01 1.602419230317706222e-01 5.363438319904748411e-03 2.538695564277603339e-07 2.595358348538247361e-06
4.272727272727272663e+01 1.528119810313037508e-01 5.365923992552949426e-03 2.388906319377276796e-07 2.471530566078462030e-06
4.363636363636363313e+01 1.457161347544929098e-01 5.367666705214674087e-03 2.247453899942959779e-07 2.353855081816826091e-06
4.454545454545454675e+01 1.389381845552279393e-01 5.368836270366973695e-03 2.113647398611416507e-07 2.242612880404465492e-06
4.545454545454545325e+01 1.324630016381808384e-01 5.369483024133692856e-03 1.987095499169652471e-07 2.136877306076701245e-06
4.636363636363635976e+01 1.262786114729513853e-01 5.369582576853419546e-03 1.867600575271433126e-07 2.035859785228948328e-06
4.727272727272727337e+01 1.203739931074213204e-01 5.369145039094696745e-03 1.754895386131569961e-07 1.939387230401561023e-06
4.818181818181817988e+01 1.147383287197963897e-01 5.368184371950386093e-03 1.648711210934931508e-07 1.847291373171707578e-06
4.909090909090908639e+01 1.093610036186060813e-01 5.366718387037663560e-03 1.548777848836439111e-07 1.759408764153366399e-06
5.000000000000000000e+01 1.042316062427037504e-01 5.364768746498017708e-03 1.454823618961069041e-07 1.675580772997327741e-06
5.090909090909090651e+01 9.933992816126674397e-02 5.362360962997254031e-03 1.366575360403854353e-07 1.595653588391195195e-06
5.181818181818181301e+01 9.467596407379616497e-02 5.359524399725492348e-03 1.283758432229882497e-07 1.519478218059383355e-06
5.272727272727272663e+01 9.022991181011696948e-02 5.356292270397167675e-03 1.206096713474294002e-07 1.446910488763117394e-06
5.363636363636363313e+01 8.599217233037810548e-02 5.352701639251029354e-03 1.133312603142287368e-07 1.377811046300436879e-06
5.454545454545454675e+01 8.195334972505224913e-02 5.348793421050142792e-03 1.065127020209113508e-07 1.312045355506191532e-06
5.545454545454545325e+01 7.810425121493608236e-02 5.344612381081887721e-03 1.001259403620080645e-07 1.249483700252043776e-06
5.636363636363635976e+01 7.443588715115002918e-02 5.340207135157957336e-03 9.414277122905507423e-08 1.190001183446467670e-06
5.727272727272727337e+01 7.093947101513847775e-02 5.335630149614362626e-03 8.853484251059397617e-08 1.133477727034748067e-06
5.818181818181817988e+01 6.760641941866959992e-02 5.330937741311426309e-03 8.327365409217208447e-08 1.079798071998983787e-06
5.909090909090908639e+01 6.442835210383553168e-02 5.326190077633788898e-03 7.833055785634210023e-08 1.028851778358083809e-06
6.000000000000000000e+01 6.139709194305220663e-02 5.321451176490404368e-03 7.367675768266217766e-08 9.805332251677691740e-07
6.090909090909090651e+01 5.850466493905945309e-02 5.316788906314541020e-03 6.928330944769609614e-08 9.347416105205748901e-07
6.181818181818181301e+01 5.574330022492093861e-02 5.312274986063784087e-03 6.512112102501299555e-08 8.913809515458448534e-07
6.272727272727272663e+01 5.310631632524072387e-02 5.307920202681953512e-03 6.117329517159376019e-08 8.502602576553355980e-07
6.363636363636363313e+01 5.058958492077508806e-02 5.303629467413410736e-03 5.744632503769320908e-08 8.111147719017944319e-07
6.454545454545454675e+01 4.818866575977209799e-02 5.299390676035356344e-03 5.393329207007129459e-08 7.738772044579888226e-07
6.545454545454545325e+01 4.589915916221522924e-02 5.295195985634374401e-03 5.062664534916076166e-08 7.384843239141400763e-07
6.636363636363635976e+01 4.371673252512504881e-02 5.291039252769815480e-03 4.751866341499874867e-08 7.048721396067682020e-07
6.727272727272726627e+01 4.163712032255924289e-02 5.286916033473791458e-03 4.460145426722692650e-08 6.729759016186932881e-07
6.818181818181817277e+01 3.965612410561262374e-02 5.282823583251178984e-03 4.186695536509145875e-08 6.427301007790358199e-07
6.909090909090909349e+01 3.776961250241708812e-02 5.278760857079619478e-03 3.930693362744298195e-08 6.140684686632153034e-07
7.000000000000000000e+01 3.597352121814174908e-02 5.274728509409516534e-03 3.691298543273673786e-08 5.869239775929528063e-07
7.090909090909090651e+01 3.426385303499274865e-02 5.270728894164038517e-03 3.467653661903234852e-08 5.612288406362674639e-07
7.181818181818181301e+01 3.263667781221338271e-02 5.266766064739117695e-03 3.258884248399397502e-08 5.369145116074796553e-07
7.272727272727271952e+01 3.108813248608403856e-02 5.262845774003449377e-03 3.064098778489027122e-08 5.139116850672086747e-07
7.363636363636364024e+01 2.961442106992224002e-02 5.258975474298493644e-03 2.882388673859435728e-08 4.921502963223742131e-07
7.454545454545454675e+01 2.821181465408267516e-02 5.255164317438473613e-03 2.712828302158395857e-08 4.715595214261963054e-07
7.545454545454545325e+01 2.687665140595709573e-02 5.251423154710377177e-03 2.554474976994118738e-08 4.520677771781942190e-07
7.636363636363635976e+01 2.560533656997437610e-02 5.247764536873955263e-03 2.406368957935268842e-08 4.336027211241873008e-07
7.727272727272726627e+01 2.439434246760054104e-02 5.244202714161722706e-03 2.267533450510963226e-08 4.160912515562950298e-07
7.818181818181817277e+01 2.324020849733869631e-02 5.240753636278958245e-03 2.136974606210760944e-08 3.994595075129364878e-07
7.909090909090909349e+01 2.213954113472909463e-02 5.237434952403704526e-03 2.013681522484680913e-08 3.836328687788305185e-07
8.000000000000000000e+01 2.108901393234912519e-02 5.234266011186768097e-03 1.896626242743186692e-08 3.685359558849967862e-07
8.090909090909090651e+01 2.008542148707840799e-02 5.231266391998893456e-03 1.784802224745864975e-08 3.540948181113637860e-07
8.181818181818181301e+01 1.912818197606879628e-02 5.228388073632987340e-03 1.679005127039474756e-08 3.403388560848963337e-07
8.272727272727271952e+01 1.821631287377113023e-02 5.225597669093302693e-03 1.579681996613629242e-08 3.272797452446111818e-07
8.363636363636364024e+01 1.734773337848663846e-02 5.222893921677324892e-03 1.486456192479988267e-08 3.148829950245268809e-07
8.454545454545454675e+01 1.652043674673897913e-02 5.220275573282856865e-03 1.398966125119874708e-08 3.031153445829129090e-07
8.545454545454545325e+01 1.573249029327416365e-02 5.217741364408011277e-03 1.316865256484266380e-08 2.919447628022885062e-07
8.636363636363635976e+01 1.498203539106059308e-02 5.215290034151216607e-03 1.239822099993801825e-08 2.813404482894237868e-07
8.727272727272726627e+01 1.426728747128908070e-02 5.212920320211213675e-03 1.167520220538778327e-08 2.712728293753391570e-07
8.818181818181817277e+01 1.358653602337281038e-02 5.210630958887057379e-03 1.099658234479152411e-08 2.617135641153054736e-07
8.909090909090909349e+01 1.293814459494736432e-02 5.208420685078114960e-03 1.035949809644538681e-08 2.526355402888439381e-07
9.000000000000000000e+01 1.232055079187073000e-02 5.206288232284069471e-03 9.761236653342137920e-09 2.440128753997266790e-07
