1.000000000000000000e+00 1.000000000000000000e+00
1.074999999999999734e+00 8.999999999999999112e-01
1.187500000000000000e+00 8.499999999999996447e-01
1.293749999999999734e+00 6.249999999999991118e-01
1.571875000000000355e+00 4.124999999999983125e-01
1.678125000000000089e+00 1.874999999999977796e-01
1.956250000000000711e+00 -2.500000000000301981e-02
1.956250000000000711e+00 -2.500000000000301981e-02
2.119921875000001066e+00 -4.218750000000331957e-02
2.119921875000001066e+00 -4.218750000000331957e-02
2.119921875000001066e+00 -4.218750000000331957e-02
2.119921875000001066e+00 -4.218750000000331957e-02
2.260095214843751421e+00 -1.108398437500349859e-02
2.384875488281251954e+00 -5.473632812500377198e-02
2.384875488281251954e+00 -5.473632812500377198e-02
2.384875488281251954e+00 -5.473632812500377198e-02
2.384875488281251954e+00 -5.473632812500377198e-02
2.384875488281251954e+00 -5.473632812500377198e-02
2.377399158477785157e+00 -3.521614074707404840e-02
2.377399158477785157e+00 -3.521614074707404840e-02
2.389448583126069892e+00 -3.978490829471478807e-03
2.389448583126069892e+00 -3.978490829471478807e-03
2.389448583126069892e+00 -3.978490829471478807e-03
2.389448583126069892e+00 -3.978490829471478807e-03
2.389448583126069892e+00 -3.978490829471478807e-03
2.389448583126069892e+00 -3.978490829471478807e-03
2.389448583126069892e+00 -3.978490829471478807e-03
2.387292119313499050e+00 -3.389248671013837463e-03
2.388775154095494457e+00 7.340564974546719308e-04
2.388775154095494457e+00 7.340564974546719308e-04
2.388775154095494457e+00 7.340564974546719308e-04
2.388775154095494457e+00 7.340564974546719308e-04
2.389173639716878128e+00 4.141578787851676402e-05
2.388955762487767309e+00 -3.457127166407797858e-04
2.388919927598908366e+00 2.909540165367702235e-04
2.388819947706567692e+00 -6.177691901726555369e-05
2.388912850070252780e+00 -1.155620839405137220e-04
2.388893163243659412e+00 1.011422575289402861e-04
2.388861477181762005e+00 -3.449341611152613246e-05
2.388895085141481633e+00 -4.111883161590331923e-05
2.388885722202640949e+00 3.166806683261277672e-05
2.388885722202640949e+00 3.166806683261277672e-05
