1.000000000000000000e+00 1.000000000000000000e+00
1.074999999999999734e+00 8.999999999999999112e-01
1.187500000000000000e+00 8.499999999999996447e-01
1.293749999999999734e+00 6.249999999999991118e-01
1.571875000000000355e+00 4.124999999999983125e-01
1.678125000000000089e+00 1.874999999999977796e-01
1.956250000000000711e+00 -2.500000000000301981e-02
1.956250000000000711e+00 -2.500000000000301981e-02
1.755859375000000444e+00 1.640624999999976130e-01
1.945019531250000933e+00 1.054687499999705513e-02
1.797534179687501066e+00 1.434570312499975353e-01
1.928985595703126110e+00 3.347167968749714673e-02
1.904139709472657316e+00 4.950561523437219807e-02
1.857048416137696334e+00 9.247283935546610212e-02
1.857048416137696334e+00 9.247283935546610212e-02
1.857048416137696334e+00 9.247283935546610212e-02
1.893423330783844172e+00 6.467528343200407148e-02
1.864844554662704379e+00 9.510614871978495533e-02
1.923304995894430380e+00 5.472646951675133598e-02
1.895377664268013795e+00 9.539836049079630786e-02
1.895377664268013795e+00 9.539836049079630786e-02
1.927213662862770072e+00 1.161726236343358365e-01
1.927213662862770072e+00 1.161726236343358365e-01
1.998915492556976758e+00 1.040653444826576957e-01
2.024059964064488071e+00 1.695527788251615653e-01
2.180035859206657101e+00 1.780819376930572462e-01
2.180035859206657101e+00 1.780819376930572462e-01
2.529704356752262129e+00 2.933714069426044402e-01
2.654249662510041574e+00 2.200412728823702979e-01
3.415859310480141353e+00 4.139551443513476148e-01
4.045754745980749689e+00 3.642518119653679332e-01
4.045754745980749689e+00 3.642518119653679332e-01
4.045754745980749689e+00 3.642518119653679332e-01
4.045754745980749689e+00 3.642518119653679332e-01
4.898981146591255609e+00 4.239312484103718304e-01
4.574009063883680781e+00 3.543200048836290805e-01
4.574009063883680781e+00 3.543200048836290805e-01
4.574009063883680781e+00 3.543200048836290805e-01
4.574009063883680781e+00 3.543200048836290805e-01
4.429240344708238908e+00 3.617743973170938210e-01
4.725713204843026816e+00 3.810463434293064333e-01
4.575742919329656822e+00 3.628651876284145761e-01
4.575742919329656822e+00 3.628651876284145761e-01
4.641788383103250482e+00 3.729557389775011167e-01
4.574374927306871896e+00 3.673877723629674907e-01
4.591912287267359005e+00 3.665184716493244399e-01
4.591912287267359005e+00 3.665184716493244399e-01
4.588282034269071552e+00 3.678121117167707510e-01
4.601281577981699122e+00 3.685598610874355474e-01
4.593347046696372615e+00 3.673522290257137946e-01
4.593347046696372615e+00 3.673522290257137946e-01
4.593347046696372615e+00 3.673522290257137946e-01
4.593347046696372615e+00 3.673522290257137946e-01
4.593347046696372615e+00 3.673522290257137946e-01
4.592760711873498991e+00 3.675033749294451813e-01
4.594423081210476489e+00 3.675953283038206343e-01
4.593469471619179956e+00 3.674507903211733373e-01
4.593469471619179956e+00 3.674507903211733373e-01
4.593917282046074746e+00 3.675386660124464466e-01
4.593523435488394924e+00 3.675039726438904530e-01
4.593594915193207839e+00 3.674860548246708936e-01
4.593594915193207839e+00 3.674860548246708936e-01
4.593594915193207839e+00 3.674860548246708936e-01
4.593594915193207839e+00 3.674860548246708936e-01
4.593594915193207839e+00 3.674860548246708936e-01
4.593700669686141325e+00 3.674991540777140520e-01
4.593736590642338413e+00 3.674979672841368616e-01
4.593656772678723854e+00 3.674923077527981752e-01
4.593656772678723854e+00 3.674923077527981752e-01
