9.836328586536883245e-01 -7.789456045943997375e-02 4.361804901133060040e-03 -1.994250509756017057e-04 7.896303256688505707e-06 -2.796487740653114737e-07 9.040894419666658244e-09 -2.706054135069061715e-10 7.576447006990699224e-12 -1.999946776420706766e-13 5.008325435531083158e-15 -1.195832359816982955e-16 2.733718434458481775e-18 -6.004214627215097614e-20 1.270768067978773440e-21 -2.598332746395475377e-23 5.144093790361573699e-25 -9.880035852634955358e-27 1.844150332401717536e-28 -3.349272351715780591e-30
-7.789456045943994600e-02 1.611875640526202677e-02 -1.459766176581749801e-03 9.221613326069868566e-05 -4.660001321566858469e-06 2.007569199353992621e-07 -7.645244936091423997e-09 2.633989295336784604e-10 -8.342492444392964022e-12 2.457631716642727787e-13 -6.794235808746932812e-15 1.775007560053599223e-16 -4.406939603807469928e-18 1.044617833381464044e-19 -2.373219575166307557e-21 5.184419922721326331e-23 -1.092104952944855524e-24 2.223765540420403926e-26 -4.386323314901175678e-28 8.393803395381041929e-30
4.361804901133059173e-03 -1.459766176581749801e-03 2.447955697476371611e-04 -2.324920202166854926e-05 1.580177551923780183e-06 -8.577595240787624634e-08 3.945582990330603224e-09 -1.594350671254616337e-10 5.796129973561232262e-12 -1.927821253062991671e-13 5.939520260883507526e-15 -1.711234707239200752e-16 4.644983019355131553e-18 -1.195058946257227500e-19 2.928695096269914727e-21 -6.864899553843278359e-23 1.544509748678366727e-24 -3.345398919408172197e-26 6.994166437888446271e-28 -1.414055675367960044e-29
-1.994250509756017599e-04 9.221613326069872632e-05 -2.324920202166855265e-05 3.539274167258138938e-06 -3.438143225582096023e-07 2.455797750846324720e-08 -1.407497334856927292e-09 6.825718958862542491e-11 -2.898716364494276226e-12 1.103685951443507995e-13 -3.832021347112911919e-15 1.228740738390984067e-16 -3.674473602275531142e-18 1.032766332188845867e-19 -2.745419611955012329e-21 6.938464084559846828e-23 -1.674355432329344333e-24 3.872198432394311934e-26 -8.609189227814425835e-28 1.844380947774757968e-29
7.896303256688507401e-06 -4.660001321566860163e-06 1.580177551923780607e-06 -3.438143225582096023e-07 4.941603373393445902e-08 -4.860855389728108258e-09 3.599858401658476885e-10 -2.153771855326051697e-11 1.091256252329095433e-12 -4.835433258752275084e-14 1.917018856403421364e-15 -6.914799566818561387e-17 2.298378354204163986e-18 -7.109887347424518069e-20 2.063208670067453150e-21 -5.652777667987209247e-23 1.470058904544900877e-24 -3.645064516045993254e-26 8.650174419194092497e-28 -1.970108763142161488e-29
-2.796487740653114207e-07 2.007569199353992885e-07 -8.577595240787627281e-08 2.455797750846324720e-08 -4.860855389728108258e-09 6.720306170060779606e-10 -6.661356497961794619e-11 5.071495206453401015e-12 -3.142347498764754697e-13 1.652275396043204157e-14 -7.596437987184629783e-16 3.121213546672928068e-17 -1.165038418167485728e-18 4.000737035912484522e-20 -1.276557353851031869e-21 3.815158114874498515e-23 -1.074971607273769917e-24 2.871134435080577563e-26 -7.302455468890074538e-28 1.774530628896091127e-29
9.040894419666661552e-09 -7.645244936091427306e-09 3.945582990330604878e-09 -1.407497334856927499e-09 3.599858401658478436e-10 -6.661356497961797204e-11 8.951707683322774570e-12 -8.917993212747062942e-13 6.939775134903316793e-14 -4.427312015498229740e-15 2.403368053467019124e-16 -1.141380421353599081e-17 4.841827795133257715e-19 -1.864090132243744736e-20 6.594698579095909847e-22 -2.165129543681119887e-23 6.649804196933686693e-25 -1.923222373536631164e-26 5.266619198710754669e-28 -1.371019957148344868e-29
-2.706054135069062232e-10 2.633989295336785121e-10 -1.594350671254617112e-10 6.825718958862543784e-11 -2.153771855326052020e-11 5.071495206453402630e-12 -8.917993212747062942e-13 1.172463623881322794e-13 -1.172129846587092774e-14 9.285238087692693609e-16 -6.072285492781512985e-17 3.389298754158849248e-18 -1.656645079126891321e-19 7.232652787232270130e-21 -2.864136530002223697e-22 1.041348967957426514e-23 -3.510310677101917114e-25 1.105861883173825701e-26 -3.277364054997061394e-28 9.180867051124590775e-30
7.576447006990695993e-12 -8.342492444392962407e-12 5.796129973561230646e-12 -2.898716364494275015e-12 1.091256252329095029e-12 -3.142347498764753688e-13 6.939775134903311744e-14 -1.172129846587091985e-14 1.514215192884775641e-15 -1.517597352789673207e-16 1.220155237971995026e-17 -8.151780044257867779e-19 4.662924666392136599e-20 -2.338771911955140776e-21 1.048060090637197552e-22 -4.258853928021997054e-24 1.588025658606084327e-25 -5.485989778550414110e-27 1.769760101618939153e-28 -5.361693177314673648e-30
-1.999946776420706261e-13 2.457631716642727787e-13 -1.927821253062991923e-13 1.103685951443507995e-13 -4.835433258752275084e-14 1.652275396043204157e-14 -4.427312015498228162e-15 9.285238087692687692e-16 -1.517597352789673207e-16 1.932348308500032749e-17 -1.940295472336658601e-18 1.579734620014760629e-19 -1.075273262602047851e-20 6.286396788523888543e-22 -3.227394647306749749e-23 1.481128409486935854e-24 -6.163417780851649435e-26 2.352619214466225650e-27 -8.315354105438237279e-29 2.739949631651233025e-30
5.008325435531082369e-15 -6.794235808746933601e-15 5.939520260883509893e-15 -3.832021347112911919e-15 1.917018856403421758e-15 -7.596437987184631755e-16 2.403368053467019124e-16 -6.072285492781514217e-17 1.220155237971995797e-17 -1.940295472336659372e-18 2.440619289803204348e-19 -2.454166023849653372e-20 2.019824905084663727e-21 -1.397622961010534110e-22 8.332512194930558119e-24 -4.369416032383385650e-25 2.049536812551740251e-26 -8.718321163531126277e-28 3.401150006524512177e-29 -1.226609754929891120e-30
-1.195832359816982462e-16 1.775007560053599223e-16 -1.711234707239200506e-16 1.228740738390983574e-16 -6.914799566818558922e-17 3.121213546672926835e-17 -1.141380421353598619e-17 3.389298754158847708e-18 -8.151780044257869705e-19 1.579734620014761111e-19 -2.454166023849652168e-20 3.054860057916367727e-21 -3.075246982081670990e-22 2.554917099600512864e-23 -1.793944292362690930e-24 1.088623469270040245e-25 -5.820102676785603568e-27 2.785579608358366707e-28 -1.209371625309521924e-29 4.807673383053612582e-31
2.733718434458482160e-18 -4.406939603807473009e-18 4.644983019355133864e-18 -3.674473602275533453e-18 2.298378354204165142e-18 -1.165038418167486691e-18 4.841827795133259640e-19 -1.656645079126892525e-19 4.662924666392142016e-20 -1.075273262602049055e-20 2.019824905084664856e-21 -3.075246982081673341e-22 3.793248379958913491e-23 -3.821947657047356804e-24 3.201684709785401050e-25 -2.277779967932699737e-26 1.404640264717263793e-27 -7.644319688912138302e-29 3.727582397222366203e-30 -1.646366907846524749e-31
-6.004214627215091595e-20 1.044617833381463081e-19 -1.195058946257226296e-19 1.032766332188844663e-19 -7.109887347424513254e-20 4.000737035912481513e-20 -1.864090132243742629e-20 7.232652787232264111e-21 -2.338771911955140023e-21 6.286396788523887602e-22 -1.397622961010532699e-22 2.554917099600511688e-23 -3.821947657047352396e-24 4.676609169451252103e-25 -4.715354617838317733e-26 3.979267584513482702e-27 -2.864740958860670453e-28 1.792764396565537315e-29 -9.917851504399093981e-31 4.909330853600553370e-32
1.270768067978773440e-21 -2.373219575166307933e-21 2.928695096269916608e-21 -2.745419611955013458e-21 2.063208670067454279e-21 -1.276557353851032810e-21 6.594698579095912668e-22 -2.864136530002225108e-22 1.048060090637198727e-22 -3.227394647306753864e-23 8.332512194930562527e-24 -1.793944292362692400e-24 3.201684709785401050e-25 -4.715354617838322899e-26 5.728750049066616337e-27 -5.779571893386470744e-28 4.909588259053385148e-29 -3.572777447362483777e-30 2.266224687463091140e-31 -1.269082756515192335e-32
-2.598332746395477728e-23 5.184419922721331620e-23 -6.864899553843287763e-23 6.938464084559855056e-23 -5.652777667987215124e-23 3.815158114874503805e-23 -2.165129543681122238e-23 1.041348967957427543e-23 -4.258853928022004400e-24 1.481128409486938792e-24 -4.369416032383391160e-25 1.088623469270042541e-25 -2.277779967932702893e-26 3.979267584513493464e-27 -5.779571893386477919e-28 6.976834682124178497e-29 -7.042099127719235813e-30 6.017702945897931180e-31 -4.422381798208936907e-32 2.829051944731860027e-33
5.144093790361569107e-25 -1.092104952944854973e-24 1.544509748678365808e-24 -1.674355432329342496e-24 1.470058904544900143e-24 -1.074971607273769366e-24 6.649804196933681183e-25 -3.510310677101913900e-25 1.588025658606084098e-25 -6.163417780851649435e-26 2.049536812551738816e-26 -5.820102676785601415e-27 1.404640264717262179e-27 -2.864740958860670901e-28 4.909588259053379542e-29 -7.042099127719218997e-30 8.451797424186673756e-31 -8.534244979077531496e-32 7.331852436056052555e-33 -5.407755855285693776e-34
-9.880035852634959662e-27 2.223765540420404786e-26 -3.345398919408173345e-26 3.872198432394312508e-26 -3.645064516045995550e-26 2.871134435080579859e-26 -1.923222373536632312e-26 1.105861883173826275e-26 -5.485989778550420567e-27 2.352619214466228520e-27 -8.718321163531133451e-28 2.785579608358370294e-28 -7.644319688912142786e-29 1.792764396565540678e-29 -3.572777447362485879e-30 6.017702945897927677e-31 -8.534244979077547918e-32 1.018874841037255671e-32 -1.029038972194699807e-33 8.816138086611098929e-35
1.844150332401717761e-28 -4.386323314901177472e-28 6.994166437888448064e-28 -8.609189227814425835e-28 8.650174419194092497e-28 -7.302455468890074538e-28 5.266619198710753772e-28 -3.277364054997060497e-28 1.769760101618939601e-28 -8.315354105438240642e-29 3.401150006524510495e-29 -1.209371625309521784e-29 3.727582397222363401e-30 -9.917851504399097484e-31 2.266224687463089826e-31 -4.422381798208927601e-32 7.331852436056053924e-33 -1.029038972194698268e-33 1.222087314139153136e-34 -1.220138782740447217e-35
-3.349272351715785496e-30 8.393803395381058744e-30 -1.414055675367962847e-29 1.844380947774761611e-29 -1.970108763142165692e-29 1.774530628896094770e-29 -1.371019957148347670e-29 9.180867051124608992e-30 -5.361693177314686260e-30 2.739949631651240382e-30 -1.226609754929893748e-30 4.807673383053624844e-31 -1.646366907846527596e-31 4.909330853600567054e-32 -1.269082756515194250e-32 2.829051944731861053e-33 -5.407755855285707461e-34 8.816138086611104275e-35 -1.220138782740450157e-35 1.408842887324951291e-36
