6.478043631663401580e-01 -6.999722400858405802e-01 -5.564009184333724711e-01 -1.633994927214368342e-01
6.720970267850780999e-01 -7.262211990890596880e-01 -5.772659528746237889e-01 -1.470595434492931175e-01
6.720970267850780999e-01 -7.262211990890596880e-01 -5.772659528746237889e-01 -1.470595434492931175e-01
6.720970267850780999e-01 -7.262211990890596880e-01 -5.772659528746237889e-01 -1.470595434492931175e-01
6.543836262297488826e-01 -7.048939198989443433e-01 -6.385569915458000345e-01 -1.358258283246943643e-01
7.240985098439396417e-01 -7.085851797587721101e-01 -6.236689200955316537e-01 -1.151455800271374286e-01
7.240985098439396417e-01 -7.085851797587721101e-01 -6.236689200955316537e-01 -1.151455800271374286e-01
6.780278528638730151e-01 -7.575798187315778698e-01 -6.703843194727867605e-01 -8.575281971533205150e-02
7.189149678510755592e-01 -7.329756919575647345e-01 -7.715206460832864099e-01 -4.794275155093313812e-02
8.027402751777290568e-01 -7.966915793817608282e-01 -7.486613096440488668e-01 -4.497874219809738783e-03
8.027402751777290568e-01 -7.966915793817608282e-01 -7.486613096440488668e-01 -4.497874219809738783e-03
8.027402751777290568e-01 -7.966915793817608282e-01 -7.486613096440488668e-01 -4.497874219809738783e-03
8.027402751777290568e-01 -7.966915793817608282e-01 -7.486613096440488668e-01 -4.497874219809738783e-03
8.027402751777290568e-01 -7.966915793817608282e-01 -7.486613096440488668e-01 -4.497874219809738783e-03
8.027402751777290568e-01 -7.966915793817608282e-01 -7.486613096440488668e-01 -4.497874219809738783e-03
8.027402751777290568e-01 -7.966915793817608282e-01 -7.486613096440488668e-01 -4.497874219809738783e-03
8.631493500065539060e-01 -7.905890581221550750e-01 -7.329411396475151719e-01 1.836473697187750512e-02
8.631493500065539060e-01 -7.905890581221550750e-01 -7.329411396475151719e-01 1.836473697187750512e-02
8.351014271170984493e-01 -8.039174127933789160e-01 -7.212884034808467737e-01 1.203188278642565792e-02
9.567375746892921029e-01 -8.634726256971874125e-01 -6.323395914581504407e-01 2.042018716609933157e-02
9.567375746892921029e-01 -8.634726256971874125e-01 -6.323395914581504407e-01 2.042018716609933157e-02
9.567375746892921029e-01 -8.634726256971874125e-01 -6.323395914581504407e-01 2.042018716609933157e-02
9.639293632627188302e-01 -8.810591489039687474e-01 -5.497478537997793069e-01 3.128971666785378136e-03
1.116646161150844918e+00 -9.122587416444634112e-01 -4.443979138723153088e-01 9.117496697958867025e-03
1.116646161150844918e+00 -9.122587416444634112e-01 -4.443979138723153088e-01 9.117496697958867025e-03
1.252035204460197448e+00 -1.060459009502671357e+00 -2.662241418313668895e-01 3.011364497860602452e-03
1.431103494802893561e+00 -1.119506311661373044e+00 -1.418751523691552663e-02 -9.241672942507342392e-03
1.431103494802893561e+00 -1.119506311661373044e+00 -1.418751523691552663e-02 -9.241672942507342392e-03
1.431103494802893561e+00 -1.119506311661373044e+00 -1.418751523691552663e-02 -9.241672942507342392e-03
1.431103494802893561e+00 -1.119506311661373044e+00 -1.418751523691552663e-02 -9.241672942507342392e-03
1.431103494802893561e+00 -1.119506311661373044e+00 -1.418751523691552663e-02 -9.241672942507342392e-03
1.448104169228810356e+00 -1.136625905854783181e+00 -4.598326568994580421e-02 6.340742585486000733e-03
1.510438917379151480e+00 -1.176489854129439072e+00 3.781689428522362617e-02 -4.035849143781545904e-03
1.510438917379151480e+00 -1.176489854129439072e+00 3.781689428522362617e-02 -4.035849143781545904e-03
1.510438917379151480e+00 -1.176489854129439072e+00 3.781689428522362617e-02 -4.035849143781545904e-03
1.462983127330192534e+00 -1.137419126733609565e+00 -1.628414934507163396e-03 -3.639001701551755272e-03
1.462983127330192534e+00 -1.137419126733609565e+00 -1.628414934507163396e-03 -3.639001701551755272e-03
1.468539630426651588e+00 -1.144478427963000922e+00 -1.808981428278335149e-02 2.910241062532304031e-03
1.479655140796790613e+00 -1.145220451508493387e+00 -1.037589162253429835e-02 1.895058009509766701e-03
1.479655140796790613e+00 -1.145220451508493387e+00 -1.037589162253429835e-02 1.895058009509766701e-03
1.494114514868394750e+00 -1.153298988925986146e+00 1.758955172768673567e-02 3.328916167518196812e-04
1.473725195989736836e+00 -1.144279689325937710e+00 3.092443206395142571e-04 -1.398482928521411171e-03
1.473725195989736836e+00 -1.144279689325937710e+00 3.092443206395142571e-04 -1.398482928521411171e-03
1.473725195989736836e+00 -1.144279689325937710e+00 3.092443206395142571e-04 -1.398482928521411171e-03
1.473725195989736836e+00 -1.144279689325937710e+00 3.092443206395142571e-04 -1.398482928521411171e-03
1.473725195989736836e+00 -1.144279689325937710e+00 3.092443206395142571e-04 -1.398482928521411171e-03
1.477305198277858889e+00 -1.147683356385065245e+00 -3.842698315785902929e-03 5.030327998494335843e-04
1.481527788238544696e+00 -1.150228223274905037e+00 2.301332408189842287e-03 -3.331671364257246027e-04
1.472383116059777119e+00 -1.145643912204102666e+00 -8.627772735518990030e-03 -1.495102038912033424e-04
1.472383116059777119e+00 -1.145643912204102666e+00 -8.627772735518990030e-03 -1.495102038912033424e-04
1.475622854664736083e+00 -1.145994592609541618e+00 -1.419462212645637884e-03 -6.616830715136823868e-04
1.475622854664736083e+00 -1.145994592609541618e+00 -1.419462212645637884e-03 -6.616830715136823868e-04
1.478773204664825869e+00 -1.148414902536117221e+00 -8.072463342473975168e-04 -2.150331037390942456e-04
1.478773204664825869e+00 -1.148414902536117221e+00 -8.072463342473975168e-04 -2.150331037390942456e-04
1.474282000595789288e+00 -1.146369668991148671e+00 -5.566287164564451967e-03 -2.565942374632792546e-04
1.474797537018057270e+00 -1.146776500500473750e+00 -3.673174995968317771e-03 -4.844692468155853979e-04
1.476535731046504374e+00 -1.147187123413242471e+00 -3.029535847411132451e-03 -1.304798030657799133e-04
1.476535731046504374e+00 -1.147187123413242471e+00 -3.029535847411132451e-03 -1.304798030657799133e-04
1.476535731046504374e+00 -1.147187123413242471e+00 -3.029535847411132451e-03 -1.304798030657799133e-04
1.476535731046504374e+00 -1.147187123413242471e+00 -3.029535847411132451e-03 -1.304798030657799133e-04
1.476307598860931769e+00 -1.146483066750310309e+00 -2.299585196322337551e-03 -2.519417557819078612e-04
1.476307598860931769e+00 -1.146483066750310309e+00 -2.299585196322337551e-03 -2.519417557819078612e-04
1.476307598860931769e+00 -1.146483066750310309e+00 -2.299585196322337551e-03 -2.519417557819078612e-04
1.476307598860931769e+00 -1.146483066750310309e+00 -2.299585196322337551e-03 -2.519417557819078612e-04
1.476307598860931769e+00 -1.146483066750310309e+00 -2.299585196322337551e-03 -2.519417557819078612e-04
1.476307598860931769e+00 -1.146483066750310309e+00 -2.299585196322337551e-03 -2.519417557819078612e-04
1.474393088789399009e+00 -1.145453666606062626e+00 -4.313964124611902387e-03 -2.586580093514811128e-04
1.474393088789399009e+00 -1.145453666606062626e+00 -4.313964124611902387e-03 -2.586580093514811128e-04
1.476037268683483283e+00 -1.145562584677161322e+00 -2.251307172834107403e-03 -2.323359989711728905e-04
1.475561142188144714e+00 -1.144925936634144659e+00 -2.078363728474329208e-03 -2.596678014217933955e-04
1.475561142188144714e+00 -1.144925936634144659e+00 -2.078363728474329208e-03 -2.596678014217933955e-04
1.474096740498716862e+00 -1.142984167828011710e+00 -3.268328791218381643e-03 -1.632489681625835841e-04
1.474096740498716862e+00 -1.142984167828011710e+00 -3.268328791218381643e-03 -1.632489681625835841e-04
1.474837210032223567e+00 -1.141759908050901107e+00 -1.198341206974151696e-03 -6.044604406775294300e-05
1.473239172182389645e+00 -1.139561587011177046e+00 -1.522210771656038950e-03 -1.886201261946797263e-04
1.473239172182389645e+00 -1.139561587011177046e+00 -1.522210771656038950e-03 -1.886201261946797263e-04
1.468798858941378960e+00 -1.134738601161742189e+00 -4.515364364748829240e-03 -4.421593778700170889e-05
1.469832025200568104e+00 -1.130476326954017008e+00 2.695812083400150189e-04 9.477185824317922030e-05
1.464597197509813320e+00 -1.124462160685575363e+00 -2.769452148662819406e-03 5.579436786717060538e-06
1.464597197509813320e+00 -1.124462160685575363e+00 -2.769452148662819406e-03 5.579436786717060538e-06
1.454248861730839337e+00 -1.107199555566163340e+00 -4.578408097702041726e-03 3.814244790095231265e-04
1.452216990304956212e+00 -1.096191243068348697e+00 1.360616288768629924e-03 4.118464147915606912e-04
1.436939381614868338e+00 -1.079001978569548381e+00 -7.390998547087598500e-03 3.716767401424849902e-04
1.436939381614868338e+00 -1.079001978569548381e+00 -7.390998547087598500e-03 3.716767401424849902e-04
1.408054297046751557e+00 -1.021375950252991327e+00 -5.073126246736160000e-03 1.339416794720106954e-03
1.394105045091633244e+00 -9.915334565069366946e-01 -1.826252960433306233e-03 1.306220947057432557e-03
1.394105045091633244e+00 -9.915334565069366946e-01 -1.826252960433306233e-03 1.306220947057432557e-03
1.340484660032201347e+00 -9.044945506320232198e-01 -1.134368867318258020e-02 2.052386604921983826e-03
1.340484660032201347e+00 -9.044945506320232198e-01 -1.134368867318258020e-02 2.052386604921983826e-03
1.316778527343321237e+00 -8.580642349375424693e-01 -1.008418502956188838e-02 2.389595288917511010e-03
1.316778527343321237e+00 -8.580642349375424693e-01 -1.008418502956188838e-02 2.389595288917511010e-03
1.307744531341549887e+00 -8.360422880870039819e-01 -4.310796916736296669e-03 2.154285044985530199e-03
1.307744531341549887e+00 -8.360422880870039819e-01 -4.310796916736296669e-03 2.154285044985530199e-03
1.307744531341549887e+00 -8.360422880870039819e-01 -4.310796916736296669e-03 2.154285044985530199e-03
1.264297327349813038e+00 -7.596483057824139351e-01 -7.725755917155203295e-03 2.316823652918079818e-03
1.272348692732442110e+00 -7.786969903050291464e-01 -8.475941370091569227e-03 1.587827557927450756e-03
1.272348692732442110e+00 -7.786969903050291464e-01 -8.475941370091569227e-03 1.587827557927450756e-03
1.224521649633798948e+00 -6.674933942380998353e-01 1.053276885305341401e-02 1.667358098996462798e-03
1.114714550966844353e+00 -4.818774292319338848e-01 -1.695655623246323379e-03 1.874183831484948354e-03
1.114714550966844353e+00 -4.818774292319338848e-01 -1.695655623246323379e-03 1.874183831484948354e-03
1.114714550966844353e+00 -4.818774292319338848e-01 -1.695655623246323379e-03 1.874183831484948354e-03
1.054732326828214273e+00 -3.480307444256274252e-01 1.992547285702936724e-02 1.317223774701148029e-03
9.142362379691975072e-01 -1.155078262604307682e-01 3.153287527281833924e-03 7.602600577284865033e-04
9.142362379691975072e-01 -1.155078262604307682e-01 3.153287527281833924e-03 7.602600577284865033e-04
9.142362379691975072e-01 -1.155078262604307682e-01 3.153287527281833924e-03 7.602600577284865033e-04
9.142362379691975072e-01 -1.155078262604307682e-01 3.153287527281833924e-03 7.602600577284865033e-04
5.499239312870392027e-01 5.338205863599760903e-01 -6.876472664297909876e-03 1.098588161874830549e-06
5.812867837324682263e-01 4.866330919718975800e-01 6.518942813432161698e-04 6.557166174453355097e-04
5.812867837324682263e-01 4.866330919718975800e-01 6.518942813432161698e-04 6.557166174453355097e-04
5.812867837324682263e-01 4.866330919718975800e-01 6.518942813432161698e-04 6.557166174453355097e-04
5.812867837324682263e-01 4.866330919718975800e-01 6.518942813432161698e-04 6.557166174453355097e-04
5.812867837324682263e-01 4.866330919718975800e-01 6.518942813432161698e-04 6.557166174453355097e-04
6.279709424726953593e-01 4.048568685550221202e-01 4.151936757222090754e-03 8.708517367471719649e-05
6.549578724592809431e-01 3.499236235248622262e-01 -6.527669135863180781e-04 1.775574012324687798e-04
6.549578724592809431e-01 3.499236235248622262e-01 -6.527669135863180781e-04 1.775574012324687798e-04
5.803610669082941431e-01 4.832249516504000253e-01 -2.760586591756335542e-03 8.191513408472695485e-05
5.803610669082941431e-01 4.832249516504000253e-01 -2.760586591756335542e-03 8.191513408472695485e-05
5.898481272696447508e-01 4.656181078985950905e-01 -2.663286979331258835e-03 7.928454802565581573e-05
5.921253363725265118e-01 4.642983256045108975e-01 -5.238356501240733383e-05 -5.018423032994849303e-05
5.921253363725265118e-01 4.642983256045108975e-01 -5.238356501240733383e-05 -5.018423032994849303e-05
5.960379055658574510e-01 4.573709082611677190e-01 -5.133620063384597681e-04 2.007317884385056723e-04
5.960379055658574510e-01 4.573709082611677190e-01 -5.133620063384597681e-04 2.007317884385056723e-04
5.986990960636692227e-01 4.510085105748133927e-01 -1.435125271966605906e-03 8.974389661833617467e-05
5.986990960636692227e-01 4.510085105748133927e-01 -1.435125271966605906e-03 8.974389661833617467e-05
5.986990960636692227e-01 4.510085105748133927e-01 -1.435125271966605906e-03 8.974389661833617467e-05
5.956815535217280244e-01 4.574892808348614004e-01 -5.622902645638068551e-04 3.692189807389103184e-05
5.956815535217280244e-01 4.574892808348614004e-01 -5.622902645638068551e-04 3.692189807389103184e-05
5.956815535217280244e-01 4.574892808348614004e-01 -5.622902645638068551e-04 3.692189807389103184e-05
5.907033389545537361e-01 4.663150850918343915e-01 -7.021853505950009745e-04 7.012833658655507198e-05
5.907033389545537361e-01 4.663150850918343915e-01 -7.021853505950009745e-04 7.012833658655507198e-05
5.982900022136229401e-01 4.521694700563019254e-01 -1.020842863757372154e-03 7.147708188974077718e-05
6.012742146637229945e-01 4.472242192030861929e-01 -5.836009059877509493e-04 7.286412869361166096e-05
6.000965951535239817e-01 4.483653919077368322e-01 -1.171285325914768905e-03 9.170276996410734838e-05
6.000965951535239817e-01 4.483653919077368322e-01 -1.171285325914768905e-03 9.170276996410734838e-05
6.000965951535239817e-01 4.483653919077368322e-01 -1.171285325914768905e-03 9.170276996410734838e-05
6.057436698339790926e-01 4.384932321933030508e-01 -6.292102923471710497e-04 6.325518272081963865e-05
6.057436698339790926e-01 4.384932321933030508e-01 -6.292102923471710497e-04 6.325518272081963865e-05
6.057436698339790926e-01 4.384932321933030508e-01 -6.292102923471710497e-04 6.325518272081963865e-05
6.048087521829585977e-01 4.388658120150127351e-01 -1.173084331024565850e-03 9.846782318886809532e-05
6.048087521829585977e-01 4.388658120150127351e-01 -1.173084331024565850e-03 9.846782318886809532e-05
6.084730818714030320e-01 4.324179577226667792e-01 -6.000443472859522641e-04 2.484957033433042779e-05
6.081196035692271185e-01 4.334749372162500780e-01 -3.819514172188854736e-05 6.243047404942854688e-05
6.034334723938146183e-01 4.399882225887745690e-01 -7.761154615917235759e-04 5.491016907796549668e-05
6.034334723938146183e-01 4.399882225887745690e-01 -7.761154615917235759e-04 5.491016907796549668e-05
6.034334723938146183e-01 4.399882225887745690e-01 -7.761154615917235759e-04 5.491016907796549668e-05
6.112869243988403589e-01 4.246291771979306962e-01 4.974160598593506399e-04 8.998249918913686510e-05
6.143693716254019499e-01 4.158808981970243401e-01 -2.245739500828473488e-04 3.548471061372187913e-05
6.143693716254019499e-01 4.158808981970243401e-01 -2.245739500828473488e-04 3.548471061372187913e-05
6.009737913197632508e-01 4.376726803205227556e-01 -1.309551976596083894e-04 9.508840884086438346e-05
6.009737913197632508e-01 4.376726803205227556e-01 -1.309551976596083894e-04 9.508840884086438346e-05
6.068528290289447735e-01 4.196803984674328802e-01 -1.433421265374357732e-03 9.174715303130826166e-05
6.088797665427305716e-01 4.117194455455315261e-01 4.595896173026580399e-04 1.722864996241374284e-05
5.947049344294530471e-01 4.291853641489269400e-01 -1.322687025730575130e-05 1.676899950433248358e-04
5.947049344294530471e-01 4.291853641489269400e-01 -1.322687025730575130e-05 1.676899950433248358e-04
5.992459228449762421e-01 3.977974863684183848e-01 -1.263854000798748239e-03 7.111910103044428609e-05
5.992459228449762421e-01 3.977974863684183848e-01 -1.263854000798748239e-03 7.111910103044428609e-05
5.636735090055720043e-01 4.381072203020177636e-01 -2.286688920080927941e-03 2.525481673971685637e-04
5.785151945718047806e-01 3.885454100300953506e-01 -2.024678485085351469e-04 2.791625021937835282e-04
5.592706421094133518e-01 3.735718918445716241e-01 -2.412532861338907535e-03 1.708444129616789784e-04
5.592706421094133518e-01 3.735718918445716241e-01 -2.412532861338907535e-03 1.708444129616789784e-04
4.977625981229978347e-01 3.902266394830637974e-01 -3.836409557559090737e-03 6.207038536149567243e-04
5.194742426398755164e-01 2.736967360016493434e-01 -2.953030197103354189e-03 5.339624855448492488e-04
5.194742426398755164e-01 2.736967360016493434e-01 -2.953030197103354189e-03 5.339624855448492488e-04
4.293379974487769868e-01 2.568578069502023276e-01 -4.376692577081118737e-03 7.704386080083603728e-04
4.293379974487769868e-01 2.568578069502023276e-01 -4.376692577081118737e-03 7.704386080083603728e-04
3.901723827010765699e-01 4.329406980683137007e-02 -7.166593963381220900e-03 9.392354493231547079e-04
3.901723827010765699e-01 4.329406980683137007e-02 -7.166593963381220900e-03 9.392354493231547079e-04
3.901723827010765699e-01 4.329406980683137007e-02 -7.166593963381220900e-03 9.392354493231547079e-04
2.999484578085602760e-01 -1.681129113497979999e-01 -5.304030293688982364e-03 1.047829735217302525e-03
2.999484578085602760e-01 -1.681129113497979999e-01 -5.304030293688982364e-03 1.047829735217302525e-03
2.999484578085602760e-01 -1.681129113497979999e-01 -5.304030293688982364e-03 1.047829735217302525e-03
3.747015787487583127e-01 -1.776107405251433347e-01 -5.774129227628894273e-03 6.321926758993746173e-04
3.609106165424103008e-01 -2.415018374517812483e-01 -2.101913904446533685e-03 6.514006143328084780e-04
4.072516233431313637e-01 -5.496285735504535808e-02 -3.506931462771501265e-03 6.766293978613406503e-04
3.570348646166121576e-01 -2.481144839138638147e-01 -2.541889279106640878e-03 3.071148459232804669e-04
3.570348646166121576e-01 -2.481144839138638147e-01 -2.541889279106640878e-03 3.071148459232804669e-04
3.475908441120818537e-01 -1.839605496757022451e-01 2.140740122197766146e-03 5.674723363098869121e-04
3.651829392020315979e-01 -1.302238999036720024e-02 -2.021700004183731025e-03 4.661102509258279077e-04
3.651829392020315979e-01 -1.302238999036720024e-02 -2.021700004183731025e-03 4.661102509258279077e-04
3.456345010434954124e-01 -1.755939923219560495e-01 3.230796208882812277e-03 6.170933141801235224e-05
3.203610189509690231e-01 -6.554945819276658536e-02 4.266405100895491638e-03 4.392237876028495629e-04
3.004897682563735239e-01 -1.376649519633943441e-02 -1.004577776889618163e-04 -1.116231338608567915e-04
3.004897682563735239e-01 -1.376649519633943441e-02 -1.004577776889618163e-04 -1.116231338608567915e-04
3.004897682563735239e-01 -1.376649519633943441e-02 -1.004577776889618163e-04 -1.116231338608567915e-04
3.004897682563735239e-01 -1.376649519633943441e-02 -1.004577776889618163e-04 -1.116231338608567915e-04
2.428216319704692427e-01 -1.028087001701696451e-01 4.828493797907810678e-03 -1.174077785244336501e-07
2.428216319704692427e-01 -1.028087001701696451e-01 4.828493797907810678e-03 -1.174077785244336501e-07
2.458958140714244678e-01 1.128547099367128159e-01 -1.107758150715428339e-03 -1.193674372532162707e-04
2.458958140714244678e-01 1.128547099367128159e-01 -1.107758150715428339e-03 -1.193674372532162707e-04
2.458958140714244678e-01 1.128547099367128159e-01 -1.107758150715428339e-03 -1.193674372532162707e-04
1.194539626959274514e-01 -1.710602941721013903e-01 1.631938693583767338e-03 4.710240917625845188e-05
1.194539626959274514e-01 -1.710602941721013903e-01 1.631938693583767338e-03 4.710240917625845188e-05
1.194539626959274514e-01 -1.710602941721013903e-01 1.631938693583767338e-03 4.710240917625845188e-05
1.093700042477089851e-01 1.014773742137460577e-01 1.297823923623714001e-03 -1.518799225951735984e-04
1.093700042477089851e-01 1.014773742137460577e-01 1.297823923623714001e-03 -1.518799225951735984e-04
2.517576665320528373e-02 -1.001987200503677289e-01 -2.333069314305088581e-03 2.959181580814698384e-06
2.517576665320528373e-02 -1.001987200503677289e-01 -2.333069314305088581e-03 2.959181580814698384e-06
2.517576665320528373e-02 -1.001987200503677289e-01 -2.333069314305088581e-03 2.959181580814698384e-06
6.160703320547245010e-03 8.695682968003858038e-02 -3.506989707830197086e-04 2.634070004170003718e-04
6.160703320547245010e-03 8.695682968003858038e-02 -3.506989707830197086e-04 2.634070004170003718e-04
1.416231382834504983e-02 -7.244493944233539040e-02 2.397993987947802733e-03 8.705002393657058218e-05
5.522614006554239091e-02 3.668057886219222574e-02 9.243732730672723878e-04 -7.671554518904629251e-05
-7.994224650842188598e-03 -1.951479944119999255e-02 1.324557265582685045e-03 -1.452228559398633387e-04
2.103224989705170314e-02 -4.613965131784693308e-02 -6.295064626757017334e-04 1.754441869349001454e-05
1.338366155278574235e-02 3.080106342262052890e-02 3.268277725987474768e-04 1.170355053961440498e-04
1.338366155278574235e-02 3.080106342262052890e-02 3.268277725987474768e-04 1.170355053961440498e-04
1.338366155278574235e-02 3.080106342262052890e-02 3.268277725987474768e-04 1.170355053961440498e-04
-5.338895724415542929e-04 -1.151794479692962170e-02 4.847984451001051453e-04 -6.116801021161351803e-05
-5.338895724415542929e-04 -1.151794479692962170e-02 4.847984451001051453e-04 -6.116801021161351803e-05
-1.282043860295347011e-02 -3.751830949119256547e-03 -2.216036512546494508e-04 1.268294094418088857e-05
-1.282043860295347011e-02 -3.751830949119256547e-03 -2.216036512546494508e-04 1.268294094418088857e-05
-1.282043860295347011e-02 -3.751830949119256547e-03 -2.216036512546494508e-04 1.268294094418088857e-05
-1.282043860295347011e-02 -3.751830949119256547e-03 -2.216036512546494508e-04 1.268294094418088857e-05
-1.282043860295347011e-02 -3.751830949119256547e-03 -2.216036512546494508e-04 1.268294094418088857e-05
-3.364312595162445314e-04 1.614160615594573481e-03 2.584649701897143441e-04 -2.487982368000251371e-05
-3.364312595162445314e-04 1.614160615594573481e-03 2.584649701897143441e-04 -2.487982368000251371e-05
8.470561694804467148e-03 9.110540626153488739e-03 -1.165081511869260188e-04 -1.039801306796295902e-05
6.709207885789544162e-03 -1.971977422343301149e-03 -1.487228994685775856e-04 1.552247269173044158e-07
3.166466067673185357e-03 1.010685455356499611e-02 7.815575668007788902e-05 2.233990015869140517e-05
-4.158993752882865144e-03 4.815318220615909944e-04 -1.018781161005386502e-04 4.743631489295849102e-06
1.605189607164919392e-03 3.022949005226883631e-03 9.311330883536162297e-05 -1.033481892663355690e-05
1.605189607164919392e-03 3.022949005226883631e-03 9.311330883536162297e-05 -1.033481892663355690e-05
1.605189607164919392e-03 3.022949005226883631e-03 9.311330883536162297e-05 -1.033481892663355690e-05
1.429369382527296076e-03 7.715603655144284007e-03 4.812759245073795219e-05 1.091981541272075690e-05
-1.410549842790918959e-03 8.045154388398055578e-03 7.106557172989439613e-05 3.618388931447302142e-06
-1.232681411407479059e-03 3.340003049363262852e-03 -3.292207009204164839e-05 2.511487127721286677e-06
-1.232681411407479059e-03 3.340003049363262852e-03 -3.292207009204164839e-05 2.511487127721286677e-06
9.788837263263086130e-04 4.620389488128119442e-03 5.588276189005562055e-05 -3.124154042870213729e-06
-3.547500441074717204e-04 4.308237816340829487e-03 6.822714731499564033e-06 -4.596629990867298115e-06
-4.533217308413031309e-04 6.277475837329531475e-03 3.779793239243735785e-05 1.070076338932019218e-06
-4.533217308413031309e-04 6.277475837329531475e-03 3.779793239243735785e-05 1.070076338932019218e-06
-4.475700937431473583e-04 4.221207251094082416e-03 -3.571040142965789844e-06 3.157517738794642286e-07
-5.180502098074238641e-04 5.193729096285529256e-03 -1.156657199824573929e-05 3.206633277269874269e-08
-5.180502098074238641e-04 5.193729096285529256e-03 -1.156657199824573929e-05 3.206633277269874269e-08
4.416781552377594235e-04 5.330790309184744828e-03 4.867780199044246530e-06 3.514939808182301917e-07
-4.680235361696240270e-06 5.697770117118888811e-03 6.348872805952367242e-06 2.656655503869011295e-06
-4.680235361696240270e-06 5.697770117118888811e-03 6.348872805952367242e-06 2.656655503869011295e-06
8.361343937982653601e-05 6.108070576189584926e-03 8.557617813086401757e-06 1.340155339001533749e-06
8.361343937982653601e-05 6.108070576189584926e-03 8.557617813086401757e-06 1.340155339001533749e-06
1.652957679587476825e-04 5.534236530724867369e-03 6.472007670071131406e-06 8.795261148340345653e-07
1.652957679587476825e-04 5.534236530724867369e-03 6.472007670071131406e-06 8.795261148340345653e-07
-5.846483864501504754e-05 5.696709373145890376e-03 6.535959702897054809e-06 -6.215356682920583377e-07
-5.846483864501504754e-05 5.696709373145890376e-03 6.535959702897054809e-06 -6.215356682920583377e-07
-5.846483864501504754e-05 5.696709373145890376e-03 6.535959702897054809e-06 -6.215356682920583377e-07
-5.846483864501504754e-05 5.696709373145890376e-03 6.535959702897054809e-06 -6.215356682920583377e-07
-5.846483864501504754e-05 5.696709373145890376e-03 6.535959702897054809e-06 -6.215356682920583377e-07
8.321622410670495205e-05 5.644302001285649018e-03 2.311795403029939215e-06 -7.555727831922032297e-08
-4.001541565123603410e-05 5.563644765781984233e-03 3.542004535523704555e-06 1.870055837367615361e-07
-4.001541565123603410e-05 5.563644765781984233e-03 3.542004535523704555e-06 1.870055837367615361e-07
-4.001541565123603410e-05 5.563644765781984233e-03 3.542004535523704555e-06 1.870055837367615361e-07
-1.694073827849567395e-05 5.620655283447201916e-03 4.797525934950375699e-06 -3.491548849248086852e-07
-1.694073827849567395e-05 5.620655283447201916e-03 4.797525934950375699e-06 -3.491548849248086852e-07
8.791142617386268519e-07 5.764296472866968155e-03 5.510025145926979118e-06 3.499547298618922169e-07
1.942947321594372853e-05 5.599797060747146137e-03 4.180630661204373370e-06 3.223579280211378236e-08
-1.441420507581790082e-05 5.603852954747065573e-03 3.956544998210427663e-06 8.383657274026940150e-08
1.930929191502822265e-05 5.619323100369685506e-03 3.803670893289955342e-06 -4.057366907211077379e-08
-5.319909849636252323e-06 5.633736340314958804e-03 4.580121929804154257e-06 -1.213957641708837634e-07
-5.319909849636252323e-06 5.633736340314958804e-03 4.580121929804154257e-06 -1.213957641708837634e-07
-5.319909849636252323e-06 5.633736340314958804e-03 4.580121929804154257e-06 -1.213957641708837634e-07
