1.000000000000000000e+00 5.000000000000000278e-02
8.999999999999999112e-01 5.374999999999999223e-02
8.499999999999996447e-01 5.937499999999998335e-02
6.249999999999991118e-01 6.468749999999995337e-02
4.124999999999983125e-01 7.859374999999990674e-02
1.874999999999977796e-01 8.390624999999987677e-02
1.874999999999977796e-01 8.390624999999987677e-02
1.374999999999975131e-01 8.953124999999986788e-02
2.874999999999979794e-01 8.265624999999988953e-02
2.874999999999979794e-01 8.265624999999988953e-02
3.124999999999981681e-01 7.984374999999990785e-02
3.124999999999981681e-01 7.984374999999990785e-02
3.124999999999981681e-01 7.984374999999990785e-02
3.007812499999980571e-01 8.147460937499989564e-02
3.007812499999980571e-01 8.147460937499989564e-02
3.058593749999981570e-01 8.043457031249989786e-02
3.058593749999981570e-01 8.043457031249989786e-02
3.041015624999980904e-01 8.117919921874990064e-02
3.041015624999980904e-01 8.117919921874990064e-02
3.041015624999980904e-01 8.117919921874990064e-02
3.044799804687481348e-01 8.074111938476552508e-02
3.050750732421856348e-01 8.069736480712880189e-02
3.050750732421856348e-01 8.069736480712880189e-02
3.050750732421856348e-01 8.069736480712880189e-02
3.050234317779522142e-01 8.058577716350545650e-02
3.049184441566448189e-01 8.065439388155927480e-02
3.049184441566448189e-01 8.065439388155927480e-02
3.049580276012401336e-01 8.059218861162652237e-02
3.049580276012401336e-01 8.059218861162652237e-02
3.049580276012401336e-01 8.059218861162652237e-02
