4.747536035556487732e-01 4.904428476184197194e-02 -8.327955348830706761e-01 7.980436922168272496e-01
4.925568636889856577e-01 5.088344544041106809e-02 -8.640253674411857432e-01 7.182393229951444802e-01
4.925568636889856577e-01 5.088344544041106809e-02 -8.640253674411857432e-01 7.182393229951444802e-01
5.214871614056579840e-01 4.927417984666312978e-02 -9.147738453481228937e-01 7.082637768424340230e-01
4.912587093042632969e-01 4.944660116027899122e-02 -9.762575781969116129e-01 6.409288403116391031e-01
5.511128989712887893e-01 4.974833845910675567e-02 -9.693447246358706249e-01 5.230927013827479932e-01
5.511128989712887893e-01 4.974833845910675567e-02 -9.693447246358706249e-01 5.230927013827479932e-01
5.872931571133532813e-01 4.870842241136119632e-02 -1.161959189960938055e+00 3.705759527823246913e-01
5.787870584607803792e-01 5.150263552238060205e-02 -1.245851242606675235e+00 1.372611770426634958e-01
5.787870584607803792e-01 5.150263552238060205e-02 -1.245851242606675235e+00 1.372611770426634958e-01
6.427526740265180338e-01 4.862277302185024491e-02 -1.300009765096526548e+00 4.989234337998493807e-02
6.427526740265180338e-01 4.862277302185024491e-02 -1.300009765096526548e+00 4.989234337998493807e-02
6.427526740265180338e-01 4.862277302185024491e-02 -1.300009765096526548e+00 4.989234337998493807e-02
6.427526740265180338e-01 4.862277302185024491e-02 -1.300009765096526548e+00 4.989234337998493807e-02
6.145474525051102255e-01 5.095679624298249388e-02 -1.304961884346428347e+00 4.470509762453260538e-02
6.145474525051102255e-01 5.095679624298249388e-02 -1.304961884346428347e+00 4.470509762453260538e-02
6.145474525051102255e-01 5.095679624298249388e-02 -1.304961884346428347e+00 4.470509762453260538e-02
6.437813872922049097e-01 5.044304113090907621e-02 -1.356871611524818277e+00 -2.933157181180033601e-02
6.437813872922049097e-01 5.044304113090907621e-02 -1.356871611524818277e+00 -2.933157181180033601e-02
6.390278656215330200e-01 4.951979347277055132e-02 -1.323982034684679121e+00 1.353723416720071723e-02
6.390278656215330200e-01 4.951979347277055132e-02 -1.323982034684679121e+00 1.353723416720071723e-02
6.390278656215330200e-01 4.951979347277055132e-02 -1.323982034684679121e+00 1.353723416720071723e-02
6.390278656215330200e-01 4.951979347277055132e-02 -1.323982034684679121e+00 1.353723416720071723e-02
6.390278656215330200e-01 4.951979347277055132e-02 -1.323982034684679121e+00 1.353723416720071723e-02
6.390278656215330200e-01 4.951979347277055132e-02 -1.323982034684679121e+00 1.353723416720071723e-02
6.387017828004701858e-01 5.010212488566757882e-02 -1.346269678345200616e+00 -1.205336499215553178e-02
6.372203906780088412e-01 5.045922985670669991e-02 -1.335307644892718804e+00 -1.407303371592443647e-02
6.367891121215086825e-01 5.032211303579135764e-02 -1.323727824363349459e+00 8.398778188211912174e-03
6.473495921984064871e-01 4.980225571813188395e-02 -1.337481713130571404e+00 -1.424997775249909476e-02
6.395215425355658123e-01 4.984561217342246831e-02 -1.329839374933819762e+00 2.771417299554464544e-03
6.417385359662746147e-01 5.011248050635862261e-02 -1.316908600315029210e+00 3.476957001826954524e-03
6.417385359662746147e-01 5.011248050635862261e-02 -1.316908600315029210e+00 3.476957001826954524e-03
6.417385359662746147e-01 5.011248050635862261e-02 -1.316908600315029210e+00 3.476957001826954524e-03
6.417385359662746147e-01 5.011248050635862261e-02 -1.316908600315029210e+00 3.476957001826954524e-03
6.425137500535862412e-01 5.038414261492131507e-02 -1.323214119984164050e+00 -6.826744902041069485e-03
6.443646028283593896e-01 5.006194218445485233e-02 -1.317937787601257904e+00 3.011604970231018981e-03
6.504490840839551868e-01 5.005625524402634863e-02 -1.314795774690004748e+00 -1.010022609524804937e-02
6.469682582530213999e-01 5.056908327395698288e-02 -1.291114830322380946e+00 6.024337434502223532e-03
6.469682582530213999e-01 5.056908327395698288e-02 -1.291114830322380946e+00 6.024337434502223532e-03
6.591159424992194538e-01 5.006459866122683899e-02 -1.276425046479809922e+00 7.288423562617364626e-03
6.664777417028180384e-01 5.071099187973879263e-02 -1.255843155404536393e+00 -9.180662237637053288e-03
6.664777417028180384e-01 5.071099187973879263e-02 -1.255843155404536393e+00 -9.180662237637053288e-03
6.664777417028180384e-01 5.071099187973879263e-02 -1.255843155404536393e+00 -9.180662237637053288e-03
6.958286021695556656e-01 5.056151506871034429e-02 -1.177256088939072853e+00 3.160456437294387189e-03
6.958286021695556656e-01 5.056151506871034429e-02 -1.177256088939072853e+00 3.160456437294387189e-03
7.137619701139006345e-01 5.078393697854763356e-02 -1.132275321418000580e+00 -1.054794324982951531e-02
7.137619701139006345e-01 5.078393697854763356e-02 -1.132275321418000580e+00 -1.054794324982951531e-02
7.744398900112554607e-01 5.134265916518376827e-02 -9.627020092841584997e-01 -2.793986507267337549e-03
7.744398900112554607e-01 5.134265916518376827e-02 -9.627020092841584997e-01 -2.793986507267337549e-03
7.744398900112554607e-01 5.134265916518376827e-02 -9.627020092841584997e-01 -2.793986507267337549e-03
8.502265759450047256e-01 5.091400095200504516e-02 -7.725960880182731749e-01 -1.035461252577689339e-03
9.540900083959673594e-01 5.149119077238820119e-02 -5.236301040555235708e-01 -1.601842974119412066e-02
9.540900083959673594e-01 5.149119077238820119e-02 -5.236301040555235708e-01 -1.601842974119412066e-02
1.049104417960542435e+00 5.172701605404833591e-02 -2.188414698337224351e-01 3.726671434560299701e-02
1.112021058743391411e+00 5.171171520881817640e-02 -8.477911273390725810e-02 9.035142896214739053e-03
1.112021058743391411e+00 5.171171520881817640e-02 -8.477911273390725810e-02 9.035142896214739053e-03
1.112021058743391411e+00 5.171171520881817640e-02 -8.477911273390725810e-02 9.035142896214739053e-03
1.112021058743391411e+00 5.171171520881817640e-02 -8.477911273390725810e-02 9.035142896214739053e-03
1.112021058743391411e+00 5.171171520881817640e-02 -8.477911273390725810e-02 9.035142896214739053e-03
1.112021058743391411e+00 5.171171520881817640e-02 -8.477911273390725810e-02 9.035142896214739053e-03
1.112021058743391411e+00 5.171171520881817640e-02 -8.477911273390725810e-02 9.035142896214739053e-03
1.171093517668826856e+00 5.210844749527100694e-02 5.353617382309023426e-02 -3.601968178415082718e-03
1.171093517668826856e+00 5.210844749527100694e-02 5.353617382309023426e-02 -3.601968178415082718e-03
1.171093517668826856e+00 5.210844749527100694e-02 5.353617382309023426e-02 -3.601968178415082718e-03
1.171093517668826856e+00 5.210844749527100694e-02 5.353617382309023426e-02 -3.601968178415082718e-03
1.131950359865151245e+00 5.193630594246350513e-02 -3.581279858825925366e-02 5.043376069246263693e-03
1.157951394978151693e+00 5.213588142915144552e-02 3.060391997081545606e-02 2.400685138023967314e-03
1.133852826165457461e+00 5.211115405065883111e-02 -3.400104152979468303e-02 1.912837494471189385e-04
1.133852826165457461e+00 5.211115405065883111e-02 -3.400104152979468303e-02 1.912837494471189385e-04
1.157485047615891771e+00 5.206388875013340245e-02 2.223694387692719612e-02 -1.439114068290815946e-03
1.141105304682896504e+00 5.199376582468839131e-02 -1.518132452059924205e-02 2.073246788347722115e-03
1.149675186301832852e+00 5.198507555568371991e-02 1.937700159816145226e-03 -1.966929693750774349e-03
1.151740493084835615e+00 5.208717623722126933e-02 1.217599473370140420e-02 1.057653415981139921e-03
1.141927167043410796e+00 5.207181532129526169e-02 -1.435435648366665401e-02 6.124893000946843693e-05
1.151798542697067829e+00 5.204917349242778324e-02 9.190723674620055600e-03 -5.664046040719634099e-04
1.144945325982341666e+00 5.202103798817270253e-02 -6.471904499740751930e-03 8.598194001948448757e-04
1.148639034251873525e+00 5.202118815773149052e-02 1.036407258022329237e-03 -8.069252041112009262e-04
1.149284005289254562e+00 5.206398998856404114e-02 4.763106110505074299e-03 4.722940232432135620e-04
1.145296947049272651e+00 5.205533136400963129e-02 -6.112386673907488008e-03 2.547241691159597438e-05
1.145296947049272651e+00 5.205533136400963129e-02 -6.112386673907488008e-03 2.547241691159597438e-05
1.146552653242486564e+00 5.203368020581494724e-02 -2.806653336584146070e-03 3.644686392896016240e-04
1.148138709751079345e+00 5.203531679660478027e-02 4.671199679715849372e-04 -3.224794324383209107e-04
1.148318033327498044e+00 5.205313356302614103e-02 1.793471126396271528e-03 2.177834992786944904e-04
1.148248260631355322e+00 5.204457283294375292e-02 1.041326191319489301e-03 -7.152922087289110219e-05
1.146555680643688735e+00 5.204850360680352006e-02 -2.994285343315843811e-03 3.626664411293350327e-05
1.147183912165445907e+00 5.203953095282974617e-02 -1.364872675495635386e-03 1.647395059048527960e-04
1.147183912165445907e+00 5.203953095282974617e-02 -1.364872675495635386e-03 1.647395059048527960e-04
1.147183912165445907e+00 5.203953095282974617e-02 -1.364872675495635386e-03 1.647395059048527960e-04
1.147702906369138187e+00 5.204321142581520843e-02 -2.844537836951895222e-04 -3.843348229372885551e-05
1.147000019590985964e+00 5.204451529012155131e-02 -1.963530606060274238e-03 6.126934398350654062e-06
1.147543778238591772e+00 5.204115640464228310e-02 -6.956986740290762791e-04 -5.542758185815166997e-05
1.147543778238591772e+00 5.204115640464228310e-02 -6.956986740290762791e-04 -5.542758185815166997e-05
1.147543778238591772e+00 5.204115640464228310e-02 -6.956986740290762791e-04 -5.542758185815166997e-05
1.147538614607148677e+00 5.204416797960743912e-02 -5.144636697770497372e-04 7.170723930092534452e-05
1.147528389678934335e+00 5.204303449206716670e-02 -6.706988187532439763e-04 -5.255736789358517571e-06
1.147242992550851826e+00 5.204350132446353833e-02 -1.348633256522407606e-03 1.560163765821759161e-05
1.147242992550851826e+00 5.204350132446353833e-02 -1.348633256522407606e-03 1.560163765821759161e-05
1.147242992550851826e+00 5.204350132446353833e-02 -1.348633256522407606e-03 1.560163765821759161e-05
1.147242992550851826e+00 5.204350132446353833e-02 -1.348633256522407606e-03 1.560163765821759161e-05
1.147242992550851826e+00 5.204350132446353833e-02 -1.348633256522407606e-03 1.560163765821759161e-05
1.147360427745587108e+00 5.204235483168389437e-02 -1.053090634782744180e-03 2.498769868030523757e-05
1.147360427745587108e+00 5.204235483168389437e-02 -1.053090634782744180e-03 2.498769868030523757e-05
1.147360427745587108e+00 5.204235483168389437e-02 -1.053090634782744180e-03 2.498769868030523757e-05
1.147415811260919405e+00 5.204264583952988854e-02 -9.291575734262978812e-04 6.629820308593166171e-06
1.147336972562857493e+00 5.204299041153780808e-02 -1.091579670191729877e-03 2.966356022087870707e-05
1.147321022194449647e+00 5.204319148529350236e-02 -1.151451527025103847e-03 1.725612545240550543e-05
1.147321022194449647e+00 5.204319148529350236e-02 -1.151451527025103847e-03 1.725612545240550543e-05
1.147400081856413401e+00 5.204428531781067624e-02 -9.477994945669468950e-04 2.935110229100896671e-06
1.147400081856413401e+00 5.204428531781067624e-02 -9.477994945669468950e-04 2.935110229100896671e-06
1.147400081856413401e+00 5.204428531781067624e-02 -9.477994945669468950e-04 2.935110229100896671e-06
1.147299470624215001e+00 5.204486613294877217e-02 -1.190922167372324191e-03 7.660640830988318955e-06
1.147388449756538531e+00 5.204567754335966134e-02 -9.589915420542790333e-04 2.604610538945335694e-06
1.147388449756538531e+00 5.204567754335966134e-02 -9.589915420542790333e-04 2.604610538945335694e-06
1.147284910082467135e+00 5.204565782075336322e-02 -1.190787955449868103e-03 1.674640695307573195e-05
1.147284910082467135e+00 5.204565782075336322e-02 -1.190787955449868103e-03 1.674640695307573195e-05
1.147361518727496588e+00 5.204668310142568366e-02 -9.717001094305217565e-04 2.437689792047430075e-05
1.147276578861989194e+00 5.204907769713001953e-02 -1.150706305341500819e-03 1.579737526603884281e-05
1.147276578861989194e+00 5.204907769713001953e-02 -1.150706305341500819e-03 1.579737526603884281e-05
1.147276578861989194e+00 5.204907769713001953e-02 -1.150706305341500819e-03 1.579737526603884281e-05
1.147408768310551608e+00 5.205270187847296781e-02 -7.240192942001293271e-04 2.899216670752529642e-05
1.147290988207783968e+00 5.205516539991378311e-02 -9.764343748160275900e-04 1.719263636301639371e-05
1.147290988207783968e+00 5.205516539991378311e-02 -9.764343748160275900e-04 1.719263636301639371e-05
1.147361296751844506e+00 5.206168773230807068e-02 -6.981316876736864963e-04 9.710947674835700063e-06
1.147367886896777378e+00 5.206338629488969916e-02 -6.055823901142188322e-04 2.978915088162223482e-05
1.147118500956715970e+00 5.207130554339620132e-02 -1.097566776718887898e-03 1.099319393701372741e-05
1.147118500956715970e+00 5.207130554339620132e-02 -1.097566776718887898e-03 1.099319393701372741e-05
1.147118500956715970e+00 5.207130554339620132e-02 -1.097566776718887898e-03 1.099319393701372741e-05
1.147125978386704048e+00 5.208911115403358494e-02 -6.959768171002746542e-04 1.559174141518181915e-05
1.146931366714283307e+00 5.210500767322820415e-02 -9.488712324587519030e-04 -3.521272209822156381e-05
1.146676655605728623e+00 5.211693736017838918e-02 -1.290809090821764139e-03 1.900465176033768392e-06
1.146676655605728623e+00 5.211693736017838918e-02 -1.290809090821764139e-03 1.900465176033768392e-06
1.146280499359525695e+00 5.217539859684799941e-02 -1.135339138767239853e-03 -4.330215108518083107e-05
1.146280499359525695e+00 5.217539859684799941e-02 -1.135339138767239853e-03 -4.330215108518083107e-05
1.146280499359525695e+00 5.217539859684799941e-02 -1.135339138767239853e-03 -4.330215108518083107e-05
1.145512257674092371e+00 5.225336142112857463e-02 -1.534203926471770871e-03 -6.943438518074192939e-05
1.145512257674092371e+00 5.225336142112857463e-02 -1.534203926471770871e-03 -6.943438518074192939e-05
1.144962505330817670e+00 5.232807903875091871e-02 -1.325884061733096329e-03 -5.499484932790987747e-05
1.144962505330817670e+00 5.232807903875091871e-02 -1.325884061733096329e-03 -5.499484932790987747e-05
1.143037765716367282e+00 5.253824431936809924e-02 -2.049010490642298038e-03 -1.646600843948800401e-04
1.143037765716367282e+00 5.253824431936809924e-02 -2.049010490642298038e-03 -1.646600843948800401e-04
1.141820285566253812e+00 5.273460962736373214e-02 -1.077505845488186710e-03 -1.872105843849313877e-04
1.141820285566253812e+00 5.273460962736373214e-02 -1.077505845488186710e-03 -1.872105843849313877e-04
1.138148041433637125e+00 5.316154785168225594e-02 -1.836429822450164062e-03 -3.376229833516673339e-04
1.138148041433637125e+00 5.316154785168225594e-02 -1.836429822450164062e-03 -3.376229833516673339e-04
1.134080866503423657e+00 5.369882279804558123e-02 -1.075098291094817547e-03 -4.059563816093803403e-04
1.134080866503423657e+00 5.369882279804558123e-02 -1.075098291094817547e-03 -4.059563816093803403e-04
1.134080866503423657e+00 5.369882279804558123e-02 -1.075098291094817547e-03 -4.059563816093803403e-04
1.134080866503423657e+00 5.369882279804558123e-02 -1.075098291094817547e-03 -4.059563816093803403e-04
1.126526020890843416e+00 5.465004539461237876e-02 -9.744381612541708204e-04 -6.902162410618161315e-04
1.122418927575112413e+00 5.514835946955518042e-02 -1.178539939587580632e-03 -7.401860416726322410e-04
1.123621872509687147e+00 5.510732025475237328e-02 1.200750601894217187e-03 -6.568523499325365934e-04
1.119498899449096641e+00 5.557576595906563166e-02 4.654505678361872071e-04 -6.920290844258472109e-04
1.119498899449096641e+00 5.557576595906563166e-02 4.654505678361872071e-04 -6.920290844258472109e-04
1.105066728150444710e+00 5.747993552901553560e-02 2.938404614269817666e-03 -9.241322326024063380e-04
1.105066728150444710e+00 5.747993552901553560e-02 2.938404614269817666e-03 -9.241322326024063380e-04
1.108816185031614943e+00 5.716087326695015736e-02 6.471526539675710385e-03 -6.165739499100850868e-04
1.095306029553911653e+00 5.878311645570410970e-02 5.666027410048233778e-03 -7.530325333734372642e-04
1.095306029553911653e+00 5.878311645570410970e-02 5.666027410048233778e-03 -7.530325333734372642e-04
1.095306029553911653e+00 5.878311645570410970e-02 5.666027410048233778e-03 -7.530325333734372642e-04
1.095306029553911653e+00 5.878311645570410970e-02 5.666027410048233778e-03 -7.530325333734372642e-04
1.062339882484564679e+00 6.308721840064396291e-02 1.114063871323429239e-02 -9.336840773291159301e-04
1.062339882484564679e+00 6.308721840064396291e-02 1.114063871323429239e-02 -9.336840773291159301e-04
1.071065379767793146e+00 6.178090614065270825e-02 6.134074291920584704e-03 -8.796632707260851423e-04
1.071065379767793146e+00 6.178090614065270825e-02 6.134074291920584704e-03 -8.796632707260851423e-04
1.051750379367933252e+00 6.436778501630477378e-02 1.160487913102798557e-02 -5.905874134451288837e-04
9.921287363744646370e-01 7.187626971707195001e-02 1.527288450376455137e-02 -1.128063099375866372e-03
1.005402670930584108e+00 6.985985431451319227e-02 7.422846240290128378e-03 -9.125442779995720892e-04
1.005402670930584108e+00 6.985985431451319227e-02 7.422846240290128378e-03 -9.125442779995720892e-04
1.005402670930584108e+00 6.985985431451319227e-02 7.422846240290128378e-03 -9.125442779995720892e-04
8.617136166417740384e-01 8.793166213168515655e-02 1.740085479155412812e-02 -1.404323316778221566e-03
8.831455628291937643e-01 8.495623704111068819e-02 1.166082176192317910e-02 -5.365671079685125494e-04
8.831455628291937643e-01 8.495623704111068819e-02 1.166082176192317910e-02 -5.365671079685125494e-04
7.918674489271526618e-01 9.573152897657188909e-02 1.856710550308081353e-03 -1.490482175305894805e-03
5.297365485651002182e-01 1.285459867579066273e-01 1.849255938135258709e-02 -1.617908195764890776e-03
5.681318560852148813e-01 1.228631145932287394e-01 -6.446792788265681695e-04 -7.945387774475941647e-04
5.681318560852148813e-01 1.228631145932287394e-01 -6.446792788265681695e-04 -7.945387774475941647e-04
5.681318560852148813e-01 1.228631145932287394e-01 -6.446792788265681695e-04 -7.945387774475941647e-04
-1.112914033596839047e-01 2.064071281348642817e-01 1.073494633180901818e-02 -1.082559670702613538e-03
-1.112914033596839047e-01 2.064071281348642817e-01 1.073494633180901818e-02 -1.082559670702613538e-03
2.323870983043530014e-01 1.638367305692590148e-01 4.840994864102289227e-04 6.463146425878711979e-05
-1.254751379503569741e-01 2.073889059920987488e-01 -3.232468034477686825e-03 -2.574918772918020210e-04
-1.254751379503569741e-01 2.073889059920987488e-01 -3.232468034477686825e-03 -2.574918772918020210e-04
-1.254751379503569741e-01 2.073889059920987488e-01 -3.232468034477686825e-03 -2.574918772918020210e-04
-1.254751379503569741e-01 2.073889059920987488e-01 -3.232468034477686825e-03 -2.574918772918020210e-04
-1.088318877866707030e-01 2.054673816929903918e-01 -1.249289633276684562e-03 -3.829411058688678496e-04
-7.024087654462372876e-02 2.010430855200294187e-01 5.628506635002135210e-03 -1.382945533286627973e-05
3.130813567806384201e-02 1.881747095314027507e-01 -3.331804707187061790e-03 3.967806630301184989e-04
8.203857832672806216e-02 1.821776256266946781e-01 -3.108222428729781172e-05 1.305101964663534625e-07
8.203857832672806216e-02 1.821776256266946781e-01 -3.108222428729781172e-05 1.305101964663534625e-07
-3.745120011242611402e-02 1.967884303304435201e-01 1.261367800030336250e-04 -1.113900652846906741e-04
-3.745120011242611402e-02 1.967884303304435201e-01 1.261367800030336250e-04 -1.113900652846906741e-04
-3.745120011242611402e-02 1.967884303304435201e-01 1.261367800030336250e-04 -1.113900652846906741e-04
-3.745120011242611402e-02 1.967884303304435201e-01 1.261367800030336250e-04 -1.113900652846906741e-04
-2.556027987519714217e-02 1.952335486675133847e-01 -1.811709534776054925e-03 -2.574866681748167870e-05
3.285557616773213119e-02 1.881792954992415612e-01 -8.963465862823946076e-05 1.323983488581513123e-05
-9.328135326182110387e-03 1.933795635027737436e-01 9.936666270372127713e-04 3.769356555055836328e-05
-9.328135326182110387e-03 1.933795635027737436e-01 9.936666270372127713e-04 3.769356555055836328e-05
-9.328135326182110387e-03 1.933795635027737436e-01 9.936666270372127713e-04 3.769356555055836328e-05
-7.431570538613957444e-03 1.930540228141398584e-01 -1.013420725194810138e-03 1.538590270212134784e-05
1.674046414455741816e-02 1.901362371443662269e-01 -2.678565454417236526e-04 3.514841203080802819e-05
1.674046414455741816e-02 1.901362371443662269e-01 -2.678565454417236526e-04 3.514841203080802819e-05
1.674046414455741816e-02 1.901362371443662269e-01 -2.678565454417236526e-04 3.514841203080802819e-05
1.674046414455741816e-02 1.901362371443662269e-01 -2.678565454417236526e-04 3.514841203080802819e-05
-1.600230713029201016e-03 1.923977476395180297e-01 2.053511938487234700e-04 4.136596066831007342e-05
-1.600230713029201016e-03 1.923977476395180297e-01 2.053511938487234700e-04 4.136596066831007342e-05
-1.600230713029201016e-03 1.923977476395180297e-01 2.053511938487234700e-04 4.136596066831007342e-05
-4.432617643361765579e-03 1.927306720948999963e-01 -1.266682015982967865e-04 1.656484776741823305e-05
7.568410808513705880e-03 1.912897559698404359e-01 4.095483425940593799e-04 2.624182713300359746e-05
9.452806899699505230e-03 1.910393181418071906e-01 1.611266055964337201e-06 3.348378475541058841e-05
9.452806899699505230e-03 1.910393181418071906e-01 1.611266055964337201e-06 3.348378475541058841e-05
8.173590957110687255e-03 1.911925503467095389e-01 -1.202812464965563708e-04 8.063849382552682615e-06
8.173590957110687255e-03 1.911925503467095389e-01 -1.202812464965563708e-04 8.063849382552682615e-06
8.173590957110687255e-03 1.911925503467095389e-01 -1.202812464965563708e-04 8.063849382552682615e-06
9.025374641386970515e-03 1.910959422094494209e-01 6.113190459102518163e-05 2.048075293038594696e-05
9.025374641386970515e-03 1.910959422094494209e-01 6.113190459102518163e-05 2.048075293038594696e-05
8.224814644785995860e-03 1.911907296699793535e-01 1.390853611789387339e-05 2.581905231549569022e-05
8.224814644785995860e-03 1.911907296699793535e-01 1.390853611789387339e-05 2.581905231549569022e-05
8.224814644785995860e-03 1.911907296699793535e-01 1.390853611789387339e-05 2.581905231549569022e-05
7.890749688191507974e-03 1.912301379617533659e-01 -4.079701002959749609e-05 1.492340141488612221e-05
7.890749688191507974e-03 1.912301379617533659e-01 -4.079701002959749609e-05 1.492340141488612221e-05
7.890749688191507974e-03 1.912301379617533659e-01 -4.079701002959749609e-05 1.492340141488612221e-05
8.355556573905622772e-03 1.911764237848618819e-01 3.471566518060924521e-05 2.044350941816688082e-05
8.355556573905622772e-03 1.911764237848618819e-01 3.471566518060924521e-05 2.044350941816688082e-05
8.355556573905622772e-03 1.911764237848618819e-01 3.471566518060924521e-05 2.044350941816688082e-05
7.841822311320596067e-03 1.912387109928554152e-01 2.519434487066697984e-05 1.999025558551408376e-05
8.050619431941935522e-03 1.912118011287058106e-01 -9.701208519414214842e-06 1.771320270473026410e-05
8.050619431941935522e-03 1.912118011287058106e-01 -9.701208519414214842e-06 1.771320270473026410e-05
8.050619431941935522e-03 1.912118011287058106e-01 -9.701208519414214842e-06 1.771320270473026410e-05
8.050619431941935522e-03 1.912118011287058106e-01 -9.701208519414214842e-06 1.771320270473026410e-05
8.006998563830558177e-03 1.912181483264096538e-01 1.408012671982300191e-05 1.877832610774155130e-05
8.064388282258009091e-03 1.912105871286565728e-01 -8.036987773620393922e-07 1.730159198708425386e-05
8.227915001162645209e-03 1.911912116139410922e-01 1.138577456686170331e-05 1.740635934938875227e-05
8.225705887218260487e-03 1.911912021301906961e-01 8.855601308014378014e-06 1.872104894744378744e-05
8.225705887218260487e-03 1.911912021301906961e-01 8.855601308014378014e-06 1.872104894744378744e-05
8.094735982656742906e-03 1.912074209561649973e-01 1.277728680061109872e-05 1.836659565074774008e-05
8.182535361808358776e-03 1.911969394640657682e-01 1.725692570130700948e-05 1.816967973738252214e-05
8.123555670234754167e-03 1.912036403348736091e-01 5.882599158418253782e-06 1.773375645416247717e-05
8.123555670234754167e-03 1.912036403348736091e-01 5.882599158418253782e-06 1.773375645416247717e-05
8.123555670234754167e-03 1.912036403348736091e-01 5.882599158418253782e-06 1.773375645416247717e-05
8.123555670234754167e-03 1.912036403348736091e-01 5.882599158418253782e-06 1.773375645416247717e-05
