1.000000000000000000e+00 1.000000000000000000e+00
1.074999999999999734e+00 8.999999999999999112e-01
1.187500000000000000e+00 8.499999999999996447e-01
1.293749999999999734e+00 6.249999999999991118e-01
1.571875000000000355e+00 4.124999999999983125e-01
1.678125000000000089e+00 1.874999999999977796e-01
1.956250000000000711e+00 -2.500000000000301981e-02
1.956250000000000711e+00 -2.500000000000301981e-02
2.119921875000001066e+00 -4.218750000000331957e-02
2.119921875000001066e+00 -4.218750000000331957e-02
2.119921875000001066e+00 -4.218750000000331957e-02
2.119921875000001066e+00 -4.218750000000331957e-02
2.260095214843751421e+00 -1.108398437500349859e-02
2.579742431640627220e+00 -8.283691406250415223e-02
3.019912719726565165e+00 -5.650634765625484057e-02
3.019912719726565165e+00 -5.650634765625484057e-02
2.879739379882815253e+00 -8.760986328125466849e-02
2.879739379882815253e+00 -8.760986328125466849e-02
2.879739379882815253e+00 -8.760986328125466849e-02
2.879739379882815253e+00 -8.760986328125466849e-02
2.881878471374514028e+00 -6.707077026367649908e-02
2.911899137496950729e+00 -7.099895477295389834e-02
2.914038228988649504e+00 -5.045986175537572893e-02
2.914038228988649504e+00 -5.045986175537572893e-02
2.899562668800355958e+00 -4.336099624634248695e-02
2.916177320480347834e+00 -2.992076873779755952e-02
2.901701760292054733e+00 -2.282190322876431754e-02
2.918316411972046609e+00 -9.381675720219390113e-03
2.903840851783753063e+00 -2.282810211186148130e-03
2.915767067670823387e+00 2.662587165828005087e-03
2.914060185849667306e+00 -4.595893621449230818e-03
2.909377239271999205e+00 -1.624731719498380498e-03
2.909377239271999205e+00 -1.624731719498380498e-03
2.911291992105544235e+00 -4.924932867293113983e-03
2.911666744807736240e+00 -4.706421867058125513e-04
2.911666744807736240e+00 -4.706421867058125513e-04
2.910925290451269909e+00 4.885400761805063288e-04
2.910862160746911620e+00 -1.076155339255787389e-03
2.911280235203413724e+00 -3.822249091217265406e-04
2.910998244213216068e+00 -1.203250240041253043e-04
2.910998244213216068e+00 -1.203250240041253043e-04
2.911139853711913972e+00 -3.871224987892337636e-04
2.911137397697516782e+00 1.562676301159976553e-04
2.911137397697516782e+00 1.562676301159976553e-04
2.911137397697516782e+00 1.562676301159976553e-04
2.911112150674159516e+00 -8.238384934269869818e-05
2.911096604572402047e+00 -4.046716939186109695e-05
2.911120887660398893e+00 4.742106037435887887e-05
2.911110448395279882e+00 -3.945345192572490022e-05
2.911110448395279882e+00 -3.945345192572490022e-05
