1.000000000000000000e+00 1.000000000000000000e+00
1.074999999999999734e+00 8.999999999999999112e-01
1.187500000000000000e+00 8.499999999999996447e-01
1.293749999999999734e+00 6.249999999999991118e-01
1.571875000000000355e+00 4.124999999999983125e-01
1.678125000000000089e+00 1.874999999999977796e-01
1.678125000000000089e+00 1.874999999999977796e-01
1.562500000000000000e+00 1.499999999999979128e-01
1.562500000000000000e+00 1.499999999999979128e-01
1.297265625000000533e+00 3.234374999999986011e-01
1.209960937500000000e+00 7.890624999999829026e-02
1.209960937500000000e+00 7.890624999999829026e-02
8.574218750000000000e-01 7.812499999998667732e-03
9.892089843750002665e-01 1.478515624999987288e-01
1.066638183593750178e+00 7.836914062499850120e-02
9.426727294921876110e-01 6.046142578124864136e-02
9.969322204589845526e-01 1.086334228515611483e-01
1.018220329284668102e+00 8.145828247070169281e-02
1.018220329284668102e+00 8.145828247070169281e-02
1.018220329284668102e+00 8.145828247070169281e-02
9.967373669147492343e-01 8.686282634734968089e-02
9.913016751408577631e-01 8.095709681510784850e-02
9.913016751408577631e-01 8.095709681510784850e-02
9.913016751408577631e-01 8.095709681510784850e-02
1.001056439708918333e+00 8.077593334019042559e-02
9.984316454036161748e-01 7.882245378568626670e-02
9.955228588485625085e-01 8.037814518902310079e-02
9.990168459175038373e-01 8.018811641377254773e-02
9.978507488933247016e-01 7.955279229354203507e-02
9.969783281269883890e-01 8.012429977134019610e-02
9.966133848064828715e-01 7.966376084177539951e-02
9.973233026800301104e-01 7.972341130004992338e-02
9.969733359351224955e-01 7.990894292112643571e-02
9.968808520570295872e-01 7.973996897618179647e-02
9.971251983380531314e-01 7.977393362435201973e-02
9.971251983380531314e-01 7.977393362435201973e-02
9.969687707546111000e-01 7.977170467185307201e-02
9.970763865363322376e-01 7.974275516680548459e-02
9.970738884917623723e-01 7.976558177184064902e-02
9.970219541343292580e-01 7.976293657058806941e-02
9.970219541343292580e-01 7.976293657058806941e-02
