6.284800105425815131e-01 -3.172731510305592389e-02 1.132557282056649052e-03 -3.300968669004816216e-05 8.332076704906987855e-07 -1.881092318745316317e-08 3.876826252021054615e-10 -7.397230819665433113e-12 1.320279955088137012e-13 -2.221706204209853900e-15 3.546732876182069879e-17 -5.398511002587344201e-19 7.867291112400995082e-21 -1.101527635263305393e-22 1.486186226955401142e-24 -1.937177675503302161e-26 2.444844923080272158e-28 -2.993427258461332617e-30 3.561839140684236014e-32 -4.124614377279456011e-34
-3.172731510305592389e-02 2.334961179250420460e-01 -1.661286067637473413e-02 7.254682359395665499e-04 -2.440166880078271179e-05 6.883933123846627901e-07 -1.702096797892069215e-08 3.788371261205075643e-10 -7.726589225865382841e-12 1.462578944466072657e-13 -2.594091885917523300e-15 4.343064699223806553e-17 -6.904200245806107174e-19 1.047192309233908013e-20 -1.521501865752943570e-22 2.124798047984004630e-24 -2.860327429514340128e-26 3.720926215471453522e-28 -4.687814675827671900e-30 5.729882670644722585e-32
1.132557282056649052e-03 -1.661286067637473413e-02 8.674763474656929652e-02 -7.533285744426487275e-03 3.794289156442209941e-04 -1.426058707545655088e-05 4.405503120732061768e-07 -1.176296254872067054e-08 2.798399097099327810e-10 -6.052958625804449809e-12 1.207636764941979331e-13 -2.246287853106600563e-15 3.927745919016090001e-17 -6.498585112276138688e-19 1.022833638637378113e-20 -1.538211975146105300e-22 2.218510269544067591e-24 -3.078304044852261813e-26 4.120477796861560246e-28 -5.332470945449052053e-30
-3.300968669004816894e-05 7.254682359395666583e-04 -7.533285744426489877e-03 3.222741673742354762e-02 -3.220671935998040830e-03 1.811553867586154320e-04 -7.454182426338172102e-06 2.486463059808944705e-07 -7.095768462979084315e-09 1.790182674237907169e-10 -4.081132231337258138e-12 8.538941195386935297e-14 -1.658800257659021745e-15 3.018741201627059244e-17 -5.182877506592357843e-19 8.443442194530808238e-21 -1.311380169688643700e-22 1.949503692944192088e-24 -2.783385872087357636e-26 3.827025668221584495e-28
8.332076704906991031e-07 -2.440166880078272534e-05 3.794289156442212652e-04 -3.220671935998041698e-03 1.197245778585346102e-02 -1.333191304196051658e-03 8.205267884157184236e-05 -3.644738701305683720e-06 1.299256737077953684e-07 -3.931777820741216747e-09 1.045428586755762459e-10 -2.499312526569615626e-12 5.461307194957266243e-14 -1.104166192374411420e-15 2.085121362304512268e-17 -3.705401820258649921e-19 6.234175888764524848e-21 -9.980128432059496896e-23 1.526613436914900344e-24 -2.238818022809037404e-26
-1.881092318745316978e-08 6.883933123846631077e-07 -1.426058707545655935e-05 1.811553867586155405e-04 -1.333191304196051658e-03 4.447656007791760645e-03 -5.407199272508112333e-04 3.590476551559390145e-05 -1.704015298004271294e-06 6.440640530930964612e-08 -2.054008128591577941e-09 5.727072444956253403e-11 -1.429880367978692018e-12 3.251735485352363779e-14 -6.822006259955533168e-16 1.333409005872925154e-17 -2.447141153213230109e-19 4.243732707264171665e-21 -6.990373851859115867e-23 1.098296938256132461e-24
3.876826252021055132e-10 -1.702096797892069546e-08 4.405503120732063356e-07 -7.454182426338174643e-06 8.205267884157182881e-05 -5.407199272508112333e-04 1.652225087481131718e-03 -2.162386683342617654e-04 1.533261416254345198e-05 -7.713757145685536402e-07 3.072211630384614940e-08 -1.027356055568446334e-09 2.991400671625839589e-11 -7.772652204638596092e-13 1.834152777879503713e-14 -3.982728954145234621e-16 8.039317021212187237e-18 -1.520745590484817623e-19 2.713551830951966292e-21 -4.590921460463128566e-23
-7.397230819665439576e-12 3.788371261205077194e-10 -1.176296254872067716e-08 2.486463059808946294e-07 -3.644738701305685414e-06 3.590476551559390822e-05 -2.162386683342619009e-04 6.137584258118647731e-04 -8.558846439299424148e-05 6.429580201028354316e-06 -3.407717055846731650e-07 1.422970863652985140e-08 -4.968904114234594377e-10 1.505650256790905457e-11 -4.059361028341750370e-13 9.914344300511400487e-15 -2.223260424619466597e-16 4.625577758336086495e-18 -9.003107888238000068e-20 1.649917336793310386e-21
1.320279955088137264e-13 -7.726589225865382841e-12 2.798399097099328844e-10 -7.095768462979087624e-09 1.299256737077953684e-07 -1.704015298004271294e-06 1.533261416254345536e-05 -8.558846439299421438e-05 2.279901278434686037e-04 -3.361055768515053326e-05 2.658466757611972460e-06 -1.476934403217357563e-07 6.439305892890047320e-09 -2.339835065176365966e-10 7.356477887149122510e-12 -2.052729497630944974e-13 5.177389618082500388e-15 -1.196653458709105054e-16 2.561701732757042825e-18 -5.120548113512674331e-20
-2.221706204209853112e-15 1.462578944466071899e-13 -6.052958625804449002e-12 1.790182674237906652e-10 -3.931777820741214265e-09 6.440640530930959318e-08 -7.713757145685534285e-07 6.429580201028347539e-06 -3.361055768515051293e-05 8.468861336347682995e-05 -1.311707532880528484e-05 1.086924469671104475e-06 -6.303425860087715577e-08 2.859478002010437164e-09 -1.078017653301473082e-10 3.507688856446231149e-12 -1.010750193330742942e-13 2.627519106861994848e-15 -6.248587998186813859e-17 1.373627610165162479e-18
3.546732876182071111e-17 -2.594091885917524483e-15 1.207636764941979836e-13 -4.081132231337260562e-12 1.045428586755762847e-10 -2.054008128591578768e-09 3.072211630384616925e-08 -3.407717055846731650e-07 2.658466757611972884e-06 -1.311707532880530008e-05 3.145752071777695581e-05 -5.093475663435694203e-06 4.403342515940764984e-07 -2.656404109246502357e-08 1.250109118323594356e-09 -4.877185626594065615e-11 1.638731327619188431e-12 -4.866779064738722426e-14 1.301708714070238912e-15 -3.178566843153049674e-17
-5.398511002587343238e-19 4.343064699223806553e-17 -2.246287853106600169e-15 8.538941195386935297e-14 -2.499312526569615626e-12 5.727072444956252111e-11 -1.027356055568446334e-09 1.422970863652984644e-08 -1.476934403217357298e-07 1.086924469671105322e-06 -5.093475663435691662e-06 1.168461837800024932e-05 -1.969643981105959522e-06 1.770311612326984998e-07 -1.107662317524065076e-08 5.393792292520188656e-10 -2.172854447440433260e-11 7.524237984737008248e-13 -2.299082986413972798e-14 6.313159589388948236e-16
7.867291112400995082e-21 -6.904200245806107174e-19 3.927745919016091234e-17 -1.658800257659022336e-15 5.461307194957267505e-14 -1.429880367978692624e-12 2.991400671625840881e-11 -4.968904114234594377e-10 6.439305892890048974e-09 -6.303425860087723518e-08 4.403342515940766043e-07 -1.969643981105961216e-06 4.340054952991055043e-06 -7.590079878870800515e-07 7.071547557055681149e-08 -4.577282272528992761e-09 2.301232285866769754e-10 -9.553490859047027037e-12 3.403567992783599861e-13 -1.067480843027429866e-14
-1.101527635263304923e-22 1.047192309233907712e-20 -6.498585112276136762e-19 3.018741201627058628e-17 -1.104166192374410828e-15 3.251735485352361255e-14 -7.772652204638593063e-13 1.505650256790904164e-11 -2.339835065176363898e-10 2.859478002010437578e-09 -2.656404109246500372e-08 1.770311612326983675e-07 -7.590079878870789927e-07 1.612006019391432247e-06 -2.916181809198265110e-07 2.809177697142496574e-08 -1.876899692877074032e-09 9.723216981295720467e-11 -4.152633949341233951e-12 1.518109136803913618e-13
1.486186226955401142e-24 -1.521501865752943570e-22 1.022833638637378264e-20 -5.182877506592359769e-19 2.085121362304512268e-17 -6.822006259955533168e-16 1.834152777879503713e-14 -4.059361028341748856e-13 7.356477887149120894e-12 -1.078017653301473728e-10 1.250109118323593736e-09 -1.107662317524064910e-08 7.071547557055674531e-08 -2.916181809198265639e-07 5.987270842868890786e-07 -1.117559025911654037e-07 1.110619812840180114e-08 -7.644451015086818682e-10 4.073594053733063407e-11 -1.784442674337821066e-12
-1.937177675503302161e-26 2.124798047984004997e-24 -1.538211975146105770e-22 8.443442194530809742e-21 -3.705401820258649921e-19 1.333409005872925616e-17 -3.982728954145236100e-16 9.914344300511397331e-15 -2.052729497630944974e-13 3.507688856446234784e-12 -4.877185626594064323e-11 5.393792292520188656e-10 -4.577282272528988625e-09 2.809177697142498228e-08 -1.117559025911654169e-07 2.223729939237389571e-07 -4.273241660915549860e-08 4.372541224940687279e-09 -3.095132012392176141e-10 1.690423144250996617e-11
2.444844923080270813e-28 -2.860327429514338406e-26 2.218510269544066856e-24 -1.311380169688643465e-22 6.234175888764522591e-21 -2.447141153213229146e-19 8.039317021212187237e-18 -2.223260424619465611e-16 5.177389618082498810e-15 -1.010750193330743573e-13 1.638731327619187623e-12 -2.172854447440432937e-11 2.301232285866767427e-10 -1.876899692877074446e-09 1.110619812840180280e-08 -4.273241660915549860e-08 8.258975020609140782e-08 -1.630770608572169809e-08 1.715115555266055735e-09 -1.242566458682544092e-10
-2.993427258461330165e-30 3.720926215471451729e-28 -3.078304044852261239e-26 1.949503692944192455e-24 -9.980128432059496896e-23 4.243732707264174674e-21 -1.520745590484818827e-19 4.625577758336088806e-18 -1.196653458709105794e-16 2.627519106861998793e-15 -4.866779064738725582e-14 7.524237984737015316e-13 -9.553490859047030268e-12 9.723216981295738561e-11 -7.644451015086834192e-10 4.372541224940694724e-09 -1.630770608572172787e-08 3.067333692750426752e-08 -6.212320180935575481e-09 6.666923997119891941e-10
3.561839140684232182e-32 -4.687814675827666995e-30 4.120477796861555762e-28 -2.783385872087357062e-26 1.526613436914899425e-24 -6.990373851859109989e-23 2.713551830951965916e-21 -9.003107888237992846e-20 2.561701732757040899e-18 -6.248587998186813859e-17 1.301708714070237729e-15 -2.299082986413971852e-14 3.403567992783594307e-13 -4.152633949341233951e-12 4.073594053733062760e-11 -3.095132012392175107e-10 1.715115555266055114e-09 -6.212320180935561419e-09 1.138855250690548398e-08 -2.333331987995467806e-09
-4.124614377279452590e-34 5.729882670644718206e-32 -5.332470945449049250e-30 3.827025668221583598e-28 -2.238818022809036543e-26 1.098296938256131910e-24 -4.590921460463128566e-23 1.649917336793309633e-21 -5.120548113512672525e-20 1.373627610165163057e-18 -3.178566843153047825e-17 6.313159589388947250e-16 -1.067480843027428762e-14 1.518109136803913113e-13 -1.784442674337820258e-12 1.690423144250996294e-11 -1.242566458682543834e-10 6.666923997119878499e-10 -2.333331987995467393e-09 4.048452405764622882e-09
