1.000000000000000000e+00 5.000000000000000278e-02
1.074999999999999734e+00 4.500000000000001221e-02
1.187500000000000000e+00 4.250000000000000999e-02
1.293749999999999734e+00 3.125000000000002776e-02
1.571875000000000355e+00 2.062500000000003220e-02
1.571875000000000355e+00 2.062500000000003220e-02
1.790625000000000577e+00 6.875000000000047740e-03
1.687500000000000888e+00 2.250000000000001998e-02
1.906250000000000888e+00 8.750000000000035527e-03
1.803125000000001199e+00 2.437500000000000777e-02
1.803125000000001199e+00 2.437500000000000777e-02
1.918750000000001954e+00 2.624999999999999556e-02
1.918750000000001954e+00 2.624999999999999556e-02
2.183984375000003642e+00 1.757812500000000000e-02
2.271289062500005951e+00 2.980468749999996836e-02
2.271289062500005951e+00 2.980468749999996836e-02
2.843750000000012434e+00 4.124999999999991174e-02
2.843750000000012434e+00 4.124999999999991174e-02
2.843750000000012434e+00 4.124999999999991174e-02
2.843750000000012434e+00 4.124999999999991174e-02
2.843750000000012434e+00 4.124999999999991174e-02
2.843750000000012434e+00 4.124999999999991174e-02
2.843750000000012434e+00 4.124999999999991174e-02
2.843750000000012434e+00 4.124999999999991174e-02
2.843750000000012434e+00 4.124999999999991174e-02
2.843750000000012434e+00 4.124999999999991174e-02
2.843750000000012434e+00 4.124999999999991174e-02
2.879989290237439548e+00 4.023451805114737490e-02
2.834228718280804582e+00 3.979215383529654398e-02
2.850429502129567361e+00 4.063166797161093385e-02
2.850429502129567361e+00 4.063166797161093385e-02
2.845011534728122626e+00 4.010979752987614555e-02
2.854439859325078821e+00 4.029697361402204830e-02
2.854439859325078821e+00 4.029697361402204830e-02
2.855882326813310890e+00 4.048097652441346589e-02
2.852619346323639338e+00 4.040325092049888711e-02
2.854345347946777078e+00 4.036954366823911067e-02
2.854682336974259549e+00 4.043368690939123239e-02
2.855461090528957691e+00 4.040079747297330853e-02
2.854708530849192627e+00 4.039339292971069056e-02
2.854883573831667576e+00 4.041539105536661597e-02
2.854883573831667576e+00 4.041539105536661597e-02
2.854691042194054784e+00 4.040209154177733242e-02
2.854691042194054784e+00 4.040209154177733242e-02
2.854691042194054784e+00 4.040209154177733242e-02
2.854691042194054784e+00 4.040209154177733242e-02
