9.082089597605832454e-01 -1.711293874002892124e-01 2.251415762633545911e-02 -2.388426680579319814e-03 2.167362625496370670e-04 -1.737760157592595160e-05 1.256639080381442500e-06 -8.313219446689793621e-08 5.083939529349804914e-09 -2.897231404830738773e-10 1.552190819159715503e-11 -1.438655557225180421e-12 1.197260018588982085e-11 -2.295089040534500378e-10 4.663856013573260468e-09 -9.980336746991880948e-08 2.242200398733305501e-06 -5.274523749139781495e-05 1.296170318030129059e-03 -3.320598728718635040e-02
-1.711293874002889071e-01 8.440184981970683120e-02 -1.782239961571670250e-02 2.588643935074413580e-03 -2.969391070693543837e-04 2.868079541175856659e-05 -2.419272741743073603e-06 1.824296966103833590e-07 -1.249827800989124354e-08 7.872120874167917903e-10 -4.600523918277892957e-11 2.629980096609926805e-12 -2.298911421594970745e-12 4.203553909379454064e-11 -8.592500509879299511e-10 1.848203546680851374e-08 -4.170629245032345255e-07 9.848834630793210874e-06 -2.428483354286516409e-04 6.240117533896150266e-03
2.251415762633530646e-02 -1.782239961571664352e-02 6.857072904635901425e-03 -1.477295296720523366e-03 2.251743700631710749e-04 -2.709415765533868946e-05 2.730542110413104767e-06 -2.389464691416889797e-07 1.859607581421433871e-08 -1.309020817419677936e-09 8.439337812182809490e-11 -5.046011089579558359e-12 5.552077251354733561e-13 -5.392618968505348518e-12 1.105956500754217539e-10 -2.390751536134244277e-09 5.418240366981366451e-08 -1.284321031680030962e-06 3.177307081315436057e-05 -8.188207655456269420e-04
-2.388426680579285553e-03 2.588643935074395799e-03 -1.477295296720522715e-03 4.974542187235103706e-04 -1.063206104410500968e-04 1.657519096729519615e-05 -2.053369265318885779e-06 2.129964832462295549e-07 -1.914001297691419528e-08 1.525269543184508320e-09 -1.096311064245808279e-10 7.199675056755631565e-12 -4.642820085058541739e-13 5.798684297085660286e-13 -1.148589595017263987e-11 2.494739156428534786e-10 -5.677699095087354976e-09 1.350762439998644976e-07 -3.352470985932167569e-06 8.664360306437822402e-05
2.167362625496297758e-04 -2.969391070693506432e-04 2.251743700631708039e-04 -1.063206104410501239e-04 3.260645670966897037e-05 -6.834193558113187600e-06 1.073494694415665319e-06 -1.352155590265434182e-07 1.429480190988488079e-08 -1.308825885226718924e-09 1.061359682891535914e-10 -7.750317518971369385e-12 5.185647301616096123e-13 -8.073176047108787755e-14 1.022485066160996979e-12 -2.227692508133553712e-11 5.090700729039812005e-10 -1.215447365508113438e-08 3.026140228586311704e-07 -7.842837012733441286e-06
-1.737760157592456247e-05 2.868079541175783137e-05 -2.709415765533853022e-05 1.657519096729515888e-05 -6.834193558113180823e-06 1.945145766348821314e-06 -3.975616271048238149e-07 6.232014024725395631e-08 -7.910762123117665671e-09 8.460187054940136250e-10 -7.844307935238433341e-11 6.440469845398874723e-12 -4.759725468533010457e-13 3.585402230409895120e-14 -8.217350606677495983e-14 1.758395115943668471e-12 -4.034080613970935118e-11 9.665342174605610533e-10 -2.413818059510337084e-08 6.272969582888886222e-07
1.256639080380205832e-06 -2.419272741742778836e-06 2.730542110413048862e-06 -2.053369265318877733e-06 1.073494694415665319e-06 -3.975616271048242384e-07 1.061245134229652662e-07 -2.108627104966837558e-08 3.277271367456657325e-09 -4.164996920461653243e-10 4.479876222233367550e-11 -4.185653963274849632e-12 3.465036104330084334e-13 -2.607415855574556774e-14 7.434788320421903884e-15 -1.253216371441368953e-13 2.883990145816594029e-12 -6.933351007319571787e-11 1.736735107996727245e-09 -4.525426749118798572e-08
-8.313219445439833718e-08 1.824296966082635796e-07 -2.389464691414352404e-07 2.129964832462050703e-07 -1.352155590265415388e-07 6.232014024725386367e-08 -2.108627104966836565e-08 5.313730718529949830e-09 -1.024536676582674481e-09 1.571539325681142263e-10 -1.989595140841536342e-11 2.142369414172296618e-12 -2.008852619772773703e-13 1.672493085805947399e-14 -1.619395537211713603e-15 8.245432888909541625e-15 -1.886714613368258614e-13 4.550789576507068142e-12 -1.143273119375697519e-10 2.986805651841062720e-09
5.083939362094467391e-09 -1.249827798098922041e-08 1.859607581071494782e-08 -1.914001297657144803e-08 1.429480190985606016e-08 -7.910762123115505075e-09 3.277271367456503056e-09 -1.024536676582662694e-09 2.448087034320043161e-10 -4.575178012475944193e-11 6.902692020390602177e-12 -8.671497667314481386e-13 9.312490943519214968e-14 -8.734647122401282116e-15 7.497334280295867122e-16 -5.463790167280047389e-16 1.141616728603060258e-14 -2.761722557102881404e-13 6.958035058684892445e-12 -1.822422972979276415e-10
-2.897206916386315391e-10 7.872116566513163155e-10 -1.309020764386743690e-09 1.525269537908056783e-09 -1.308825884776725640e-09 8.460187054600397663e-10 -4.164996920438479261e-10 1.571539325679693663e-10 -4.575178012475118305e-11 1.039848234307575236e-11 -1.882290646222155496e-12 2.786106851002791732e-13 -3.462205361289374645e-14 3.696753912662763751e-15 -3.469903512004267282e-16 5.640652855742986760e-17 -6.456143638331032977e-16 1.562065406744975269e-14 -3.946548983754719453e-13 1.036241712316047042e-11
1.548313741755916983e-11 -4.599832564532140573e-11 8.439251586705362926e-11 -1.096310195677467101e-10 1.061359607935285550e-10 -7.844307877999874323e-11 4.479876218285730795e-11 -1.989595140592139125e-11 6.902692020244794630e-12 -1.882290646214225791e-12 4.078774302525502928e-13 -7.147786327842937955e-14 1.035915561731436100e-14 -1.270164658789479396e-15 1.345509850924183164e-16 -1.396944989764904390e-17 3.506825049859590804e-17 -8.287501299924606424e-16 2.099391862849798716e-14 -5.525787889625142525e-13
-7.799644006830128425e-13 2.511254555293709976e-12 -5.031050206726395016e-12 7.198153009663943922e-12 -7.750184910547891326e-12 6.440459625678694008e-12 -4.185653252168341995e-12 2.142369368860233254e-12 -8.671497640597204942e-13 2.786106849533440982e-13 -7.147786327086395103e-14 1.479400415991593053e-14 -2.509066664172805359e-15 3.554934558796887260e-16 -4.292148164271664102e-17 4.568689594893426369e-18 -2.112161698693676957e-18 4.147971317623853150e-17 -1.052810073783239867e-15 2.777691412817752424e-14
3.719474570566841798e-14 -1.288348117507273597e-13 2.794482522461635001e-13 -4.359994843186670165e-13 5.160812555989418882e-13 -4.757796992170590571e-13 3.464900931047501744e-13 -2.008843945148779032e-13 9.312485793429401557e-14 -3.462205076157198370e-14 1.035915546917084420e-14 -2.509066656929514898e-15 4.967410861310020712e-16 -8.151699105682338723e-17 1.127719011170337964e-17 -1.341635999504195336e-18 2.185757072370688927e-19 -1.975259447601858336e-18 4.998578527754558000e-17 -1.321856935270006288e-15
-1.685171764508984184e-15 6.240624251472327676e-15 -1.455105273972576193e-14 2.455438652565943570e-14 -3.165053682679025350e-14 3.201853975270632762e-14 -2.580365968941482629e-14 1.670746794190222810e-14 -8.733604328312630240e-15 3.696695852662902000e-15 -1.270161625628154968e-15 3.554933064353746513e-16 -8.151698409770251559e-17 1.545573178639070325e-17 -2.453810377129881817e-18 3.312679676549974213e-19 -4.216106275354753465e-20 9.224291300698572589e-20 -2.255230863871938546e-18 5.976678340598268485e-17
7.276151949020135957e-17 -2.865516092269816878e-16 7.138949019718468313e-16 -1.293939230144135753e-15 1.801973238486881343e-15 -1.982295957089365776e-15 1.749673183831392804e-15 -1.250506126019356781e-15 7.275961266866999246e-16 -3.457518588344674374e-16 1.344859799428034441e-16 -4.291826414941533964e-17 1.127703929488200765e-17 -2.453803671153429264e-18 4.460075047087318065e-19 -6.850635350310470383e-20 9.162554530081247283e-21 -4.815978219498713802e-21 9.705195113727957186e-20 -2.575431070111937793e-18
-3.002027222015350899e-18 1.251494752565833906e-17 -3.314084819147450039e-17 6.413971069027416819e-17 -9.585993486115660346e-17 1.138032915168875392e-16 -1.090700749196288805e-16 8.521286101945880068e-17 -5.458948802203371739e-17 2.877845635257119238e-17 -1.251344403632730207e-17 4.496337977547037666e-18 -1.338231478013255734e-18 3.311157217597853905e-19 -6.849987491435843321e-20 1.194639012397007992e-20 -1.781111785352403813e-21 3.825758979191372509e-22 -4.008822365573826704e-21 1.060523895629060115e-19
1.186311141162320129e-19 -5.214052200960068995e-19 1.460999662925780854e-18 -3.003931897024378537e-18 4.790582975436796928e-18 -6.098127023933496598e-18 6.300033589930409171e-18 -5.336432443558463523e-18 3.729709828735655109e-18 -2.159384496297420195e-18 1.038254350926062534e-18 -4.153163070023724969e-19 1.384612901880595251e-19 -3.856664325580980676e-20 9.008834126079691165e-21 -1.774838918772294410e-21 2.974507166261092768e-22 -4.880801999562769309e-23 1.620992939043383675e-22 -4.183313479148346442e-21
-4.499365321609259923e-21 2.077532748655193024e-20 -6.135413994023608094e-20 1.334257833384005073e-19 -2.259306995908047270e-19 3.066629612526622463e-19 -3.393883157491042670e-19 3.095153249089368905e-19 -2.341777837523757393e-19 1.476248553701077984e-19 -7.775468571507915088e-20 3.428199627564399362e-20 -1.267239655310067615e-20 3.934456191529399653e-21 -1.028641194339869587e-21 2.273439387662669254e-22 -4.272244552850957507e-23 7.101992577871456224e-24 -6.877494630783188049e-24 1.584562755704852982e-22
1.640859176453900380e-22 -7.934488781539893058e-22 2.461041946217997848e-21 -5.638778211593906039e-21 1.009439945947841073e-20 -1.453954861161362879e-20 1.714506524700779729e-20 -1.673384899276811599e-20 1.361448045533189826e-20 -9.276190995607451412e-21 5.309130317073516303e-21 -2.557715412039891678e-21 1.038787334876419626e-21 -3.561993964121233223e-22 1.033163622406446066e-22 -2.541766303550701026e-23 5.325176079466947822e-24 -9.633793024069632380e-25 3.627301991957280897e-25 -5.783352508570995057e-24
-5.756377159802556778e-24 2.906560226792982540e-23 -9.438040653817605530e-23 2.270206560861593921e-22 -4.279539437540658002e-22 6.512296377963053249e-22 -8.142143627032555072e-22 8.458355854851370687e-22 -7.354978923449591541e-22 5.379726437473521860e-22 -3.320838346796956018e-22 1.733824543705779596e-22 -7.668628700952748363e-23 2.877128800249019144e-23 -9.169584670485774696e-24 2.487193523618923198e-24 -5.757205273982277401e-25 1.144259849403789150e-25 -2.697534876845458569e-26 2.046477853798645624e-25
