-6.714759935138776559e-01 -8.013418076603739948e-02 -7.666979884092059994e-01 4.571185465669078685e-01
-6.966563432706482928e-01 -8.313921254476380751e-02 -7.954491629745508163e-01 4.114066919102170594e-01
-6.966563432706482928e-01 -8.313921254476380751e-02 -7.954491629745508163e-01 4.114066919102170594e-01
-6.966563432706482928e-01 -8.313921254476380751e-02 -7.954491629745508163e-01 4.114066919102170594e-01
-6.761973090932720254e-01 -8.094804353944246023e-02 -8.799057382602519795e-01 3.799797918337421976e-01
-6.797382957778181911e-01 -8.957185869610001516e-02 -8.593905772422709699e-01 3.221257257838678889e-01
-6.797382957778181911e-01 -8.957185869610001516e-02 -8.593905772422709699e-01 3.221257257838678889e-01
-7.267383366324153826e-01 -8.387286288136697188e-02 -9.237625103999671516e-01 2.398979559815004325e-01
-7.031358570996610879e-01 -8.893064830190888781e-02 -1.063124282817047295e+00 1.341223313633082004e-01
-7.031358570996610879e-01 -8.893064830190888781e-02 -1.063124282817047295e+00 1.341223313633082004e-01
-7.082060459331329660e-01 -9.489650942658139909e-02 -1.119221011169730051e+00 -4.442565073843285361e-02
-7.082060459331329660e-01 -9.489650942658139909e-02 -1.119221011169730051e+00 -4.442565073843285361e-02
-7.082060459331329660e-01 -9.489650942658139909e-02 -1.119221011169730051e+00 -4.442565073843285361e-02
-7.082060459331329660e-01 -9.489650942658139909e-02 -1.119221011169730051e+00 -4.442565073843285361e-02
-7.082060459331329660e-01 -9.489650942658139909e-02 -1.119221011169730051e+00 -4.442565073843285361e-02
-7.012735672403471732e-01 -9.524658341222334845e-02 -1.073957956976653527e+00 4.266722705809585653e-02
-7.195136838232021326e-01 -9.480645678355134609e-02 -1.127769497664174558e+00 -2.141629682474979063e-02
-7.195136838232021326e-01 -9.480645678355134609e-02 -1.127769497664174558e+00 -2.141629682474979063e-02
-7.110689494785875642e-01 -9.317059544859837561e-02 -1.107971078646754703e+00 1.584476767193351496e-02
-7.110689494785875642e-01 -9.317059544859837561e-02 -1.107971078646754703e+00 1.584476767193351496e-02
-7.113866832550821417e-01 -9.458416375000724963e-02 -1.106138516201985222e+00 -1.229083152349889907e-02
-7.113866832550821417e-01 -9.458416375000724963e-02 -1.106138516201985222e+00 -1.229083152349889907e-02
-7.113866832550821417e-01 -9.458416375000724963e-02 -1.106138516201985222e+00 -1.229083152349889907e-02
-7.113866832550821417e-01 -9.458416375000724963e-02 -1.106138516201985222e+00 -1.229083152349889907e-02
-7.113866832550821417e-01 -9.458416375000724963e-02 -1.106138516201985222e+00 -1.229083152349889907e-02
-7.179555896248872582e-01 -9.561855318818021643e-02 -1.096099989085410842e+00 -1.064464481195896359e-02
-7.124040045874717730e-01 -9.465453029467835178e-02 -1.099721411250031977e+00 5.291927324903192981e-03
-7.185460555572764640e-01 -9.434871068925325399e-02 -1.097025638091275068e+00 4.519299292995289548e-03
-7.125141913289059215e-01 -9.552119736239797487e-02 -1.070974453800908943e+00 3.361295802300805907e-03
-7.125141913289059215e-01 -9.552119736239797487e-02 -1.070974453800908943e+00 3.361295802300805907e-03
-7.125141913289059215e-01 -9.552119736239797487e-02 -1.070974453800908943e+00 3.361295802300805907e-03
-7.255992771416526210e-01 -9.619193037947043612e-02 -1.051626452233791031e+00 4.006611308003341781e-03
-7.186050913903252457e-01 -9.818598435798345236e-02 -1.022968609158191544e+00 5.167351383075185003e-03
-7.186050913903252457e-01 -9.818598435798345236e-02 -1.022968609158191544e+00 5.167351383075185003e-03
-7.219733266466639154e-01 -9.964103677889954436e-02 -9.590831264996331207e-01 7.155880629653509767e-03
-7.219733266466639154e-01 -9.964103677889954436e-02 -9.590831264996331207e-01 7.155880629653509767e-03
-7.142965542915211685e-01 -1.038599116151832091e-01 -8.905034960652900011e-01 -4.480656510989304217e-03
-7.142965542915211685e-01 -1.038599116151832091e-01 -8.905034960652900011e-01 -4.480656510989304217e-03
-7.304451136971841230e-01 -1.091011059360997848e-01 -7.245888275530170120e-01 1.568856442669762374e-03
-7.304451136971841230e-01 -1.091011059360997848e-01 -7.245888275530170120e-01 1.568856442669762374e-03
-7.203709831496696303e-01 -1.193472349182969627e-01 -5.201274360882095493e-01 -1.304686822454036513e-03
-7.203709831496696303e-01 -1.193472349182969627e-01 -5.201274360882095493e-01 -1.304686822454036513e-03
-7.338821381687905543e-01 -1.320647067601543601e-01 -1.487045535256763529e-01 6.868108987824890835e-03
-7.338821381687905543e-01 -1.320647067601543601e-01 -1.487045535256763529e-01 6.868108987824890835e-03
-7.217476362384691591e-01 -1.400205844989771964e-01 -6.062463198229117722e-03 -8.949257505834504883e-03
-7.217476362384691591e-01 -1.400205844989771964e-01 -6.062463198229117722e-03 -8.949257505834504883e-03
-7.217476362384691591e-01 -1.400205844989771964e-01 -6.062463198229117722e-03 -8.949257505834504883e-03
-7.217476362384691591e-01 -1.400205844989771964e-01 -6.062463198229117722e-03 -8.949257505834504883e-03
-7.334737528080844671e-01 -1.366917212278982996e-01 -5.146009013568233342e-02 1.998650259806768366e-03
-7.334737528080844671e-01 -1.366917212278982996e-01 -5.146009013568233342e-02 1.998650259806768366e-03
-7.349255920363915173e-01 -1.415149580290674947e-01 5.099422892360108012e-02 4.466657134981131920e-04
-7.349255920363915173e-01 -1.415149580290674947e-01 5.099422892360108012e-02 4.466657134981131920e-04
-7.400539618210355552e-01 -1.393343435642455386e-01 1.753937130221182653e-02 3.364170929865583932e-03
-7.350987716789613158e-01 -1.405505924001323181e-01 3.622339631423888984e-02 -6.882336046169980782e-04
-7.345506423690961739e-01 -1.382424729994681523e-01 -1.747278405904655399e-02 9.600341931218239972e-04
-7.342945220802075124e-01 -1.388417984194675603e-01 -8.438927674721794642e-03 -1.208135612516024818e-03
-7.342945220802075124e-01 -1.388417984194675603e-01 -8.438927674721794642e-03 -1.208135612516024818e-03
-7.342945220802075124e-01 -1.388417984194675603e-01 -8.438927674721794642e-03 -1.208135612516024818e-03
-7.342945220802075124e-01 -1.388417984194675603e-01 -8.438927674721794642e-03 -1.208135612516024818e-03
-7.353913540015154515e-01 -1.395428311536111576e-01 1.347995931632607614e-02 -1.082353393351903549e-04
-7.353913540015154515e-01 -1.395428311536111576e-01 1.347995931632607614e-02 -1.082353393351903549e-04
-7.367220588319312036e-01 -1.389870862595345424e-01 3.074526104403975217e-03 6.563736768065550533e-04
-7.360739092776842352e-01 -1.386378315865967603e-01 -5.466409030534467514e-03 8.577145534760204754e-05
-7.360739092776842352e-01 -1.386378315865967603e-01 -5.466409030534467514e-03 8.577145534760204754e-05
-7.360739092776842352e-01 -1.386378315865967603e-01 -5.466409030534467514e-03 8.577145534760204754e-05
-7.355256901156053129e-01 -1.391755836156781945e-01 5.137971661218741076e-03 3.578907159978842768e-05
-7.355256901156053129e-01 -1.391755836156781945e-01 5.137971661218741076e-03 3.578907159978842768e-05
-7.361285586884297460e-01 -1.389427544078185306e-01 8.070828862591634782e-04 3.077267799397435141e-04
-7.355306145707309895e-01 -1.389426550432190099e-01 -1.015799520401000676e-03 -2.046165124414830940e-04
-7.355306145707309895e-01 -1.389426550432190099e-01 -1.015799520401000676e-03 -2.046165124414830940e-04
-7.359868283239008324e-01 -1.388353819110998144e-01 -1.590329172400551001e-03 3.573776022239580428e-05
-7.359868283239008324e-01 -1.388353819110998144e-01 -1.590329172400551001e-03 3.573776022239580428e-05
-7.359868283239008324e-01 -1.388353819110998144e-01 -1.590329172400551001e-03 3.573776022239580428e-05
-7.359868283239008324e-01 -1.388353819110998144e-01 -1.590329172400551001e-03 3.573776022239580428e-05
-7.360131936289637800e-01 -1.389485446153857773e-01 6.632586246028064451e-04 1.192580459059312532e-04
-7.354502307003529804e-01 -1.389106925771806389e-01 -1.297698529919776803e-03 9.721551023855458341e-05
-7.356484713949725807e-01 -1.389378514320375180e-01 -5.327372066368437362e-04 -6.194737382348567052e-05
-7.356484713949725807e-01 -1.389378514320375180e-01 -5.327372066368437362e-04 -6.194737382348567052e-05
-7.356484713949725807e-01 -1.389378514320375180e-01 -5.327372066368437362e-04 -6.194737382348567052e-05
-7.350918701512032527e-01 -1.389869422699557544e-01 -5.738463339924760719e-04 -3.652066406171427745e-05
-7.350918701512032527e-01 -1.389869422699557544e-01 -5.738463339924760719e-04 -3.652066406171427745e-05
-7.350918701512032527e-01 -1.389869422699557544e-01 -5.738463339924760719e-04 -3.652066406171427745e-05
-7.350918701512032527e-01 -1.389869422699557544e-01 -5.738463339924760719e-04 -3.652066406171427745e-05
-7.349111175949872843e-01 -1.390161507707393662e-01 -3.555094870426770770e-04 5.683818655391120809e-05
-7.349111175949872843e-01 -1.390161507707393662e-01 -3.555094870426770770e-04 5.683818655391120809e-05
-7.345546516214973565e-01 -1.390925446295746548e-01 2.448384626458294591e-04 -7.549483204123096363e-05
-7.345546516214973565e-01 -1.390925446295746548e-01 2.448384626458294591e-04 -7.549483204123096363e-05
-7.338827387424147197e-01 -1.391390839556830294e-01 -7.947320590670232249e-06 -6.076488108093974397e-05
-7.331442008119450904e-01 -1.392353859801171434e-01 1.196880065616892988e-04 -4.185363192065194853e-05
-7.331442008119450904e-01 -1.392353859801171434e-01 1.196880065616892988e-04 -4.185363192065194853e-05
-7.331442008119450904e-01 -1.392353859801171434e-01 1.196880065616892988e-04 -4.185363192065194853e-05
-7.311229683833158077e-01 -1.394954070736798557e-01 1.403640923859339560e-03 -2.061941894840755500e-05
-7.311229683833158077e-01 -1.394954070736798557e-01 1.403640923859339560e-03 -2.061941894840755500e-05
-7.311229683833158077e-01 -1.394954070736798557e-01 1.403640923859339560e-03 -2.061941894840755500e-05
-7.282496643081897147e-01 -1.397883368576095520e-01 9.523809823287164838e-04 -2.951257597880062235e-05
-7.282496643081897147e-01 -1.397883368576095520e-01 9.523809823287164838e-04 -2.951257597880062235e-05
-7.282496643081897147e-01 -1.397883368576095520e-01 9.523809823287164838e-04 -2.951257597880062235e-05
-7.259403255510527009e-01 -1.401049338889743257e-01 2.685050895328941652e-03 -9.018751907478744800e-06
-7.209372182467692625e-01 -1.405817531107751428e-01 1.641608795813456929e-03 4.466164963433009267e-05
-7.209372182467692625e-01 -1.405817531107751428e-01 1.641608795813456929e-03 4.466164963433009267e-05
-7.209372182467692625e-01 -1.405817531107751428e-01 1.641608795813456929e-03 4.466164963433009267e-05
-7.119220542762230153e-01 -1.416723419516461302e-01 4.571529621601518045e-03 -6.356271026370527107e-06
-7.060270283343743625e-01 -1.422147039359205056e-01 2.521048840305500222e-03 -4.534705850818311894e-05
-7.060270283343743625e-01 -1.422147039359205056e-01 2.521048840305500222e-03 -4.534705850818311894e-05
-6.922135939489009182e-01 -1.437247925965216555e-01 4.335568134859623182e-03 8.750105620543155915e-05
-6.922135939489009182e-01 -1.437247925965216555e-01 4.335568134859623182e-03 8.750105620543155915e-05
-6.701586745455054839e-01 -1.460373589203435296e-01 3.476614415619274506e-03 1.520830825777297975e-04
-6.701586745455054839e-01 -1.460373589203435296e-01 3.476614415619274506e-03 1.520830825777297975e-04
-6.288346449898245538e-01 -1.505924974873047439e-01 8.536379810763241455e-03 2.918084696245647766e-04
-6.223009675359847392e-01 -1.510329044931482123e-01 3.375764072298236690e-03 3.373352058443029422e-04
-5.601401955484646145e-01 -1.577432206636483758e-01 6.061137139038632465e-03 4.098072503770073096e-04
-5.601401955484646145e-01 -1.577432206636483758e-01 6.061137139038632465e-03 4.098072503770073096e-04
-5.601401955484646145e-01 -1.577432206636483758e-01 6.061137139038632465e-03 4.098072503770073096e-04
-4.461828987118670042e-01 -1.695045750526270600e-01 1.416945015145439773e-03 9.239068765346531830e-04
-4.461828987118670042e-01 -1.695045750526270600e-01 1.416945015145439773e-03 9.239068765346531830e-04
-3.254684328794843484e-01 -1.824081103966414541e-01 5.204706745363300510e-03 1.026433099497349802e-03
-2.777862621368083484e-01 -1.871696640107385345e-01 -2.000163204384322949e-03 1.159052593925981355e-03
-2.777862621368083484e-01 -1.871696640107385345e-01 -2.000163204384322949e-03 1.159052593925981355e-03
-2.777862621368083484e-01 -1.871696640107385345e-01 -2.000163204384322949e-03 1.159052593925981355e-03
-2.777862621368083484e-01 -1.871696640107385345e-01 -2.000163204384322949e-03 1.159052593925981355e-03
-2.671652019799091171e-01 -1.882267226075516886e-01 -4.075676810026927777e-03 7.067291923316017244e-04
-2.671652019799091171e-01 -1.882267226075516886e-01 -4.075676810026927777e-03 7.067291923316017244e-04
-2.671652019799091171e-01 -1.882267226075516886e-01 -4.075676810026927777e-03 7.067291923316017244e-04
-2.671652019799091171e-01 -1.882267226075516886e-01 -4.075676810026927777e-03 7.067291923316017244e-04
-2.671652019799091171e-01 -1.882267226075516886e-01 -4.075676810026927777e-03 7.067291923316017244e-04
-2.671652019799091171e-01 -1.882267226075516886e-01 -4.075676810026927777e-03 7.067291923316017244e-04
-2.671652019799091171e-01 -1.882267226075516886e-01 -4.075676810026927777e-03 7.067291923316017244e-04
-3.287400626677801085e-01 -1.820571980997826023e-01 3.471111464684262238e-03 2.296680046016915701e-04
-2.889960059736904618e-01 -1.859129458394590817e-01 -5.507900234341815519e-03 3.238082291330166788e-05
-8.767310565667352229e-02 -2.072984009113382209e-01 -1.582333271927352167e-03 6.135067515257446209e-04
-8.767310565667352229e-02 -2.072984009113382209e-01 -1.582333271927352167e-03 6.135067515257446209e-04
-1.652037906663968436e-01 -1.993154355630719077e-01 3.194014478005926735e-03 2.441648329251991378e-05
-2.186079397783424749e-02 -2.141140788024856190e-01 -4.491322290044431030e-03 3.988519103678442399e-04
-2.186079397783424749e-02 -2.141140788024856190e-01 -4.491322290044431030e-03 3.988519103678442399e-04
1.282149834455581505e-02 -2.179218909568338691e-01 -2.110613555894681748e-03 2.279648916685261123e-04
-8.586904992623836663e-03 -2.157510065589107739e-01 1.063376951591909429e-03 8.422982421677762885e-06
-8.586904992623836663e-03 -2.157510065589107739e-01 1.063376951591909429e-03 8.422982421677762885e-06
-8.586904992623836663e-03 -2.157510065589107739e-01 1.063376951591909429e-03 8.422982421677762885e-06
-8.586904992623836663e-03 -2.157510065589107739e-01 1.063376951591909429e-03 8.422982421677762885e-06
-8.586904992623836663e-03 -2.157510065589107739e-01 1.063376951591909429e-03 8.422982421677762885e-06
-8.586904992623836663e-03 -2.157510065589107739e-01 1.063376951591909429e-03 8.422982421677762885e-06
-8.586904992623836663e-03 -2.157510065589107739e-01 1.063376951591909429e-03 8.422982421677762885e-06
-8.586904992623836663e-03 -2.157510065589107739e-01 1.063376951591909429e-03 8.422982421677762885e-06
-8.586904992623836663e-03 -2.157510065589107739e-01 1.063376951591909429e-03 8.422982421677762885e-06
-8.586904992623836663e-03 -2.157510065589107739e-01 1.063376951591909429e-03 8.422982421677762885e-06
-1.807632629704656463e-02 -2.147149300513326864e-01 -4.931261340196490921e-04 1.165365255191311110e-05
-1.159731449880428006e-02 -2.154084119302256128e-01 -2.824797591001173766e-04 -6.991346604873880538e-05
-1.159731449880428006e-02 -2.154084119302256128e-01 -2.824797591001173766e-04 -6.991346604873880538e-05
-1.159731449880428006e-02 -2.154084119302256128e-01 -2.824797591001173766e-04 -6.991346604873880538e-05
-1.345504732837292383e-02 -2.152250847200242179e-01 4.199775838093872614e-04 -1.569686069070014465e-05
-1.345504732837292383e-02 -2.152250847200242179e-01 4.199775838093872614e-04 -1.569686069070014465e-05
-1.603201111220649289e-02 -2.149417557816719615e-01 -1.599135955031642754e-04 -1.512173556957534560e-05
-1.603201111220649289e-02 -2.149417557816719615e-01 -1.599135955031642754e-04 -1.512173556957534560e-05
-1.603201111220649289e-02 -2.149417557816719615e-01 -1.599135955031642754e-04 -1.512173556957534560e-05
-1.226415595988577384e-02 -2.153512118153184107e-01 2.008714982420881936e-04 -2.715107527531926383e-05
-1.398424639802985960e-02 -2.151670904813440532e-01 2.287092276241490575e-04 -2.464356496064657137e-05
-1.219103548406418568e-02 -2.153505541106875421e-01 2.824229183784240363e-06 -2.047941247851089948e-05
-1.321732416618520006e-02 -2.152440356768533236e-01 8.976760975352362918e-06 -3.459870472989031223e-05
-1.447310080712387384e-02 -2.151099894013613900e-01 -2.478408324841040167e-05 -2.091996246533355409e-05
-1.447310080712387384e-02 -2.151099894013613900e-01 -2.478408324841040167e-05 -2.091996246533355409e-05
-1.447310080712387384e-02 -2.151099894013613900e-01 -2.478408324841040167e-05 -2.091996246533355409e-05
-1.447310080712387384e-02 -2.151099894013613900e-01 -2.478408324841040167e-05 -2.091996246533355409e-05
-1.447310080712387384e-02 -2.151099894013613900e-01 -2.478408324841040167e-05 -2.091996246533355409e-05
-1.421161224695975667e-02 -2.151355360810748019e-01 -3.660065119328977714e-05 -2.378477006186817175e-05
-1.421161224695975667e-02 -2.151355360810748019e-01 -3.660065119328977714e-05 -2.378477006186817175e-05
-1.421161224695975667e-02 -2.151355360810748019e-01 -3.660065119328977714e-05 -2.378477006186817175e-05
-1.421161224695975667e-02 -2.151355360810748019e-01 -3.660065119328977714e-05 -2.378477006186817175e-05
-1.416654051618765689e-02 -2.151421813988511067e-01 -1.193569025236290844e-05 -2.271898935501871869e-05
-1.416654051618765689e-02 -2.151421813988511067e-01 -1.193569025236290844e-05 -2.271898935501871869e-05
-1.391514281370547119e-02 -2.151690337634849515e-01 1.518674622176323139e-05 -2.429067473282232461e-05
-1.391514281370547119e-02 -2.151690337634849515e-01 1.518674622176323139e-05 -2.429067473282232461e-05
-1.392994996161672078e-02 -2.151677871270171183e-01 1.278845266582798674e-05 -2.277169846625164265e-05
-1.408646598613320922e-02 -2.151502188581869979e-01 -6.337245839727704659e-06 -2.242406114391375831e-05
-1.408646598613320922e-02 -2.151502188581869979e-01 -6.337245839727704659e-06 -2.242406114391375831e-05
-1.406321811957021890e-02 -2.151531559823675610e-01 -3.216921051239615758e-06 -2.298810123694333213e-05
-1.406321811957021890e-02 -2.151531559823675610e-01 -3.216921051239615758e-06 -2.298810123694333213e-05
-1.407691849719396385e-02 -2.151509402717061148e-01 -1.335889694712700089e-05 -2.351115290984906800e-05
-1.407691849719396385e-02 -2.151509402717061148e-01 -1.335889694712700089e-05 -2.351115290984906800e-05
-1.405235877732431866e-02 -2.151539593069473066e-01 -4.444361992177283513e-06 -2.289307933984319329e-05
-1.405235877732431866e-02 -2.151539593069473066e-01 -4.444361992177283513e-06 -2.289307933984319329e-05
