-7.265560779761570664e-01 4.041768175708555511e-01 -6.005222200954845047e-01 9.585405711636156845e-01
-7.538019309002628177e-01 4.193334482297625954e-01 -6.230418033490652263e-01 8.626865140472541604e-01
-7.538019309002628177e-01 4.193334482297625954e-01 -6.230418033490652263e-01 8.626865140472541604e-01
-7.299618095916704519e-01 3.883886606344937320e-01 -6.596361261361336492e-01 8.507047569077088589e-01
-7.325161083033053799e-01 4.169652246893080783e-01 -7.039715556666208407e-01 7.698278962157787397e-01
-7.369861310486665040e-01 4.265565300281477512e-01 -6.989867520818437985e-01 6.282933900049010312e-01
-7.369861310486665040e-01 4.265565300281477512e-01 -6.989867520818437985e-01 6.282933900049010312e-01
-7.215805169441189548e-01 3.880876988928936289e-01 -8.378795072594451554e-01 4.451035562385730060e-01
-7.629747900756402856e-01 4.497515527772313337e-01 -8.983733975277923278e-01 1.648661700158116084e-01
-7.629747900756402856e-01 4.497515527772313337e-01 -8.983733975277923278e-01 1.648661700158116084e-01
-7.203116823627538912e-01 4.369924400905937922e-01 -9.374266762743730386e-01 5.992633709978500978e-02
-7.203116823627538912e-01 4.369924400905937922e-01 -9.374266762743730386e-01 5.992633709978500978e-02
-7.203116823627538912e-01 4.369924400905937922e-01 -9.374266762743730386e-01 5.992633709978500978e-02
-7.203116823627538912e-01 4.369924400905937922e-01 -9.374266762743730386e-01 5.992633709978500978e-02
-7.518450985350353388e-01 4.462071325040275482e-01 -9.607710139368430546e-01 1.517892328117873002e-02
-7.518450985350353388e-01 4.462071325040275482e-01 -9.607710139368430546e-01 1.517892328117873002e-02
-7.518450985350353388e-01 4.462071325040275482e-01 -9.607710139368430546e-01 1.517892328117873002e-02
-7.518450985350353388e-01 4.462071325040275482e-01 -9.607710139368430546e-01 1.517892328117873002e-02
-7.518450985350353388e-01 4.462071325040275482e-01 -9.607710139368430546e-01 1.517892328117873002e-02
-7.518450985350353388e-01 4.462071325040275482e-01 -9.607710139368430546e-01 1.517892328117873002e-02
-7.518450985350353388e-01 4.462071325040275482e-01 -9.607710139368430546e-01 1.517892328117873002e-02
-7.518450985350353388e-01 4.462071325040275482e-01 -9.607710139368430546e-01 1.517892328117873002e-02
-7.466813707754952345e-01 4.352725304951070018e-01 -9.681405426938082259e-01 -1.686348854611922909e-02
-7.466813707754952345e-01 4.352725304951070018e-01 -9.681405426938082259e-01 -1.686348854611922909e-02
-7.471631381045518161e-01 4.399725385300261027e-01 -9.651659203672082743e-01 -1.500070903800394817e-02
-7.414010076829772311e-01 4.394012023417720458e-01 -9.588791864512430374e-01 6.434971704159409001e-03
-7.414010076829772311e-01 4.394012023417720458e-01 -9.588791864512430374e-01 6.434971704159409001e-03
-7.414010076829772311e-01 4.394012023417720458e-01 -9.588791864512430374e-01 6.434971704159409001e-03
-7.471028103031231993e-01 4.353129345340461809e-01 -9.580229701201878889e-01 2.716087373914370662e-03
-7.471028103031231993e-01 4.353129345340461809e-01 -9.580229701201878889e-01 2.716087373914370662e-03
-7.471028103031231993e-01 4.353129345340461809e-01 -9.580229701201878889e-01 2.716087373914370662e-03
-7.471028103031231993e-01 4.353129345340461809e-01 -9.580229701201878889e-01 2.716087373914370662e-03
-7.471028103031231993e-01 4.353129345340461809e-01 -9.580229701201878889e-01 2.716087373914370662e-03
-7.423952266243016851e-01 4.328494900313842320e-01 -9.596279970991901109e-01 -6.480415875841066993e-03
-7.423952266243016851e-01 4.328494900313842320e-01 -9.596279970991901109e-01 -6.480415875841066993e-03
-7.423952266243016851e-01 4.328494900313842320e-01 -9.596279970991901109e-01 -6.480415875841066993e-03
-7.433237542479873561e-01 4.271138352797281823e-01 -9.532018018935624060e-01 2.747707520989893862e-03
-7.433237542479873561e-01 4.271138352797281823e-01 -9.532018018935624060e-01 2.747707520989893862e-03
-7.433237542479873561e-01 4.271138352797281823e-01 -9.532018018935624060e-01 2.747707520989893862e-03
-7.433237542479873561e-01 4.271138352797281823e-01 -9.532018018935624060e-01 2.747707520989893862e-03
-7.437931159826804972e-01 4.165802671325716799e-01 -9.492966032357994521e-01 1.171946605836192076e-03
-7.362140125469882612e-01 4.107179112466232684e-01 -9.441106484510488617e-01 5.456154314518527060e-04
-7.362140125469882612e-01 4.107179112466232684e-01 -9.441106484510488617e-01 5.456154314518527060e-04
-7.362140125469882612e-01 4.107179112466232684e-01 -9.441106484510488617e-01 5.456154314518527060e-04
-7.362140125469882612e-01 4.107179112466232684e-01 -9.441106484510488617e-01 5.456154314518527060e-04
-7.362140125469882612e-01 4.107179112466232684e-01 -9.441106484510488617e-01 5.456154314518527060e-04
-7.362140125469882612e-01 4.107179112466232684e-01 -9.441106484510488617e-01 5.456154314518527060e-04
-7.353540707981474078e-01 3.880841873405427300e-01 -9.319589772777621128e-01 2.514241145012625130e-03
-7.222690721115059276e-01 3.769355818821236159e-01 -9.252425875750964757e-01 -1.765958793063388595e-03
-7.222690721115059276e-01 3.769355818821236159e-01 -9.252425875750964757e-01 -1.765958793063388595e-03
-7.172358391369244579e-01 3.569302304673775961e-01 -9.100929302036808721e-01 2.108463271632840877e-04
-7.040638278340458633e-01 3.060796310552529320e-01 -8.811577389317779563e-01 5.638245362676991800e-03
-7.040638278340458633e-01 3.060796310552529320e-01 -8.811577389317779563e-01 5.638245362676991800e-03
-6.712168500277071459e-01 2.532488656209999078e-01 -8.477134111815400885e-01 -5.502247068017824920e-03
-6.590976808381410201e-01 1.827810393419952995e-01 -8.029993082917039615e-01 2.559366019183753962e-04
-6.590976808381410201e-01 1.827810393419952995e-01 -8.029993082917039615e-01 2.559366019183753962e-04
-5.932104933417070569e-01 2.668288004820340564e-02 -7.048848177772355506e-01 7.944373322856959282e-03
-5.266053363034139956e-01 -1.298021913215371970e-01 -6.083951109255005818e-01 -1.103215996722935535e-02
-4.838406566228716787e-01 -3.114289531599339633e-01 -4.957950412339462432e-01 7.101390219751629179e-03
-4.838406566228716787e-01 -3.114289531599339633e-01 -4.957950412339462432e-01 7.101390219751629179e-03
-2.409905918736729991e-01 -8.987084684487383068e-01 -1.263230293535519966e-01 5.878623428627782060e-03
-2.409905918736729991e-01 -8.987084684487383068e-01 -1.263230293535519966e-01 5.878623428627782060e-03
-2.409905918736729991e-01 -8.987084684487383068e-01 -1.263230293535519966e-01 5.878623428627782060e-03
-1.264798230899253362e-01 -1.254073889710818124e+00 9.258788202990286820e-02 8.333108382722732507e-03
-1.264798230899253362e-01 -1.254073889710818124e+00 9.258788202990286820e-02 8.333108382722732507e-03
-1.479822679443573707e-01 -1.133251856978544136e+00 1.737326796883720270e-02 -9.399167966758621012e-03
-1.358851002899155447e-01 -1.196639453667838637e+00 5.909864685731752720e-02 3.282618052471507342e-03
-1.358851002899155447e-01 -1.196639453667838637e+00 5.909864685731752720e-02 3.282618052471507342e-03
-1.988494013580100750e-01 -1.020192252894518870e+00 -5.140598965893148492e-02 3.048061416156092572e-03
-1.506402142496468255e-01 -1.168639758923521121e+00 4.005023207169165766e-02 3.614673022382738129e-03
-1.617236799650240142e-01 -1.112652230300506417e+00 5.277545554015627451e-03 -3.624735028715268901e-03
-1.891301255054196884e-01 -1.053634936475295714e+00 -3.088024400363907976e-02 1.167967559378811507e-04
-1.891301255054196884e-01 -1.053634936475295714e+00 -3.088024400363907976e-02 1.167967559378811507e-04
-1.891301255054196884e-01 -1.053634936475295714e+00 -3.088024400363907976e-02 1.167967559378811507e-04
-1.826373007939186555e-01 -1.057729177830762701e+00 -2.807038313557337628e-02 -1.687505207068836638e-03
-1.694618452257045105e-01 -1.096810419355709776e+00 -4.211474009099993102e-03 -1.530270018610986257e-03
-1.680897900638007036e-01 -1.106101715684226328e+00 1.971887621773764712e-03 8.541856985287501775e-04
-1.680897900638007036e-01 -1.106101715684226328e+00 1.971887621773764712e-03 8.541856985287501775e-04
-1.680897900638007036e-01 -1.106101715684226328e+00 1.971887621773764712e-03 8.541856985287501775e-04
-1.680897900638007036e-01 -1.106101715684226328e+00 1.971887621773764712e-03 8.541856985287501775e-04
-1.680897900638007036e-01 -1.106101715684226328e+00 1.971887621773764712e-03 8.541856985287501775e-04
-1.705314081406618942e-01 -1.097127532204225986e+00 -3.808678764349510137e-03 5.157709790897914773e-04
-1.699311810580302895e-01 -1.102036360566507334e+00 -8.359381083001653223e-04 5.158758399859000128e-04
-1.706394999392642220e-01 -1.096298581584614906e+00 -4.413059951296589671e-03 -5.734996220749485115e-04
-1.706394999392642220e-01 -1.096298581584614906e+00 -4.413059951296589671e-03 -5.734996220749485115e-04
-1.706394999392642220e-01 -1.096298581584614906e+00 -4.413059951296589671e-03 -5.734996220749485115e-04
-1.706394999392642220e-01 -1.096298581584614906e+00 -4.413059951296589671e-03 -5.734996220749485115e-04
-1.713688771633470886e-01 -1.097118593129982944e+00 -3.906557359890615311e-03 6.713154720647512407e-05
-1.713688771633470886e-01 -1.097118593129982944e+00 -3.906557359890615311e-03 6.713154720647512407e-05
-1.690776680345446314e-01 -1.099728863518784294e+00 -2.324490826823481446e-03 -5.801465364768220844e-05
-1.690776680345446314e-01 -1.099728863518784294e+00 -2.324490826823481446e-03 -5.801465364768220844e-05
-1.690776680345446314e-01 -1.099728863518784294e+00 -2.324490826823481446e-03 -5.801465364768220844e-05
-1.690776680345446314e-01 -1.099728863518784294e+00 -2.324490826823481446e-03 -5.801465364768220844e-05
-1.690382394942722688e-01 -1.101180340869996055e+00 -1.397189741580715091e-03 -2.287793602567586419e-04
-1.705266583639383771e-01 -1.098130600367495768e+00 -3.298138223352356947e-03 -1.064088123539127368e-04
-1.705266583639383771e-01 -1.098130600367495768e+00 -3.298138223352356947e-03 -1.064088123539127368e-04
-1.698250393213138476e-01 -1.098883091696521763e+00 -2.824891146846523603e-03 -2.436603711091498477e-04
-1.702771136294294607e-01 -1.099394724003178503e+00 -2.470206751124687586e-03 -2.606782353065870139e-04
-1.702771136294294607e-01 -1.099394724003178503e+00 -2.470206751124687586e-03 -2.606782353065870139e-04
-1.702771136294294607e-01 -1.099394724003178503e+00 -2.470206751124687586e-03 -2.606782353065870139e-04
-1.703000610296495632e-01 -1.098560663194878551e+00 -3.018897805200444068e-03 -1.536440589239417703e-04
-1.703000610296495632e-01 -1.098560663194878551e+00 -3.018897805200444068e-03 -1.536440589239417703e-04
-1.712368460686805594e-01 -1.097701062334133226e+00 -3.526944699105662422e-03 -2.119813000794419286e-04
-1.706132024202988984e-01 -1.099336875097444821e+00 -2.503597710627638966e-03 -2.047276879605925803e-04
-1.706132024202988984e-01 -1.099336875097444821e+00 -2.503597710627638966e-03 -2.047276879605925803e-04
-1.706132024202988984e-01 -1.099336875097444821e+00 -2.503597710627638966e-03 -2.047276879605925803e-04
-1.711676453112679352e-01 -1.098863065401758377e+00 -2.774314273946596257e-03 -2.400003702887194791e-04
-1.711676453112679352e-01 -1.098863065401758377e+00 -2.774314273946596257e-03 -2.400003702887194791e-04
-1.711676453112679352e-01 -1.098863065401758377e+00 -2.774314273946596257e-03 -2.400003702887194791e-04
-1.712059787770270347e-01 -1.099615561227513805e+00 -2.293973541299277469e-03 -1.905214714663145304e-04
-1.712059787770270347e-01 -1.099615561227513805e+00 -2.293973541299277469e-03 -1.905214714663145304e-04
-1.720553616738735303e-01 -1.098508026922687009e+00 -2.956421594433095504e-03 -2.098953292019119688e-04
-1.730540151719484609e-01 -1.098796281857814527e+00 -2.731869349148531752e-03 -2.681979146503816590e-04
-1.734202456525070213e-01 -1.099032074633996103e+00 -2.568908098467454632e-03 -1.792175413435707345e-04
-1.745843154687674592e-01 -1.099448483997504056e+00 -2.231144016978022296e-03 -2.151882046778246568e-04
-1.774234959212683815e-01 -1.097607528103973884e+00 -3.278310211671773416e-03 -2.733312994726376901e-04
-1.797508308131213761e-01 -1.099147222599592411e+00 -2.194830568333146215e-03 -2.821605617044871178e-04
-1.827761355478513261e-01 -1.098833918285670563e+00 -2.241155973290734349e-03 -1.760273760981268584e-04
-1.827761355478513261e-01 -1.098833918285670563e+00 -2.241155973290734349e-03 -1.760273760981268584e-04
-1.936795731913938390e-01 -1.096659410141449964e+00 -3.126293746017734174e-03 -3.388651533255150877e-04
-2.001932702389860319e-01 -1.099630233456617923e+00 -9.179490073897011992e-04 -2.717293541255469879e-04
-2.108704300246785346e-01 -1.096913102608149782e+00 -2.127247123359371841e-03 -2.462474239776430351e-04
-2.108704300246785346e-01 -1.096913102608149782e+00 -2.127247123359371841e-03 -2.462474239776430351e-04
-2.454396049544342873e-01 -1.095383095873249779e+00 -1.498188439763176519e-03 -4.573005519731115345e-04
-2.624527534896297087e-01 -1.098774876460540284e+00 1.493166085381740504e-03 -2.204515465040323297e-04
-2.961199718324281083e-01 -1.092191712083146360e+00 -1.115187072295744167e-03 -3.162647891878326168e-04
-2.961199718324281083e-01 -1.092191712083146360e+00 -1.115187072295744167e-03 -3.162647891878326168e-04
-2.961199718324281083e-01 -1.092191712083146360e+00 -1.115187072295744167e-03 -3.162647891878326168e-04
-2.961199718324281083e-01 -1.092191712083146360e+00 -1.115187072295744167e-03 -3.162647891878326168e-04
-2.961199718324281083e-01 -1.092191712083146360e+00 -1.115187072295744167e-03 -3.162647891878326168e-04
-3.153089838769105313e-01 -1.089396763485620756e+00 -1.934756533808491700e-03 -1.714606566744962621e-04
-4.133867589855052538e-01 -1.084293579830019727e+00 -5.644082499702414131e-04 -1.053692459310514706e-04
-4.133867589855052538e-01 -1.084293579830019727e+00 -5.644082499702414131e-04 -1.053692459310514706e-04
-4.133867589855052538e-01 -1.084293579830019727e+00 -5.644082499702414131e-04 -1.053692459310514706e-04
-4.133867589855052538e-01 -1.084293579830019727e+00 -5.644082499702414131e-04 -1.053692459310514706e-04
-4.133867589855052538e-01 -1.084293579830019727e+00 -5.644082499702414131e-04 -1.053692459310514706e-04
-3.870903281995931589e-01 -1.082037881748674657e+00 -3.219539228467832755e-03 -8.807580517983186583e-05
-3.553467381837954742e-01 -1.086074270878451653e+00 -2.163436976082398419e-03 -1.849485820392189508e-04
-3.553467381837954742e-01 -1.086074270878451653e+00 -2.163436976082398419e-03 -1.849485820392189508e-04
-3.553467381837954742e-01 -1.086074270878451653e+00 -2.163436976082398419e-03 -1.849485820392189508e-04
-3.970014547845991393e-01 -1.083916862211684373e+00 -1.573502278008523381e-03 -1.445065264578706263e-04
-3.970014547845991393e-01 -1.083916862211684373e+00 -1.573502278008523381e-03 -1.445065264578706263e-04
-3.883662563352895392e-01 -1.083123204928424510e+00 -2.473916752952771796e-03 -1.243343239633144597e-04
-3.883662563352895392e-01 -1.083123204928424510e+00 -2.473916752952771796e-03 -1.243343239633144597e-04
-3.883662563352895392e-01 -1.083123204928424510e+00 -2.473916752952771796e-03 -1.243343239633144597e-04
-3.883662563352895392e-01 -1.083123204928424510e+00 -2.473916752952771796e-03 -1.243343239633144597e-04
-3.883662563352895392e-01 -1.083123204928424510e+00 -2.473916752952771796e-03 -1.243343239633144597e-04
-3.902910376262565539e-01 -1.083713225415286807e+00 -2.013990425372609756e-03 -1.681405378829175677e-04
-4.017029225577231633e-01 -1.082352946305945363e+00 -2.343291230429758558e-03 -1.560022075720741410e-04
-3.974785805556481089e-01 -1.083024652431867851e+00 -2.109061979110459558e-03 -1.331892918114028969e-04
-3.974785805556481089e-01 -1.083024652431867851e+00 -2.109061979110459558e-03 -1.331892918114028969e-04
-3.919847847990390877e-01 -1.083130429230855230e+00 -2.301577197186953361e-03 -1.380129676482074038e-04
-3.919847847990390877e-01 -1.083130429230855230e+00 -2.301577197186953361e-03 -1.380129676482074038e-04
-3.977968327172783924e-01 -1.082797405852222727e+00 -2.242746676082728319e-03 -1.500994532678230154e-04
-3.977968327172783924e-01 -1.082797405852222727e+00 -2.242746676082728319e-03 -1.500994532678230154e-04
-3.938392140980962464e-01 -1.082977613954324347e+00 -2.313626549881721804e-03 -1.522381272343280691e-04
-3.941906550779890051e-01 -1.083126069699422045e+00 -2.202258391000157071e-03 -1.505303217408855178e-04
-3.941906550779890051e-01 -1.083126069699422045e+00 -2.202258391000157071e-03 -1.505303217408855178e-04
-3.941906550779890051e-01 -1.083126069699422045e+00 -2.202258391000157071e-03 -1.505303217408855178e-04
-3.941906550779890051e-01 -1.083126069699422045e+00 -2.202258391000157071e-03 -1.505303217408855178e-04
-3.941906550779890051e-01 -1.083126069699422045e+00 -2.202258391000157071e-03 -1.505303217408855178e-04
-3.941906550779890051e-01 -1.083126069699422045e+00 -2.202258391000157071e-03 -1.505303217408855178e-04
-3.908389396668456306e-01 -1.083385772153425020e+00 -2.192579664784709975e-03 -1.463134259642713357e-04
-3.908389396668456306e-01 -1.083385772153425020e+00 -2.192579664784709975e-03 -1.463134259642713357e-04
-3.926442156713956244e-01 -1.083204227571196387e+00 -2.223289229498003755e-03 -1.428980933146404924e-04
-3.942892656166278598e-01 -1.083080396799216416e+00 -2.224890897578501309e-03 -1.469766087996484403e-04
-3.942892656166278598e-01 -1.083080396799216416e+00 -2.224890897578501309e-03 -1.469766087996484403e-04
-3.942892656166278598e-01 -1.083080396799216416e+00 -2.224890897578501309e-03 -1.469766087996484403e-04
-3.942892656166278598e-01 -1.083080396799216416e+00 -2.224890897578501309e-03 -1.469766087996484403e-04
-3.926127386721707246e-01 -1.083260636257641352e+00 -2.187741331169593476e-03 -1.487099478995619725e-04
-3.926127386721707246e-01 -1.083260636257641352e+00 -2.187741331169593476e-03 -1.487099478995619725e-04
-3.926127386721707246e-01 -1.083260636257641352e+00 -2.187741331169593476e-03 -1.487099478995619725e-04
-3.926127386721707246e-01 -1.083260636257641352e+00 -2.187741331169593476e-03 -1.487099478995619725e-04
-3.909006087964416176e-01 -1.083394752488819446e+00 -2.181193653802039091e-03 -1.481544374174379418e-04
-3.909006087964416176e-01 -1.083394752488819446e+00 -2.181193653802039091e-03 -1.481544374174379418e-04
-3.909006087964416176e-01 -1.083394752488819446e+00 -2.181193653802039091e-03 -1.481544374174379418e-04
-3.909006087964416176e-01 -1.083394752488819446e+00 -2.181193653802039091e-03 -1.481544374174379418e-04
-3.910675782618899810e-01 -1.083347161877172837e+00 -2.202097091022113540e-03 -1.540556358795593496e-04
-3.939568651100266994e-01 -1.083142348233693042e+00 -2.197820836257771866e-03 -1.488925462414184410e-04
-3.908828937093166145e-01 -1.083347698004702320e+00 -2.211068043237565499e-03 -1.483820350364837139e-04
-3.894128685917035426e-01 -1.083510617257426034e+00 -2.172516856139557889e-03 -1.501490729617400858e-04
-3.921889366618194206e-01 -1.083221364052107116e+00 -2.225239812388678413e-03 -1.548005927545253362e-04
-3.921889366618194206e-01 -1.083221364052107116e+00 -2.225239812388678413e-03 -1.548005927545253362e-04
-3.921889366618194206e-01 -1.083221364052107116e+00 -2.225239812388678413e-03 -1.548005927545253362e-04
-3.898220340464149114e-01 -1.083448541924203923e+00 -2.182503948003275407e-03 -1.557167058851637682e-04
-3.898220340464149114e-01 -1.083448541924203923e+00 -2.182503948003275407e-03 -1.557167058851637682e-04
-3.898220340464149114e-01 -1.083448541924203923e+00 -2.182503948003275407e-03 -1.557167058851637682e-04
-3.898220340464149114e-01 -1.083448541924203923e+00 -2.182503948003275407e-03 -1.557167058851637682e-04
-3.919351812535092350e-01 -1.083249535908781258e+00 -2.195347842584745301e-03 -1.608709811236617212e-04
-3.919351812535092350e-01 -1.083249535908781258e+00 -2.195347842584745301e-03 -1.608709811236617212e-04
-3.919351812535092350e-01 -1.083249535908781258e+00 -2.195347842584745301e-03 -1.608709811236617212e-04
-3.919351812535092350e-01 -1.083249535908781258e+00 -2.195347842584745301e-03 -1.608709811236617212e-04
-3.879564222689628750e-01 -1.083525359690710399e+00 -2.174975894877791659e-03 -1.755569180849165731e-04
-3.909941684214608415e-01 -1.083401981074485931e+00 -2.105740112450652131e-03 -1.727753881793775426e-04
-3.904047457039589997e-01 -1.083390107083217924e+00 -2.128383414158139392e-03 -1.690201951154903653e-04
-3.904047457039589997e-01 -1.083390107083217924e+00 -2.128383414158139392e-03 -1.690201951154903653e-04
-3.904047457039589997e-01 -1.083390107083217924e+00 -2.128383414158139392e-03 -1.690201951154903653e-04
-3.970105982964373670e-01 -1.083006410856342860e+00 -2.005085900473008859e-03 -1.801945426737273015e-04
-3.954474283976736615e-01 -1.082956490425185159e+00 -2.068066806344055243e-03 -1.913219683555675461e-04
-3.928010449037611096e-01 -1.083346063907027368e+00 -1.908823783629181974e-03 -1.875453029420866800e-04
-4.030918739489766089e-01 -1.082567107632607772e+00 -1.910994064000117766e-03 -1.712440883958159243e-04
-4.030918739489766089e-01 -1.082567107632607772e+00 -1.910994064000117766e-03 -1.712440883958159243e-04
-4.023121091470327482e-01 -1.082550371756452634e+00 -1.769318086832780308e-03 -1.992940014737293753e-04
-4.023121091470327482e-01 -1.082550371756452634e+00 -1.769318086832780308e-03 -1.992940014737293753e-04
-3.952676537136052826e-01 -1.083163733232243242e+00 -1.782312294031105325e-03 -1.656366120357343060e-04
-3.952676537136052826e-01 -1.083163733232243242e+00 -1.782312294031105325e-03 -1.656366120357343060e-04
-4.038851596523722609e-01 -1.082615171901382567e+00 -1.298597090721737707e-03 -2.006256886932212234e-04
-3.977465421630079767e-01 -1.082700339904648423e+00 -1.596764782609635600e-03 -1.826713402729366990e-04
-3.977465421630079767e-01 -1.082700339904648423e+00 -1.596764782609635600e-03 -1.826713402729366990e-04
-3.780320712468667743e-01 -1.084263978162015363e+00 -1.269965085012772499e-03 -1.862478058111870444e-04
-3.951800731086392293e-01 -1.082900026088646772e+00 -6.016090602119581604e-04 -2.173031791767168286e-04
-3.714162463233052769e-01 -1.084210789390816387e+00 -1.046298443948358303e-03 -1.598331437243647249e-04
-3.714162463233052769e-01 -1.084210789390816387e+00 -1.046298443948358303e-03 -1.598331437243647249e-04
-3.714162463233052769e-01 -1.084210789390816387e+00 -1.046298443948358303e-03 -1.598331437243647249e-04
-3.659434105772998436e-01 -1.083898397976683192e+00 4.312450305689321736e-04 -2.221517091722481282e-04
-3.659434105772998436e-01 -1.083898397976683192e+00 4.312450305689321736e-04 -2.221517091722481282e-04
-3.476439214651736442e-01 -1.085254520167020065e+00 2.682611285399590572e-04 -1.729260812943618714e-04
-3.483749519076333456e-01 -1.084147480523661500e+00 1.161007663343302521e-04 -1.431688623008998962e-04
-3.483749519076333456e-01 -1.084147480523661500e+00 1.161007663343302521e-04 -1.431688623008998962e-04
-3.483749519076333456e-01 -1.084147480523661500e+00 1.161007663343302521e-04 -1.431688623008998962e-04
-3.483749519076333456e-01 -1.084147480523661500e+00 1.161007663343302521e-04 -1.431688623008998962e-04
-3.420761490825761086e-01 -1.082653067072544939e+00 1.370603636130285135e-03 -1.326021066614367378e-04
-3.606942489705229349e-01 -1.081158454815054348e+00 9.520699174895451075e-04 -5.538340840148563886e-05
-3.606942489705229349e-01 -1.081158454815054348e+00 9.520699174895451075e-04 -5.538340840148563886e-05
-3.696236710993994201e-01 -1.078341676722744502e+00 8.960480492290535427e-04 -3.706334639365046514e-05
-3.696236710993994201e-01 -1.078341676722744502e+00 8.960480492290535427e-04 -3.706334639365046514e-05
-3.696236710993994201e-01 -1.078341676722744502e+00 8.960480492290535427e-04 -3.706334639365046514e-05
-3.939649016444777274e-01 -1.074806791494137936e+00 1.637712831432218798e-03 3.648532213813372103e-05
-3.889199475036881903e-01 -1.069883980956698011e+00 1.798737005062930015e-03 1.682523030176570828e-04
-3.889199475036881903e-01 -1.069883980956698011e+00 1.798737005062930015e-03 1.682523030176570828e-04
-4.178138503045900620e-01 -1.069419493332353976e+00 1.613348001870189459e-03 8.499393531567208488e-05
-4.178138503045900620e-01 -1.069419493332353976e+00 1.613348001870189459e-03 8.499393531567208488e-05
-4.160413975835611788e-01 -1.063827480443568341e+00 2.659331451876792082e-03 1.957321791554302395e-04
-4.160413975835611788e-01 -1.063827480443568341e+00 2.659331451876792082e-03 1.957321791554302395e-04
-4.160413975835611788e-01 -1.063827480443568341e+00 2.659331451876792082e-03 1.957321791554302395e-04
-4.250135405831128033e-01 -1.065744056040009546e+00 1.726215626191114280e-03 1.065222076348600240e-04
-3.906722992299136443e-01 -1.061846490861095393e+00 2.145383661381380924e-03 2.583200995868224379e-04
-3.906722992299136443e-01 -1.061846490861095393e+00 2.145383661381380924e-03 2.583200995868224379e-04
-3.906722992299136443e-01 -1.061846490861095393e+00 2.145383661381380924e-03 2.583200995868224379e-04
-3.980332245579483175e-01 -1.060530882052262314e+00 1.902333869788878917e-03 1.451802598785816153e-04
-3.980332245579483175e-01 -1.060530882052262314e+00 1.902333869788878917e-03 1.451802598785816153e-04
-3.980332245579483175e-01 -1.060530882052262314e+00 1.902333869788878917e-03 1.451802598785816153e-04
-3.544732553804672559e-01 -1.050820818460733719e+00 1.535496527296060024e-03 4.294247489791256549e-04
-3.316689120660643031e-01 -1.052814472940337698e+00 1.984365054250399399e-03 1.917219559039505614e-04
-3.316689120660643031e-01 -1.052814472940337698e+00 1.984365054250399399e-03 1.917219559039505614e-04
-3.316689120660643031e-01 -1.052814472940337698e+00 1.984365054250399399e-03 1.917219559039505614e-04
-2.927250074763007026e-01 -1.042700059515071054e+00 6.454416411381465497e-04 4.290065266666304514e-04
-2.808796513623141866e-01 -1.047114206220284949e+00 8.312904717998337301e-05 2.117015125195306248e-06
-2.779076747933804103e-01 -1.023439262867944510e+00 2.083903126329147894e-03 4.163734603636632531e-04
-2.779076747933804103e-01 -1.023439262867944510e+00 2.083903126329147894e-03 4.163734603636632531e-04
-2.779076747933804103e-01 -1.023439262867944510e+00 2.083903126329147894e-03 4.163734603636632531e-04
-1.648676528531762830e-01 -1.013828905313707285e+00 1.289688337771728328e-03 -1.961663358168704106e-04
-2.367952844696321613e-01 -1.003378093534990967e+00 1.527646286604454270e-04 8.948897182853499848e-05
-1.053713414671488824e-01 -9.536004037034611081e-01 2.507877398386368535e-03 4.600442682512511294e-04
-1.688326382418083860e-01 -9.494340127809484109e-01 4.447359323226516420e-03 -4.137799645045458618e-05
-1.688326382418083860e-01 -9.494340127809484109e-01 4.447359323226516420e-03 -4.137799645045458618e-05
-9.853348021946634061e-02 -8.546626554860932146e-01 4.337830625431578040e-03 5.781648495126650092e-04
-9.853348021946634061e-02 -8.546626554860932146e-01 4.337830625431578040e-03 5.781648495126650092e-04
-1.949099672040824349e-02 -7.812411510294898775e-01 8.072773880772229557e-03 -5.037298373493094257e-04
-7.978102195813047137e-02 -6.984988485123535540e-01 1.332701936446733723e-02 7.546035888991507561e-04
8.013672011489042513e-02 -6.396728971578022893e-01 1.169707256396329553e-02 5.952658397814474932e-04
-1.290789093756742334e-01 -5.429343344401744709e-01 1.497354251855887407e-02 5.107541594340064524e-04
-1.290789093756742334e-01 -5.429343344401744709e-01 1.497354251855887407e-02 5.107541594340064524e-04
-1.290789093756742334e-01 -5.429343344401744709e-01 1.497354251855887407e-02 5.107541594340064524e-04
5.613181408696971131e-02 -4.737216000980497554e-01 1.560610641530137468e-02 -1.548284348197230629e-04
5.613181408696971131e-02 -4.737216000980497554e-01 1.560610641530137468e-02 -1.548284348197230629e-04
-1.301854157598344996e-01 -5.992643114161642082e-01 1.093686746850104294e-02 -1.109639335274342298e-04
-1.366778432929325049e-01 -3.474233688995432834e-01 1.885528033335191062e-02 -5.603629903129666266e-05
-5.411679617072420734e-02 -5.320999045042411613e-01 1.099532822638214780e-02 4.650005690303813267e-04
-3.345211192586516891e-03 -4.333202580188246777e-01 1.322324870320936048e-02 -4.391682086080427668e-04
-3.345211192586516891e-03 -4.333202580188246777e-01 1.322324870320936048e-02 -4.391682086080427668e-04
-7.603173321579143051e-02 -2.983236149558088357e-01 1.629968913818109419e-02 1.379842135987186403e-04
-3.921625064412284645e-02 -5.256146805005624811e-01 7.103480675744816564e-03 1.800668354175887246e-04
-1.143270250030304636e-01 -3.376955328940253187e-01 1.301750900739591377e-02 -4.834368994504855657e-04
-1.143270250030304636e-01 -3.376955328940253187e-01 1.301750900739591377e-02 -4.834368994504855657e-04
-8.911508131160331136e-02 -2.409433966226035562e-01 1.093604256845620223e-02 4.644058831859738273e-04
-8.911508131160331136e-02 -2.409433966226035562e-01 1.093604256845620223e-02 4.644058831859738273e-04
-8.911508131160331136e-02 -2.409433966226035562e-01 1.093604256845620223e-02 4.644058831859738273e-04
-1.698717678589787006e-01 -1.907274890687306046e-01 1.038133493931291118e-02 -1.441079257441307750e-04
-1.698717678589787006e-01 -1.907274890687306046e-01 1.038133493931291118e-02 -1.441079257441307750e-04
3.240340869730762297e-02 -1.314346670816554097e-01 1.012749022674098651e-02 3.763968886030604703e-05
3.240340869730762297e-02 -1.314346670816554097e-01 1.012749022674098651e-02 3.763968886030604703e-05
-6.130065022832867361e-02 -2.298296370509811948e-01 4.540155481523989664e-03 -1.703542492864960705e-04
-6.130065022832867361e-02 -2.298296370509811948e-01 4.540155481523989664e-03 -1.703542492864960705e-04
-6.130065022832867361e-02 -2.298296370509811948e-01 4.540155481523989664e-03 -1.703542492864960705e-04
5.862416326784161691e-02 -4.623230517612364476e-02 3.181496330615695214e-03 2.992646177756003558e-04
5.862416326784161691e-02 -4.623230517612364476e-02 3.181496330615695214e-03 2.992646177756003558e-04
5.862416326784161691e-02 -4.623230517612364476e-02 3.181496330615695214e-03 2.992646177756003558e-04
2.782591511871043699e-02 5.544712196856926845e-03 1.929617267397432979e-03 -1.810733636751309095e-04
2.782591511871043699e-02 5.544712196856926845e-03 1.929617267397432979e-03 -1.810733636751309095e-04
2.782591511871043699e-02 5.544712196856926845e-03 1.929617267397432979e-03 -1.810733636751309095e-04
2.782591511871043699e-02 5.544712196856926845e-03 1.929617267397432979e-03 -1.810733636751309095e-04
2.782591511871043699e-02 5.544712196856926845e-03 1.929617267397432979e-03 -1.810733636751309095e-04
2.782591511871043699e-02 5.544712196856926845e-03 1.929617267397432979e-03 -1.810733636751309095e-04
-4.314335565035367498e-02 -4.519161778724525153e-02 -4.026874762794017569e-04 8.041705315786168385e-05
-5.428866792151007536e-02 1.048753947111105700e-02 -3.673051506123390687e-05 -5.890694545168466254e-05
-5.428866792151007536e-02 1.048753947111105700e-02 -3.673051506123390687e-05 -5.890694545168466254e-05
-1.556903441501736839e-02 3.569720251323036525e-02 -1.018636327116195306e-04 1.001091072009746460e-04
-1.577056512508860295e-03 7.919414254421809629e-03 5.609703130792593941e-04 -7.512903732161927035e-05
-1.577056512508860295e-03 7.919414254421809629e-03 5.609703130792593941e-04 -7.512903732161927035e-05
-1.577056512508860295e-03 7.919414254421809629e-03 5.609703130792593941e-04 -7.512903732161927035e-05
-1.577056512508860295e-03 7.919414254421809629e-03 5.609703130792593941e-04 -7.512903732161927035e-05
-1.577056512508860295e-03 7.919414254421809629e-03 5.609703130792593941e-04 -7.512903732161927035e-05
-1.577056512508860295e-03 7.919414254421809629e-03 5.609703130792593941e-04 -7.512903732161927035e-05
-1.244817886834434333e-02 -7.202718756063927058e-03 4.669252002926946267e-05 2.483343131380705521e-05
9.734367091095102661e-03 4.237703127294067430e-03 -4.340598992951623034e-07 4.445605543779398614e-05
9.734367091095102661e-03 4.237703127294067430e-03 -4.340598992951623034e-07 4.445605543779398614e-05
9.734367091095102661e-03 4.237703127294067430e-03 -4.340598992951623034e-07 4.445605543779398614e-05
9.734367091095102661e-03 4.237703127294067430e-03 -4.340598992951623034e-07 4.445605543779398614e-05
-7.211365542452335617e-03 1.172385797746925903e-02 -2.262045573499964278e-04 -1.648132347809440511e-05
-2.909067192876394967e-03 7.474581124838425294e-03 2.799122421144612915e-04 -2.729900133674322021e-05
-7.152239411360642937e-03 1.748177104708351429e-03 5.192581085011530436e-05 1.616567889965115899e-05
-7.152239411360642937e-03 1.748177104708351429e-03 5.192581085011530436e-05 1.616567889965115899e-05
3.116847232896006147e-03 3.891179843878323375e-03 -2.358225992954103822e-06 1.616428815978356763e-05
-1.344872914856663076e-04 -2.792704762210650518e-04 -4.847212327781292473e-05 -1.187892999828583346e-05
-1.344872914856663076e-04 -2.792704762210650518e-04 -4.847212327781292473e-05 -1.187892999828583346e-05
-1.344872914856663076e-04 -2.792704762210650518e-04 -4.847212327781292473e-05 -1.187892999828583346e-05
-4.081779528287957440e-03 2.926433050142356832e-03 2.615532408836404146e-05 5.952651661461352244e-06
-2.699838927673445417e-03 5.217997043450400656e-03 -2.577928421812510757e-05 -4.797352808242742625e-06
3.767744707431290151e-04 3.596307896143504865e-03 9.102128363887470442e-06 5.212914787393998280e-06
3.767744707431290151e-04 3.596307896143504865e-03 9.102128363887470442e-06 5.212914787393998280e-06
3.767744707431290151e-04 3.596307896143504865e-03 9.102128363887470442e-06 5.212914787393998280e-06
3.767744707431290151e-04 3.596307896143504865e-03 9.102128363887470442e-06 5.212914787393998280e-06
3.767744707431290151e-04 3.596307896143504865e-03 9.102128363887470442e-06 5.212914787393998280e-06
3.767744707431290151e-04 3.596307896143504865e-03 9.102128363887470442e-06 5.212914787393998280e-06
7.674700736223569316e-04 5.725447098298377079e-03 -3.189318894145151543e-05 3.181422017542389792e-06
-4.907973186507972197e-04 5.538806591482061531e-03 5.314070800472397001e-05 -1.529163816877624113e-06
-1.118749223983525159e-04 4.418737579786226680e-03 -4.394572925811229042e-07 -3.379593324585878856e-06
-1.118749223983525159e-04 4.418737579786226680e-03 -4.394572925811229042e-07 -3.379593324585878856e-06
1.296004341850269135e-04 4.322581970294051522e-03 6.137159245330644128e-06 2.231055740945861866e-06
2.452145306949746195e-04 5.211793430370946500e-03 -9.606705883991079498e-06 1.096513571445491684e-06
2.452145306949746195e-04 5.211793430370946500e-03 -9.606705883991079498e-06 1.096513571445491684e-06
2.452145306949746195e-04 5.211793430370946500e-03 -9.606705883991079498e-06 1.096513571445491684e-06
-7.240362953241875270e-06 4.645902733078889624e-03 3.979158768310316756e-06 -1.356488405098661157e-06
-7.240362953241875270e-06 4.645902733078889624e-03 3.979158768310316756e-06 -1.356488405098661157e-06
-7.828118797017006008e-05 5.079199510948026464e-03 1.452661707167140718e-05 -8.005477362942105925e-07
-9.466705018000020374e-05 5.255641390341095516e-03 9.325074977274178692e-07 -1.541777216870395325e-06
2.600094348204781366e-05 4.779594307356372848e-03 -1.102853542137079037e-06 3.699349725388396533e-07
2.600094348204781366e-05 4.779594307356372848e-03 -1.102853542137079037e-06 3.699349725388396533e-07
-1.456638030841096612e-05 5.449284350194368715e-03 1.943264636546040352e-06 4.363669085393742651e-07
-1.456638030841096612e-05 5.449284350194368715e-03 1.943264636546040352e-06 4.363669085393742651e-07
-1.456638030841096612e-05 5.449284350194368715e-03 1.943264636546040352e-06 4.363669085393742651e-07
-1.456638030841096612e-05 5.449284350194368715e-03 1.943264636546040352e-06 4.363669085393742651e-07
-1.456638030841096612e-05 5.449284350194368715e-03 1.943264636546040352e-06 4.363669085393742651e-07
-1.456638030841096612e-05 5.449284350194368715e-03 1.943264636546040352e-06 4.363669085393742651e-07
3.754831354518147726e-05 5.521973689512434461e-03 1.540767015706117181e-06 -3.273654372969943323e-07
3.754831354518147726e-05 5.521973689512434461e-03 1.540767015706117181e-06 -3.273654372969943323e-07
3.754831354518147726e-05 5.521973689512434461e-03 1.540767015706117181e-06 -3.273654372969943323e-07
-5.141317675651613201e-06 5.937690793767644304e-03 2.135498737570643664e-06 2.044910672132147424e-07
-5.141317675651613201e-06 5.937690793767644304e-03 2.135498737570643664e-06 2.044910672132147424e-07
-5.141317675651613201e-06 5.937690793767644304e-03 2.135498737570643664e-06 2.044910672132147424e-07
-5.141317675651613201e-06 5.937690793767644304e-03 2.135498737570643664e-06 2.044910672132147424e-07
-5.141317675651613201e-06 5.937690793767644304e-03 2.135498737570643664e-06 2.044910672132147424e-07
-5.141317675651613201e-06 5.937690793767644304e-03 2.135498737570643664e-06 2.044910672132147424e-07
4.384030375035308191e-07 5.688677392205625238e-03 -1.782831653073434843e-06 -1.200654458577097278e-07
4.384030375035308191e-07 5.688677392205625238e-03 -1.782831653073434843e-06 -1.200654458577097278e-07
-9.146631462149683225e-07 5.651586849723052447e-03 7.494382922695349539e-07 7.055247363775611062e-08
-9.146631462149683225e-07 5.651586849723052447e-03 7.494382922695349539e-07 7.055247363775611062e-08
-2.457025087985651151e-07 5.815621746845311274e-03 8.355340647500380297e-07 9.166562833565990909e-08
-2.457025087985651151e-07 5.815621746845311274e-03 8.355340647500380297e-07 9.166562833565990909e-08
1.842935866861375170e-06 5.704062864658982629e-03 -7.024402854571093341e-07 -4.602728684547930784e-08
1.842935866861375170e-06 5.704062864658982629e-03 -7.024402854571093341e-07 -4.602728684547930784e-08
1.842935866861375170e-06 5.704062864658982629e-03 -7.024402854571093341e-07 -4.602728684547930784e-08
-5.204629282194058029e-07 5.775566764091735403e-03 -4.549627880430155037e-07 7.140037116469310248e-08
-5.204629282194058029e-07 5.775566764091735403e-03 -4.549627880430155037e-07 7.140037116469310248e-08
