-7.069962187335769865e-01 5.538045005178082736e-01 -9.566897183105080860e-01 -2.767661972268709025e-01
-7.335085769360860652e-01 5.745721692872263198e-01 -9.925655827471522308e-01 -2.490895775041838123e-01
-7.335085769360860652e-01 5.745721692872263198e-01 -9.925655827471522308e-01 -2.490895775041838123e-01
-7.335085769360860652e-01 5.745721692872263198e-01 -9.925655827471522308e-01 -2.490895775041838123e-01
-7.119672858965473417e-01 6.355771962973912892e-01 -9.664060982620990004e-01 -2.300619014448366251e-01
-7.156955862687746084e-01 6.207585993108795108e-01 -1.069362355056843406e+00 -1.950336796083108615e-01
-7.156955862687746084e-01 6.207585993108795108e-01 -1.069362355056843406e+00 -1.950336796083108615e-01
-7.651818694501506535e-01 6.672560035413668267e-01 -1.001324338713129425e+00 -1.452481976462116631e-01
-7.403308487977660057e-01 7.679203823860984990e-01 -1.061707202342578427e+00 -8.120547261407629058e-02
-7.403308487977660057e-01 7.679203823860984990e-01 -1.061707202342578427e+00 -8.120547261407629058e-02
-7.472081389809112073e-01 7.497917691817399533e-01 -1.097073599140535149e+00 -4.945776808110624589e-02
-7.975547576793162730e-01 8.260442502707212586e-01 -1.066925231209309821e+00 1.619480916024085282e-02
-7.975547576793162730e-01 8.260442502707212586e-01 -1.066925231209309821e+00 1.619480916024085282e-02
-7.975547576793162730e-01 8.260442502707212586e-01 -1.066925231209309821e+00 1.619480916024085282e-02
-7.975547576793162730e-01 8.260442502707212586e-01 -1.066925231209309821e+00 1.619480916024085282e-02
-7.975547576793162730e-01 8.260442502707212586e-01 -1.066925231209309821e+00 1.619480916024085282e-02
-7.608059449435978783e-01 8.439966234118471133e-01 -1.068039423660130272e+00 1.590941883016305791e-02
-7.745972321087877255e-01 8.203904802818786646e-01 -1.055425247645264353e+00 1.202356884065150511e-02
-7.745972321087877255e-01 8.203904802818786646e-01 -1.055425247645264353e+00 1.202356884065150511e-02
-7.745972321087877255e-01 8.203904802818786646e-01 -1.055425247645264353e+00 1.202356884065150511e-02
-7.745972321087877255e-01 8.203904802818786646e-01 -1.055425247645264353e+00 1.202356884065150511e-02
-7.593433493705152859e-01 7.972496065786838226e-01 -1.045657709470670493e+00 -2.430987987574893122e-02
-7.586183165885340696e-01 8.210673954092657656e-01 -1.062107803673487894e+00 -9.703857645633993945e-04
-7.586183165885340696e-01 8.210673954092657656e-01 -1.062107803673487894e+00 -9.703857645633993945e-04
-7.594635465180286094e-01 8.341637472617425830e-01 -1.032416387899603105e+00 6.639696400292910416e-03
-7.594635465180286094e-01 8.341637472617425830e-01 -1.032416387899603105e+00 6.639696400292910416e-03
-7.649086940218448039e-01 8.324549883788567861e-01 -1.038888273873450396e+00 2.131576516915908992e-03
-7.649086940218448039e-01 8.324549883788567861e-01 -1.038888273873450396e+00 2.131576516915908992e-03
-7.550817546670223201e-01 8.224481742451725808e-01 -9.968545642823283259e-01 -1.782733929332592365e-02
-7.550817546670223201e-01 8.224481742451725808e-01 -9.968545642823283259e-01 -1.782733929332592365e-02
-7.550817546670223201e-01 8.224481742451725808e-01 -9.968545642823283259e-01 -1.782733929332592365e-02
-7.755106324667568884e-01 8.444401148176636784e-01 -9.667950244058927112e-01 -6.997198257897732296e-03
-7.725717912928087294e-01 8.568464774125406080e-01 -8.997813153575302536e-01 -4.827539572253961714e-03
-7.725717912928087294e-01 8.568464774125406080e-01 -8.997813153575302536e-01 -4.827539572253961714e-03
-7.725717912928087294e-01 8.568464774125406080e-01 -8.997813153575302536e-01 -4.827539572253961714e-03
-7.977850831020480982e-01 8.906683385346587656e-01 -7.660610226487452046e-01 -1.475072290021493815e-02
-7.977850831020480982e-01 8.906683385346587656e-01 -7.660610226487452046e-01 -1.475072290021493815e-02
-7.906771985910463485e-01 9.241162546715182557e-01 -6.634149064698999787e-01 -2.023116484437991608e-03
-7.906771985910463485e-01 9.241162546715182557e-01 -6.634149064698999787e-01 -2.023116484437991608e-03
-8.021679734243774007e-01 9.257934219043446600e-01 -5.033344369084269410e-01 -3.676722070402514003e-02
-8.565119296233705271e-01 1.040796184465868635e+00 -1.651949590143484414e-01 -1.952522121203321970e-02
-8.501304808958836112e-01 1.085748346670039943e+00 1.801400329387892185e-02 -3.259728289974977988e-03
-8.501304808958836112e-01 1.085748346670039943e+00 1.801400329387892185e-02 -3.259728289974977988e-03
-8.501304808958836112e-01 1.085748346670039943e+00 1.801400329387892185e-02 -3.259728289974977988e-03
-8.501304808958836112e-01 1.085748346670039943e+00 1.801400329387892185e-02 -3.259728289974977988e-03
-8.501304808958836112e-01 1.085748346670039943e+00 1.801400329387892185e-02 -3.259728289974977988e-03
-8.501304808958836112e-01 1.085748346670039943e+00 1.801400329387892185e-02 -3.259728289974977988e-03
-8.501304808958836112e-01 1.085748346670039943e+00 1.801400329387892185e-02 -3.259728289974977988e-03
-8.501304808958836112e-01 1.085748346670039943e+00 1.801400329387892185e-02 -3.259728289974977988e-03
-8.501304808958836112e-01 1.085748346670039943e+00 1.801400329387892185e-02 -3.259728289974977988e-03
-8.501304808958836112e-01 1.085748346670039943e+00 1.801400329387892185e-02 -3.259728289974977988e-03
-8.501304808958836112e-01 1.085748346670039943e+00 1.801400329387892185e-02 -3.259728289974977988e-03
-8.501304808958836112e-01 1.085748346670039943e+00 1.801400329387892185e-02 -3.259728289974977988e-03
-8.501304808958836112e-01 1.085748346670039943e+00 1.801400329387892185e-02 -3.259728289974977988e-03
-8.501304808958836112e-01 1.085748346670039943e+00 1.801400329387892185e-02 -3.259728289974977988e-03
-8.591398885806262875e-01 1.092283876257299724e+00 -3.684854747308506304e-03 1.079459377945830075e-03
-8.591398885806262875e-01 1.092283876257299724e+00 -3.684854747308506304e-03 1.079459377945830075e-03
-8.591398885806262875e-01 1.092283876257299724e+00 -3.684854747308506304e-03 1.079459377945830075e-03
-8.591398885806262875e-01 1.092283876257299724e+00 -3.684854747308506304e-03 1.079459377945830075e-03
-8.591398885806262875e-01 1.092283876257299724e+00 -3.684854747308506304e-03 1.079459377945830075e-03
-8.591398885806262875e-01 1.092283876257299724e+00 -3.684854747308506304e-03 1.079459377945830075e-03
-8.545751587123842086e-01 1.087750826977899710e+00 4.930909378792244779e-03 6.794933303100667140e-04
-8.545751587123842086e-01 1.087750826977899710e+00 4.930909378792244779e-03 6.794933303100667140e-04
-8.545751587123842086e-01 1.087750826977899710e+00 4.930909378792244779e-03 6.794933303100667140e-04
-8.545751587123842086e-01 1.087750826977899710e+00 4.930909378792244779e-03 6.794933303100667140e-04
-8.536986903810668270e-01 1.087331913731268251e+00 -1.691018250146716136e-03 -5.567865419186919735e-04
-8.479899131410555402e-01 1.082173376051812408e+00 -2.679653270706999074e-03 -5.207204354309189842e-04
-8.524085395949674293e-01 1.086912714304769212e+00 -3.857549653738618842e-03 4.828951038006003890e-04
-8.524085395949674293e-01 1.086912714304769212e+00 -3.857549653738618842e-03 4.828951038006003890e-04
-8.528859718237363774e-01 1.086718155193246549e+00 2.583136454120353066e-03 2.824790257960796045e-04
-8.512178876792353410e-01 1.086053984683398976e+00 3.879202056134092164e-03 2.921877336957385629e-05
-8.498390218990895528e-01 1.084530879471825804e+00 8.174349697516683109e-04 3.810954462850965748e-04
-8.497888841951564132e-01 1.084113654732561383e+00 -9.120486570700626862e-04 -1.133991740590407026e-04
-8.497888841951564132e-01 1.084113654732561383e+00 -9.120486570700626862e-04 -1.133991740590407026e-04
-8.483722953115723220e-01 1.083697824956903144e+00 -1.257246881713655704e-03 2.291440241386722082e-05
-8.483722953115723220e-01 1.083697824956903144e+00 -1.257246881713655704e-03 2.291440241386722082e-05
-8.483722953115723220e-01 1.083697824956903144e+00 -1.257246881713655704e-03 2.291440241386722082e-05
-8.483722953115723220e-01 1.083697824956903144e+00 -1.257246881713655704e-03 2.291440241386722082e-05
-8.483722953115723220e-01 1.083697824956903144e+00 -1.257246881713655704e-03 2.291440241386722082e-05
-8.483722953115723220e-01 1.083697824956903144e+00 -1.257246881713655704e-03 2.291440241386722082e-05
-8.483722953115723220e-01 1.083697824956903144e+00 -1.257246881713655704e-03 2.291440241386722082e-05
-8.483722953115723220e-01 1.083697824956903144e+00 -1.257246881713655704e-03 2.291440241386722082e-05
-8.451167746064829345e-01 1.081103029271755833e+00 -1.887404771981295156e-03 5.571476527331162797e-05
-8.451167746064829345e-01 1.081103029271755833e+00 -1.887404771981295156e-03 5.571476527331162797e-05
-8.451167746064829345e-01 1.081103029271755833e+00 -1.887404771981295156e-03 5.571476527331162797e-05
-8.451167746064829345e-01 1.081103029271755833e+00 -1.887404771981295156e-03 5.571476527331162797e-05
-8.392940742204901827e-01 1.077329452559094403e+00 -3.198427501283911296e-03 9.713922860083080328e-05
-8.392940742204901827e-01 1.077329452559094403e+00 -3.198427501283911296e-03 9.713922860083080328e-05
-8.387595049394953595e-01 1.076443862370039639e+00 -1.826410769086512023e-03 -4.820697719315415915e-05
-8.387595049394953595e-01 1.076443862370039639e+00 -1.826410769086512023e-03 -4.820697719315415915e-05
-8.387595049394953595e-01 1.076443862370039639e+00 -1.826410769086512023e-03 -4.820697719315415915e-05
-8.245968821512645874e-01 1.066593815106096965e+00 -4.446907647212925557e-03 1.211663246331749408e-04
-8.245968821512645874e-01 1.066593815106096965e+00 -4.446907647212925557e-03 1.211663246331749408e-04
-8.245968821512645874e-01 1.066593815106096965e+00 -4.446907647212925557e-03 1.211663246331749408e-04
-8.162516038087681558e-01 1.060366545502081870e+00 -2.918648868068959845e-03 -7.064297579018836222e-05
-7.958720204480802529e-01 1.045469814246412277e+00 -6.841743957601379225e-03 9.010072425012395224e-05
-7.958720204480802529e-01 1.045469814246412277e+00 -6.841743957601379225e-03 9.010072425012395224e-05
-7.723838220294942936e-01 1.029740197593679518e+00 -8.469227227607777422e-03 1.412118789882011545e-04
-7.438521639444060085e-01 1.008584309875464768e+00 -8.406066350073279625e-03 5.378984122520098516e-05
-7.438521639444060085e-01 1.008584309875464768e+00 -8.406066350073279625e-03 5.378984122520098516e-05
-7.438521639444060085e-01 1.008584309875464768e+00 -8.406066350073279625e-03 5.378984122520098516e-05
-6.435848144369629154e-01 9.384261845072692232e-01 -1.701730832967260007e-02 2.689016636319592197e-04
-6.534359110629890388e-01 9.441800045298442967e-01 -1.627201082000821059e-02 2.220350880884826728e-04
-5.857968047708621562e-01 8.963086572059517643e-01 -1.808050085428209580e-02 -1.968577727056338962e-04
-5.274225519015689478e-01 8.554784741797010206e-01 -1.943034053975353434e-02 1.138455125054258529e-04
-5.274225519015689478e-01 8.554784741797010206e-01 -1.943034053975353434e-02 1.138455125054258529e-04
-5.274225519015689478e-01 8.554784741797010206e-01 -1.943034053975353434e-02 1.138455125054258529e-04
-4.652066637256251358e-01 8.110636120568108787e-01 -1.767938263689863843e-02 -5.682508912837793812e-04
-4.652066637256251358e-01 8.110636120568108787e-01 -1.767938263689863843e-02 -5.682508912837793812e-04
-3.082725893918296656e-01 6.993744629399598622e-01 -2.102855970198054536e-02 -4.302297292626603136e-04
-3.082725893918296656e-01 6.993744629399598622e-01 -2.102855970198054536e-02 -4.302297292626603136e-04
-3.082725893918296656e-01 6.993744629399598622e-01 -2.102855970198054536e-02 -4.302297292626603136e-04
-1.285243210051475460e-01 5.732880044774830708e-01 -1.906195911431459583e-02 -1.011804020639476068e-03
-1.285243210051475460e-01 5.732880044774830708e-01 -1.906195911431459583e-02 -1.011804020639476068e-03
-1.290160770909208887e-01 5.747622848122899697e-01 -2.100061472976057914e-02 2.953518062082148912e-05
1.347490491096791643e-01 3.865385422412503935e-01 -1.727126483712321942e-02 -7.416801016082760333e-04
-2.244904559627569351e-01 6.417269621589272166e-01 -1.313814621771586949e-02 -1.040398987905732150e-04
3.560838250717996978e-01 2.334879193875434300e-01 -1.079686927022460718e-02 -5.105321717878072429e-04
1.971874915690480790e-01 3.449698498225224341e-01 -1.204148841309754178e-02 3.484455248565585667e-04
3.607810319848059333e-01 2.285993519928317674e-01 -5.623269639320038066e-03 -5.334385042858704514e-04
2.100318972217692370e-01 3.378534994396620306e-01 -3.528621933055808846e-03 3.418975766044298620e-04
2.100318972217692370e-01 3.378534994396620306e-01 -3.528621933055808846e-03 3.418975766044298620e-04
2.100318972217692370e-01 3.378534994396620306e-01 -3.528621933055808846e-03 3.418975766044298620e-04
1.233761427544075029e-01 3.973512730085444478e-01 -3.602584337115619095e-04 -2.218913006760003131e-04
1.233761427544075029e-01 3.973512730085444478e-01 -3.602584337115619095e-04 -2.218913006760003131e-04
1.233761427544075029e-01 3.973512730085444478e-01 -3.602584337115619095e-04 -2.218913006760003131e-04
1.233761427544075029e-01 3.973512730085444478e-01 -3.602584337115619095e-04 -2.218913006760003131e-04
2.237184144221079918e-01 3.270727173442610214e-01 1.777177273669058345e-04 1.925300453739099802e-04
2.237184144221079918e-01 3.270727173442610214e-01 1.777177273669058345e-04 1.925300453739099802e-04
2.237184144221079918e-01 3.270727173442610214e-01 1.777177273669058345e-04 1.925300453739099802e-04
1.360395129888292143e-01 3.884946251659581185e-01 -1.420018316785068117e-03 1.832264124815169437e-04
1.363510592420571765e-01 3.882978584821820123e-01 -1.061409984173796795e-04 -2.807667007645660870e-05
1.363510592420571765e-01 3.882978584821820123e-01 -1.061409984173796795e-04 -2.807667007645660870e-05
1.363510592420571765e-01 3.882978584821820123e-01 -1.061409984173796795e-04 -2.807667007645660870e-05
1.816149583461194594e-01 3.563370354195899981e-01 2.155968196323199419e-05 9.385157028927419850e-05
1.816149583461194594e-01 3.563370354195899981e-01 2.155968196323199419e-05 9.385157028927419850e-05
1.816149583461194594e-01 3.563370354195899981e-01 2.155968196323199419e-05 9.385157028927419850e-05
1.816149583461194594e-01 3.563370354195899981e-01 2.155968196323199419e-05 9.385157028927419850e-05
1.816149583461194594e-01 3.563370354195899981e-01 2.155968196323199419e-05 9.385157028927419850e-05
1.586459338451094436e-01 3.723562595075748938e-01 -5.380838589939322637e-04 7.219550174378247661e-05
1.636209291137286914e-01 3.686428176401964074e-01 -2.875270277210592671e-04 1.361166255835683758e-05
1.636209291137286914e-01 3.686428176401964074e-01 -2.875270277210592671e-04 1.361166255835683758e-05
1.636209291137286914e-01 3.686428176401964074e-01 -2.875270277210592671e-04 1.361166255835683758e-05
1.636209291137286914e-01 3.686428176401964074e-01 -2.875270277210592671e-04 1.361166255835683758e-05
1.607585659380616205e-01 3.707166721331038861e-01 2.152072130135727109e-04 5.542668165384971991e-05
1.607585659380616205e-01 3.707166721331038861e-01 2.152072130135727109e-04 5.542668165384971991e-05
1.662216716374185776e-01 3.663233117122234317e-01 4.254289583917188981e-04 3.483984966836669401e-05
1.662216716374185776e-01 3.663233117122234317e-01 4.254289583917188981e-04 3.483984966836669401e-05
1.662216716374185776e-01 3.663233117122234317e-01 4.254289583917188981e-04 3.483984966836669401e-05
1.662216716374185776e-01 3.663233117122234317e-01 4.254289583917188981e-04 3.483984966836669401e-05
1.711979435974783637e-01 3.623797070616898708e-01 -1.449405316451680254e-04 2.835294237810845265e-05
1.711979435974783637e-01 3.623797070616898708e-01 -1.449405316451680254e-04 2.835294237810845265e-05
1.711979435974783637e-01 3.623797070616898708e-01 -1.449405316451680254e-04 2.835294237810845265e-05
1.711979435974783637e-01 3.623797070616898708e-01 -1.449405316451680254e-04 2.835294237810845265e-05
1.711979435974783637e-01 3.623797070616898708e-01 -1.449405316451680254e-04 2.835294237810845265e-05
1.798607903580996537e-01 3.549238530447309525e-01 -6.045814211360430075e-05 9.125052263266432775e-06
1.798607903580996537e-01 3.549238530447309525e-01 -6.045814211360430075e-05 9.125052263266432775e-06
1.798607903580996537e-01 3.549238530447309525e-01 -6.045814211360430075e-05 9.125052263266432775e-06
1.798607903580996537e-01 3.549238530447309525e-01 -6.045814211360430075e-05 9.125052263266432775e-06
1.798607903580996537e-01 3.549238530447309525e-01 -6.045814211360430075e-05 9.125052263266432775e-06
1.833828075969591298e-01 3.504553730791768462e-01 -8.983170687281285876e-04 -1.547044571329607725e-05
1.666957399023414887e-01 3.626599374702548229e-01 -1.689053825635253563e-04 -2.193796059593273336e-05
1.883717195047941440e-01 3.464619252799971960e-01 -5.051888700797297835e-05 3.576538653755733369e-05
1.883717195047941440e-01 3.464619252799971960e-01 -5.051888700797297835e-05 3.576538653755733369e-05
1.847298763316078674e-01 3.443335580430089138e-01 -8.807393709451584451e-04 -4.699927152040326303e-05
1.786961434048754960e-01 3.486791566969911216e-01 8.081617556211179252e-04 -2.145489492260863572e-05
1.786961434048754960e-01 3.486791566969911216e-01 8.081617556211179252e-04 -2.145489492260863572e-05
1.910875119977529790e-01 3.351676195222741406e-01 3.421197166023632729e-04 3.929854774439955591e-05
1.913509354771799620e-01 3.257686056717186140e-01 3.020373727990036442e-04 -1.029607601992282368e-04
1.913509354771799620e-01 3.257686056717186140e-01 3.020373727990036442e-04 -1.029607601992282368e-04
1.629423518378815272e-01 3.411931907692506982e-01 2.296920012739813582e-03 -3.978686710898019402e-05
1.996259898491276052e-01 2.983729510228163573e-01 1.794079921868108832e-03 -3.612811800395308902e-05
1.996259898491276052e-01 2.983729510228163573e-01 1.794079921868108832e-03 -3.612811800395308902e-05
1.592144189338178251e-01 3.056684376255937030e-01 2.075620035954691724e-03 -2.275650782358016743e-04
1.592144189338178251e-01 3.056684376255937030e-01 2.075620035954691724e-03 -2.275650782358016743e-04
2.029940868244562990e-01 2.298190482947354285e-01 3.384034911366282095e-03 -3.006974131509856972e-04
1.736744326921313419e-01 2.313660208298328191e-01 3.207878764751089656e-03 -2.491087044742894513e-04
1.736744326921313419e-01 2.313660208298328191e-01 3.207878764751089656e-03 -2.491087044742894513e-04
1.736744326921313419e-01 2.313660208298328191e-01 3.207878764751089656e-03 -2.491087044742894513e-04
1.736744326921313419e-01 2.313660208298328191e-01 3.207878764751089656e-03 -2.491087044742894513e-04
1.173166619186651882e-01 1.475319539515094203e-01 4.558362655957369849e-03 -6.211934628591112006e-04
1.837019518859849265e-01 1.244828356738123531e-01 2.938102950119335366e-03 -5.115959851797863799e-04
1.033760506244071342e-01 2.417775015331120603e-01 3.626189246312902514e-04 -4.124393447475865025e-04
7.205950578965114595e-02 1.599263678238382891e-01 3.258007750155838753e-03 -3.862712187591440345e-04
7.205950578965114595e-02 1.599263678238382891e-01 3.258007750155838753e-03 -3.862712187591440345e-04
7.205950578965114595e-02 1.599263678238382891e-01 3.258007750155838753e-03 -3.862712187591440345e-04
7.205950578965114595e-02 1.599263678238382891e-01 3.258007750155838753e-03 -3.862712187591440345e-04
3.972418573833569333e-03 8.172125304800859080e-02 2.387742559096571113e-03 -5.562672354927255180e-04
1.250569985932320494e-02 2.061194181131700831e-01 4.182316997549057405e-04 -1.718782460388879225e-04
1.250569985932320494e-02 2.061194181131700831e-01 4.182316997549057405e-04 -1.718782460388879225e-04
3.728723462310276626e-03 1.029593496765819349e-01 4.627878624861888994e-03 -3.204920894732379757e-04
-4.798138547139077503e-02 4.432310459853944229e-02 1.297709359515107977e-03 -2.472820429272534759e-04
-4.798138547139077503e-02 4.432310459853944229e-02 1.297709359515107977e-03 -2.472820429272534759e-04
-4.798138547139077503e-02 4.432310459853944229e-02 1.297709359515107977e-03 -2.472820429272534759e-04
-4.798138547139077503e-02 4.432310459853944229e-02 1.297709359515107977e-03 -2.472820429272534759e-04
-6.497532544308739014e-03 6.561216370289946198e-03 -1.131924310068711456e-03 4.538957515748843086e-05
-6.497532544308739014e-03 6.561216370289946198e-03 -1.131924310068711456e-03 4.538957515748843086e-05
-6.497532544308739014e-03 6.561216370289946198e-03 -1.131924310068711456e-03 4.538957515748843086e-05
-6.497532544308739014e-03 6.561216370289946198e-03 -1.131924310068711456e-03 4.538957515748843086e-05
-6.497532544308739014e-03 6.561216370289946198e-03 -1.131924310068711456e-03 4.538957515748843086e-05
-6.497532544308739014e-03 6.561216370289946198e-03 -1.131924310068711456e-03 4.538957515748843086e-05
-6.497532544308739014e-03 6.561216370289946198e-03 -1.131924310068711456e-03 4.538957515748843086e-05
-6.497532544308739014e-03 6.561216370289946198e-03 -1.131924310068711456e-03 4.538957515748843086e-05
-6.497532544308739014e-03 6.561216370289946198e-03 -1.131924310068711456e-03 4.538957515748843086e-05
-6.497532544308739014e-03 6.561216370289946198e-03 -1.131924310068711456e-03 4.538957515748843086e-05
1.015295878589081782e-02 -5.852492363958034655e-03 -5.172226850058014467e-05 5.604364040128915949e-05
1.015295878589081782e-02 -5.852492363958034655e-03 -5.172226850058014467e-05 5.604364040128915949e-05
1.015295878589081782e-02 -5.852492363958034655e-03 -5.172226850058014467e-05 5.604364040128915949e-05
-3.579318802784421140e-03 -7.715805306337468472e-03 -5.682975447695349808e-04 -1.155713014960269174e-07
-6.972774027357883479e-04 6.755363454949727536e-03 -5.364656405173472446e-04 1.904805843960874427e-05
7.348365003058106651e-03 1.126233981275665506e-02 -2.385738596358956507e-05 -2.792048779576899119e-05
2.060178688741049619e-03 1.198179346593221395e-02 2.621807036221160707e-04 -1.129308189704851149e-06
2.060178688741049619e-03 1.198179346593221395e-02 2.621807036221160707e-04 -1.129308189704851149e-06
2.060178688741049619e-03 1.198179346593221395e-02 2.621807036221160707e-04 -1.129308189704851149e-06
1.543925299739784237e-03 6.249904836157712217e-03 -2.974865861962245543e-04 9.492029512255622088e-06
4.841191539721941516e-03 7.876838642986307149e-03 -7.538610894842508311e-05 -9.315678941930167714e-06
3.132477168354005047e-04 9.814007360314387293e-03 -1.012466857646950697e-04 -1.297219675574471672e-05
1.101815649795769188e-03 4.427536210343974155e-03 -1.955859983884532553e-04 -7.223234317108120803e-07
2.005111870132136875e-03 9.536932614191404034e-03 4.737717939883329002e-05 -2.254425296993684666e-06
2.005111870132136875e-03 9.536932614191404034e-03 4.737717939883329002e-05 -2.254425296993684666e-06
2.005111870132136875e-03 9.536932614191404034e-03 4.737717939883329002e-05 -2.254425296993684666e-06
2.005111870132136875e-03 9.536932614191404034e-03 4.737717939883329002e-05 -2.254425296993684666e-06
-8.514937208259424880e-04 5.919947485988886343e-03 -2.653381837730873507e-05 4.663965217561761648e-06
-8.514937208259424880e-04 5.919947485988886343e-03 -2.653381837730873507e-05 4.663965217561761648e-06
-8.514937208259424880e-04 5.919947485988886343e-03 -2.653381837730873507e-05 4.663965217561761648e-06
-8.514937208259424880e-04 5.919947485988886343e-03 -2.653381837730873507e-05 4.663965217561761648e-06
-8.514937208259424880e-04 5.919947485988886343e-03 -2.653381837730873507e-05 4.663965217561761648e-06
-8.514937208259424880e-04 5.919947485988886343e-03 -2.653381837730873507e-05 4.663965217561761648e-06
-8.514937208259424880e-04 5.919947485988886343e-03 -2.653381837730873507e-05 4.663965217561761648e-06
-8.514937208259424880e-04 5.919947485988886343e-03 -2.653381837730873507e-05 4.663965217561761648e-06
-8.514937208259424880e-04 5.919947485988886343e-03 -2.653381837730873507e-05 4.663965217561761648e-06
5.143121334518279894e-04 6.064753907255228393e-03 -6.698757350186528817e-05 8.492542002150774942e-07
1.098145406798671378e-03 6.463116759591425869e-03 -4.979042460948258008e-06 6.549101407976911714e-07
1.098145406798671378e-03 6.463116759591425869e-03 -4.979042460948258008e-06 6.549101407976911714e-07
1.098145406798671378e-03 6.463116759591425869e-03 -4.979042460948258008e-06 6.549101407976911714e-07
6.114821762027263441e-04 6.775962687204028882e-03 -1.215398511616076836e-05 1.868798085589602635e-06
-2.160079145263449189e-04 6.316189282049594449e-03 -2.604758242772564991e-05 2.608229449420821495e-06
-2.160079145263449189e-04 6.316189282049594449e-03 -2.604758242772564991e-05 2.608229449420821495e-06
-9.137616285752702522e-05 7.153082312346212973e-03 -9.918109157071059324e-06 2.019009571030354224e-07
-9.137616285752702522e-05 7.153082312346212973e-03 -9.918109157071059324e-06 2.019009571030354224e-07
-9.137616285752702522e-05 7.153082312346212973e-03 -9.918109157071059324e-06 2.019009571030354224e-07
-9.137616285752702522e-05 7.153082312346212973e-03 -9.918109157071059324e-06 2.019009571030354224e-07
2.102866918701872120e-04 6.779361698277039730e-03 -5.267577745076671969e-06 1.127098242796565827e-06
2.102866918701872120e-04 6.779361698277039730e-03 -5.267577745076671969e-06 1.127098242796565827e-06
-1.087367114719086877e-04 6.644933206119979160e-03 -1.405083482597135517e-05 1.756451237425630743e-06
-1.087367114719086877e-04 6.644933206119979160e-03 -1.405083482597135517e-05 1.756451237425630743e-06
-6.201809929757550756e-05 6.286595493190024267e-03 -1.639466254431683309e-05 2.123188042114558546e-06
-6.201809929757550756e-05 6.286595493190024267e-03 -1.639466254431683309e-05 2.123188042114558546e-06
-6.201809929757550756e-05 6.286595493190024267e-03 -1.639466254431683309e-05 2.123188042114558546e-06
4.634057708740194699e-05 6.643180081856862700e-03 -9.741575310922886069e-07 1.924437881686417960e-06
7.839782889365266491e-05 6.677055000351215901e-03 -7.280705925188626421e-06 1.465205476056479233e-06
9.532191348892557936e-05 6.520624295846421184e-03 -1.151768934238438816e-06 1.704551300522579205e-06
9.532191348892557936e-05 6.520624295846421184e-03 -1.151768934238438816e-06 1.704551300522579205e-06
9.532191348892557936e-05 6.520624295846421184e-03 -1.151768934238438816e-06 1.704551300522579205e-06
1.387217055442319677e-05 6.421890684313017253e-03 -1.655531978944906491e-05 1.157921560326450550e-06
-3.962510824378267859e-05 6.334196740314179154e-03 -9.692357574697354805e-06 1.719017448544696981e-06
-3.962510824378267859e-05 6.334196740314179154e-03 -9.692357574697354805e-06 1.719017448544696981e-06
1.078019276551006101e-04 6.230884185155672814e-03 -9.776067185465486277e-06 8.628852081149046256e-07
1.078019276551006101e-04 6.230884185155672814e-03 -9.776067185465486277e-06 8.628852081149046256e-07
1.078019276551006101e-04 6.230884185155672814e-03 -9.776067185465486277e-06 8.628852081149046256e-07
1.078019276551006101e-04 6.230884185155672814e-03 -9.776067185465486277e-06 8.628852081149046256e-07
1.952755467500994760e-05 6.167603944706022412e-03 -1.066724141465927094e-06 9.724743355323129597e-07
1.952755467500994760e-05 6.167603944706022412e-03 -1.066724141465927094e-06 9.724743355323129597e-07
1.952755467500994760e-05 6.167603944706022412e-03 -1.066724141465927094e-06 9.724743355323129597e-07
1.952755467500994760e-05 6.167603944706022412e-03 -1.066724141465927094e-06 9.724743355323129597e-07
9.954702546739296583e-05 5.911245660210779143e-03 3.277326988645829600e-06 1.937040556178988218e-07
2.081339716093812153e-05 6.083910435816975056e-03 5.283626961725716209e-07 5.221619253968183194e-08
2.081339716093812153e-05 6.083910435816975056e-03 5.283626961725716209e-07 5.221619253968183194e-08
2.081339716093812153e-05 6.083910435816975056e-03 5.283626961725716209e-07 5.221619253968183194e-08
2.081339716093812153e-05 6.083910435816975056e-03 5.283626961725716209e-07 5.221619253968183194e-08
2.081339716093812153e-05 6.083910435816975056e-03 5.283626961725716209e-07 5.221619253968183194e-08
2.081339716093812153e-05 6.083910435816975056e-03 5.283626961725716209e-07 5.221619253968183194e-08
-1.368014492313736176e-05 5.896517826688842806e-03 -1.514384217302562799e-06 3.506829299141668710e-07
3.293829255131770003e-05 5.849671532585620434e-03 -2.205521848280471190e-06 -5.953187839161390490e-08
-2.734962310652041325e-05 5.897112353950703309e-03 -1.520315738832422048e-06 4.344757653387746522e-08
3.734807091524577886e-06 5.876430160080244394e-03 2.331065244921429261e-06 -3.088482740310803141e-08
3.734807091524577886e-06 5.876430160080244394e-03 2.331065244921429261e-06 -3.088482740310803141e-08
3.734807091524577886e-06 5.876430160080244394e-03 2.331065244921429261e-06 -3.088482740310803141e-08
1.149908004375680728e-05 5.825156386530808833e-03 -1.271093913088178077e-06 -5.628389966247577776e-08
1.149908004375680728e-05 5.825156386530808833e-03 -1.271093913088178077e-06 -5.628389966247577776e-08
-1.045947633241929114e-05 5.749794724784643672e-03 -9.929503929680215453e-07 -3.776705411629997349e-09
-1.045947633241929114e-05 5.749794724784643672e-03 -9.929503929680215453e-07 -3.776705411629997349e-09
-6.010567173956256923e-06 5.824856487080374082e-03 -4.641696814382318323e-07 -4.196089807500581460e-08
-6.010567173956256923e-06 5.824856487080374082e-03 -4.641696814382318323e-07 -4.196089807500581460e-08
