-4.081016216312247646e-01 6.012818035749818435e-01 -6.087570467953051789e-02 -8.995221268141275761e-01
-4.234054324423957016e-01 6.238298712090437625e-01 -6.315854360501291231e-02 -8.095699141327150627e-01
-4.234054324423957016e-01 6.238298712090437625e-01 -6.315854360501291231e-02 -8.095699141327150627e-01
-4.234054324423957016e-01 6.238298712090437625e-01 -6.315854360501291231e-02 -8.095699141327150627e-01
-4.109710861583193431e-01 6.900648198841004000e-01 -6.149397355518199104e-02 -7.477277679142440014e-01
-4.131231845536400549e-01 6.739758341243793360e-01 -6.804524567987366157e-02 -6.338819987393313760e-01
-4.131231845536400549e-01 6.739758341243793360e-01 -6.804524567987366157e-02 -6.338819987393313760e-01
-4.416883053841262896e-01 7.244594308649645598e-01 -6.371587732705455420e-02 -4.720734286620245079e-01
-4.273434736032775128e-01 8.337537020579981473e-01 -6.755813600680932174e-02 -2.639271708997135146e-01
-4.273434736032775128e-01 8.337537020579981473e-01 -6.755813600680932174e-02 -2.639271708997135146e-01
-4.304249721302577658e-01 8.777474812363466050e-01 -7.209023450102114428e-02 8.742120865027436238e-02
-4.304249721302577658e-01 8.777474812363466050e-01 -7.209023450102114428e-02 8.742120865027436238e-02
-4.304249721302577658e-01 8.777474812363466050e-01 -7.209023450102114428e-02 8.742120865027436238e-02
-4.481163181807175100e-01 8.890063514928028265e-01 -6.993788459883901187e-02 5.013415083914904424e-02
-4.481163181807175100e-01 8.890063514928028265e-01 -6.993788459883901187e-02 5.013415083914904424e-02
-4.388367233886403818e-01 8.862843692284143593e-01 -7.150827047124683200e-02 3.598165432377287143e-02
-4.388367233886403818e-01 8.862843692284143593e-01 -7.150827047124683200e-02 3.598165432377287143e-02
-4.388367233886403818e-01 8.862843692284143593e-01 -7.150827047124683200e-02 3.598165432377287143e-02
-4.388367233886403818e-01 8.862843692284143593e-01 -7.150827047124683200e-02 3.598165432377287143e-02
-4.388367233886403818e-01 8.862843692284143593e-01 -7.150827047124683200e-02 3.598165432377287143e-02
-4.388367233886403818e-01 8.862843692284143593e-01 -7.150827047124683200e-02 3.598165432377287143e-02
-4.440068068956973812e-01 8.776646443563752564e-01 -7.012346857293938474e-02 -1.501658889522566875e-02
-4.440068068956973812e-01 8.776646443563752564e-01 -7.012346857293938474e-02 -1.501658889522566875e-02
-4.440068068956973812e-01 8.776646443563752564e-01 -7.012346857293938474e-02 -1.501658889522566875e-02
-4.440068068956973812e-01 8.776646443563752564e-01 -7.012346857293938474e-02 -1.501658889522566875e-02
-4.440068068956973812e-01 8.776646443563752564e-01 -7.012346857293938474e-02 -1.501658889522566875e-02
-4.403904598191831221e-01 8.800106465273166423e-01 -7.095058530354728110e-02 1.372852788191603404e-02
-4.435732944458032900e-01 8.791465872779178348e-01 -7.059921672377351964e-02 1.061067690918977326e-02
-4.416047529718363784e-01 8.729123258888402681e-01 -7.061163696405931001e-02 -5.416896838749934127e-03
-4.416047529718363784e-01 8.729123258888402681e-01 -7.061163696405931001e-02 -5.416896838749934127e-03
-4.431104669483923453e-01 8.777156706699653643e-01 -7.038820400889611584e-02 -3.837056349305616697e-03
-4.431104669483923453e-01 8.777156706699653643e-01 -7.038820400889611584e-02 -3.837056349305616697e-03
-4.434617745273205514e-01 8.775733541777177571e-01 -7.049014119936419798e-02 4.476247959813427560e-03
-4.433408494081563234e-01 8.773206904010284468e-01 -7.042067003290969351e-02 3.648289312983420737e-03
-4.416202925720915662e-01 8.773831356710226625e-01 -7.067944310754459281e-02 3.489652833926980627e-03
-4.422440494179132875e-01 8.752052693093869129e-01 -7.055312577561898002e-02 -1.736306699697690373e-03
-4.428886042148814095e-01 8.772931415298771407e-01 -7.046202451887774443e-02 -6.837927487745409753e-04
-4.428886042148814095e-01 8.772931415298771407e-01 -7.046202451887774443e-02 -6.837927487745409753e-04
-4.427126833895890234e-01 8.768990090490426104e-01 -7.049309550647392397e-02 1.693173003349261263e-03
-4.419889538237438131e-01 8.768697158562921423e-01 -7.059918859365754695e-02 1.389294784998826261e-03
-4.419889538237438131e-01 8.768697158562921423e-01 -7.059918859365754695e-02 1.389294784998826261e-03
-4.419889538237438131e-01 8.768697158562921423e-01 -7.059918859365754695e-02 1.389294784998826261e-03
-4.419889538237438131e-01 8.768697158562921423e-01 -7.059918859365754695e-02 1.389294784998826261e-03
-4.427086333044645272e-01 8.770019960888579824e-01 -7.049698345221458440e-02 1.970436938543977017e-04
-4.427086333044645272e-01 8.770019960888579824e-01 -7.049698345221458440e-02 1.970436938543977017e-04
-4.426653558409495148e-01 8.768068792564034375e-01 -7.052450602733176255e-02 9.373125110238639994e-04
-4.426653558409495148e-01 8.768068792564034375e-01 -7.052450602733176255e-02 9.373125110238639994e-04
-4.426653558409495148e-01 8.768068792564034375e-01 -7.052450602733176255e-02 9.373125110238639994e-04
-4.426256525582450974e-01 8.768896730437547582e-01 -7.050845789578003009e-02 9.076812175401639685e-04
-4.425190579897453347e-01 8.766769294954943614e-01 -7.053044115014811544e-02 4.716056210995935721e-04
-4.426154710585515906e-01 8.768980219393602837e-01 -7.051436377110392728e-02 4.992092268996659640e-04
-4.429335998621312109e-01 8.768330425037085263e-01 -7.047531313546870346e-02 5.190045981655288208e-04
-4.429335998621312109e-01 8.768330425037085263e-01 -7.047531313546870346e-02 5.190045981655288208e-04
-4.429335998621312109e-01 8.768330425037085263e-01 -7.047531313546870346e-02 5.190045981655288208e-04
-4.431238263031378466e-01 8.772068164217903252e-01 -7.043513628805866955e-02 6.636556350424220509e-04
-4.431238263031378466e-01 8.772068164217903252e-01 -7.043513628805866955e-02 6.636556350424220509e-04
-4.431238263031378466e-01 8.772068164217903252e-01 -7.043513628805866955e-02 6.636556350424220509e-04
-4.439554418631822541e-01 8.773726570282194270e-01 -7.032605130356447964e-02 6.161918913543630236e-04
-4.439554418631822541e-01 8.773726570282194270e-01 -7.032605130356447964e-02 6.161918913543630236e-04
-4.439554418631822541e-01 8.773726570282194270e-01 -7.032605130356447964e-02 6.161918913543630236e-04
-4.447698565548807714e-01 8.781869502332173560e-01 -7.019775025013386127e-02 7.241526813903057663e-04
-4.459167294750665533e-01 8.784354022356213321e-01 -7.003617457145971947e-02 7.507313200652769407e-04
-4.459167294750665533e-01 8.784354022356213321e-01 -7.003617457145971947e-02 7.507313200652769407e-04
-4.475809273182458359e-01 8.793220385181572674e-01 -6.981715423328463399e-02 7.854440452096712356e-04
-4.498656052117047111e-01 8.808799435115339804e-01 -6.946731693822266740e-02 8.096729175721944366e-04
-4.498656052117047111e-01 8.808799435115339804e-01 -6.946731693822266740e-02 8.096729175721944366e-04
-4.538752604978140148e-01 8.827150885801575697e-01 -6.891167488915275752e-02 1.344541699049349968e-03
-4.588796436198734341e-01 8.854992870745861389e-01 -6.821224499568429023e-02 1.213265283908796909e-03
-4.588796436198734341e-01 8.854992870745861389e-01 -6.821224499568429023e-02 1.213265283908796909e-03
-4.588796436198734341e-01 8.854992870745861389e-01 -6.821224499568429023e-02 1.213265283908796909e-03
-4.588796436198734341e-01 8.854992870745861389e-01 -6.821224499568429023e-02 1.213265283908796909e-03
-4.757272140748556311e-01 8.949793094900249102e-01 -6.580773851294877130e-02 1.791626306217802139e-03
-4.757272140748556311e-01 8.949793094900249102e-01 -6.580773851294877130e-02 1.791626306217802139e-03
-4.757272140748556311e-01 8.949793094900249102e-01 -6.580773851294877130e-02 1.791626306217802139e-03
-4.839501302882263101e-01 8.992667183681590792e-01 -6.467977666109525625e-02 1.573092354915504865e-03
-5.020813731415552095e-01 9.092870112703863583e-01 -6.207950989942029318e-02 1.893002470685192611e-03
-5.020813731415552095e-01 9.092870112703863583e-01 -6.207950989942029318e-02 1.893002470685192611e-03
-5.020813731415552095e-01 9.092870112703863583e-01 -6.207950989942029318e-02 1.893002470685192611e-03
-5.477993529287763508e-01 9.340827730378173932e-01 -5.566416543797336747e-02 2.609500685080643964e-03
-5.477993529287763508e-01 9.340827730378173932e-01 -5.566416543797336747e-02 2.609500685080643964e-03
-5.811964675631600130e-01 9.531113620101661077e-01 -5.089574003791849655e-02 2.655752387653645234e-03
-5.811964675631600130e-01 9.531113620101661077e-01 -5.089574003791849655e-02 2.655752387653645234e-03
-5.811964675631600130e-01 9.531113620101661077e-01 -5.089574003791849655e-02 2.655752387653645234e-03
-6.528855466455376622e-01 9.919287650053489891e-01 -4.082651140491982966e-02 2.582672944324730657e-03
-6.528855466455376622e-01 9.919287650053489891e-01 -4.082651140491982966e-02 2.582672944324730657e-03
-6.528855466455376622e-01 9.919287650053489891e-01 -4.082651140491982966e-02 2.582672944324730657e-03
-7.362065286203023362e-01 1.038885948622139566e+00 -2.901760480112902663e-02 2.318306967753877047e-03
-8.438069726978909557e-01 1.097127657810006429e+00 -1.386233807441193677e-02 2.217963201909849830e-03
-7.966373329372489209e-01 1.071563462877434869e+00 -2.057331680163523857e-02 4.011369770241593469e-04
-7.966373329372489209e-01 1.071563462877434869e+00 -2.057331680163523857e-02 4.011369770241593469e-04
-7.966373329372489209e-01 1.071563462877434869e+00 -2.057331680163523857e-02 4.011369770241593469e-04
-7.966373329372489209e-01 1.071563462877434869e+00 -2.057331680163523857e-02 4.011369770241593469e-04
-7.966373329372489209e-01 1.071563462877434869e+00 -2.057331680163523857e-02 4.011369770241593469e-04
-8.189824024998964003e-01 1.084840569042248237e+00 -1.738672641766233345e-02 9.287464426989482883e-04
-8.189824024998964003e-01 1.084840569042248237e+00 -1.738672641766233345e-02 9.287464426989482883e-04
-9.429974199301455196e-01 1.152639435175971894e+00 6.758883898373094917e-05 -1.445033036004523771e-04
-9.255259072447055146e-01 1.143108027520337355e+00 -2.361393121258695618e-03 4.162895821944977690e-04
-8.885360271785767150e-01 1.122924714573955818e+00 -7.596563065349539769e-03 -3.181330151003742505e-04
-8.453238860752899653e-01 1.098720824727781542e+00 -1.369629512147847381e-02 3.108684517861571022e-04
-8.597891063035378867e-01 1.107094409770879917e+00 -1.164169601746904009e-02 4.974384357594527220e-04
-9.113955758153364783e-01 1.135300714662105248e+00 -4.378198996202602861e-03 4.105628002974047929e-05
-9.008935280439454019e-01 1.129559096727009049e+00 -5.844790710691804766e-03 2.745485601566208505e-04
-8.839432756190520601e-01 1.120296738022950045e+00 -8.243404138405008991e-03 -1.857754158369074454e-05
-8.671646287603789194e-01 1.110891782261758998e+00 -1.061165879358529421e-02 2.547424426883439577e-04
-8.753191791816080647e-01 1.115553246344668015e+00 -9.455604588595109550e-03 3.176904355411032128e-04
-8.753191791816080647e-01 1.115553246344668015e+00 -9.455604588595109550e-03 3.176904355411032128e-04
-8.908267575118888892e-01 1.124020764848501663e+00 -7.268545267545447990e-03 2.220160255484259068e-04
-8.832120665360470024e-01 1.119855088849666114e+00 -8.345994622544605085e-03 1.055271705697846907e-04
-8.768286728286689424e-01 1.116273024292559146e+00 -9.246913928754662421e-03 2.235352536909821419e-04
-8.768286728286689424e-01 1.116273024292559146e+00 -9.246913928754662421e-03 2.235352536909821419e-04
-8.768286728286689424e-01 1.116273024292559146e+00 -9.246913928754662421e-03 2.235352536909821419e-04
-8.780641850893009526e-01 1.117000437982572425e+00 -9.073409754752513254e-03 1.697759749178375335e-04
-8.843221235919860312e-01 1.120441608779471743e+00 -8.189657169890772817e-03 1.788049435136355113e-04
-8.815270306487907881e-01 1.118914094111918223e+00 -8.583663204863617446e-03 1.554105383033238768e-04
-8.815270306487907881e-01 1.118914094111918223e+00 -8.583663204863617446e-03 1.554105383033238768e-04
-8.815270306487907881e-01 1.118914094111918223e+00 -8.583663204863617446e-03 1.554105383033238768e-04
-8.815270306487907881e-01 1.118914094111918223e+00 -8.583663204863617446e-03 1.554105383033238768e-04
-8.812270953165284304e-01 1.118750192251839470e+00 -8.625674179269666661e-03 1.909351180635367445e-04
-8.829166534341219563e-01 1.119675915142194222e+00 -8.387815562912924461e-03 1.741185792312317066e-04
-8.829166534341219563e-01 1.119675915142194222e+00 -8.387815562912924461e-03 1.741185792312317066e-04
-8.829166534341219563e-01 1.119675915142194222e+00 -8.387815562912924461e-03 1.741185792312317066e-04
-8.814685932288508496e-01 1.118879192314379045e+00 -8.591931202610505330e-03 1.682661942183642421e-04
-8.810054501205111244e-01 1.118616005943495306e+00 -8.657283793843253278e-03 1.820737838896273797e-04
-8.821234830648776448e-01 1.119233495874702777e+00 -8.499226092306504804e-03 1.862086932508753693e-04
-8.821234830648776448e-01 1.119233495874702777e+00 -8.499226092306504804e-03 1.862086932508753693e-04
-8.821234830648776448e-01 1.119233495874702777e+00 -8.499226092306504804e-03 1.862086932508753693e-04
-8.821333464612056696e-01 1.119237212757578259e+00 -8.498253420112542728e-03 1.711025484030413105e-04
-8.821200333198464527e-01 1.119228131203425125e+00 -8.499984270745246026e-03 1.836404200719269199e-04
-8.815934912715964744e-01 1.118940427749443689e+00 -8.574296080551208413e-03 1.804905605279708014e-04
-8.816359102139657011e-01 1.118959075406712467e+00 -8.568110245985388618e-03 1.860434241874939351e-04
-8.816179075684293931e-01 1.118948927683877104e+00 -8.571095916390689823e-03 1.744297833443410870e-04
-8.816179075684293931e-01 1.118948927683877104e+00 -8.571095916390689823e-03 1.744297833443410870e-04
-8.814843208705733790e-01 1.118877162201133091e+00 -8.589750902324611026e-03 1.770887521307089470e-04
-8.818198147170328571e-01 1.119054150945570481e+00 -8.542485030622101044e-03 1.742854469794568001e-04
-8.818198147170328571e-01 1.119054150945570481e+00 -8.542485030622101044e-03 1.742854469794568001e-04
-8.818198147170328571e-01 1.119054150945570481e+00 -8.542485030622101044e-03 1.742854469794568001e-04
-8.815196950192523140e-01 1.118887750950338766e+00 -8.584410608135840948e-03 1.831109198431141128e-04
-8.818133990264729327e-01 1.119039223477730882e+00 -8.543095415626422717e-03 1.823096080546823079e-04
-8.815347142427387706e-01 1.118876343300539755e+00 -8.582498815339609233e-03 1.761209044150128123e-04
-8.815347142427387706e-01 1.118876343300539755e+00 -8.582498815339609233e-03 1.761209044150128123e-04
-8.814982339788652865e-01 1.118839058114910578e+00 -8.586815405291277348e-03 1.931527175226026771e-04
-8.820823775941364353e-01 1.119135338478803199e+00 -8.504767848130374841e-03 1.830331200549045832e-04
-8.820823775941364353e-01 1.119135338478803199e+00 -8.504767848130374841e-03 1.830331200549045832e-04
-8.811728433469232513e-01 1.118597109401948675e+00 -8.632576785016932847e-03 1.908832146656029832e-04
-8.811728433469232513e-01 1.118597109401948675e+00 -8.632576785016932847e-03 1.908832146656029832e-04
-8.820290099249912252e-01 1.118996345513977531e+00 -8.511713766192981201e-03 1.819419185195392079e-04
-8.820290099249912252e-01 1.118996345513977531e+00 -8.511713766192981201e-03 1.819419185195392079e-04
-8.808400608324737924e-01 1.118230286235103677e+00 -8.677832938096388671e-03 2.082981314565158018e-04
-8.809328725306144747e-01 1.118242384072271278e+00 -8.665878117364949479e-03 1.818950939447172999e-04
-8.818268361714363124e-01 1.118550334941491808e+00 -8.538329797911713148e-03 1.924369385921157437e-04
-8.818268361714363124e-01 1.118550334941491808e+00 -8.538329797911713148e-03 1.924369385921157437e-04
-8.794315341990062151e-01 1.116889027565387327e+00 -8.873846338276245027e-03 2.147013069155238960e-04
-8.807530374089402869e-01 1.117415202120847439e+00 -8.688618044604322355e-03 1.667912626358267246e-04
-8.804325376714032814e-01 1.116770619982944357e+00 -8.729582631496732997e-03 2.082694641777557698e-04
-8.804325376714032814e-01 1.116770619982944357e+00 -8.729582631496732997e-03 2.082694641777557698e-04
-8.769359122625894898e-01 1.113700446941209954e+00 -9.218023738935508804e-03 2.091597417734659958e-04
-8.798547997551371402e-01 1.114631626225286443e+00 -8.805123708700887675e-03 1.604748312701063202e-04
-8.798547997551371402e-01 1.114631626225286443e+00 -8.805123708700887675e-03 1.604748312701063202e-04
-8.760367471106751402e-01 1.110606672462481459e+00 -9.333120311956953630e-03 1.963390586319107602e-04
-8.722128359031877665e-01 1.105762417382404106e+00 -9.861669839911206548e-03 1.754179092126626014e-04
-8.756637794512642792e-01 1.105949241296768193e+00 -9.367522200765428242e-03 1.483309796006396578e-04
-8.756637794512642792e-01 1.105949241296768193e+00 -9.367522200765428242e-03 1.483309796006396578e-04
-8.636811662714767301e-01 1.091232131791710636e+00 -1.102064108686418020e-02 1.568507262503800290e-04
-8.636811662714767301e-01 1.091232131791710636e+00 -1.102064108686418020e-02 1.568507262503800290e-04
-8.655732611617557026e-01 1.085145065960335220e+00 -1.072536133444603260e-02 4.262266494791164652e-05
-8.558411510854599946e-01 1.071754368613237585e+00 -1.205915646920348999e-02 1.037325786596666674e-04
-8.558411510854599946e-01 1.071754368613237585e+00 -1.205915646920348999e-02 1.037325786596666674e-04
-8.430766518015455624e-01 1.047960405305761178e+00 -1.378357609895031893e-02 6.337663387009673547e-05
-8.336862127212638640e-01 1.019781640251855137e+00 -1.501029334096782436e-02 -1.155296525071045121e-04
-8.336862127212638640e-01 1.019781640251855137e+00 -1.501029334096782436e-02 -1.155296525071045121e-04
-8.183590360280859066e-01 9.877724479661109669e-01 -1.706037212347698284e-02 -6.249792610380751421e-05
-8.183590360280859066e-01 9.877724479661109669e-01 -1.706037212347698284e-02 -6.249792610380751421e-05
-8.183590360280859066e-01 9.877724479661109669e-01 -1.706037212347698284e-02 -6.249792610380751421e-05
-8.183590360280859066e-01 9.877724479661109669e-01 -1.706037212347698284e-02 -6.249792610380751421e-05
-8.268085178219557463e-01 9.895746347583949110e-01 -1.586141342372397733e-02 -2.050237861405164593e-04
-8.427153199429286978e-01 1.013964344060866551e+00 -1.368742528991107044e-02 -1.869111885971523265e-04
-8.105413024939682742e-01 9.339840085794337554e-01 -1.794027968888867175e-02 -2.666894481041276639e-04
-8.105413024939682742e-01 9.339840085794337554e-01 -1.794027968888867175e-02 -2.666894481041276639e-04
-8.482382766538014707e-01 9.695194138844871468e-01 -1.269819525919879677e-02 -4.824692682911043036e-04
-8.474116321899458626e-01 9.508736246444877693e-01 -1.272369903531091889e-02 -4.055016598306273169e-04
-8.191202621332629441e-01 8.547761664772606238e-01 -1.634888061198662423e-02 -6.056697083424618117e-04
-8.191202621332629441e-01 8.547761664772606238e-01 -1.634888061198662423e-02 -6.056697083424618117e-04
-8.191202621332629441e-01 8.547761664772606238e-01 -1.634888061198662423e-02 -6.056697083424618117e-04
-8.216816682343810463e-01 7.289145397555079064e-01 -1.540119219385929772e-02 -9.734786096622072803e-04
-8.216816682343810463e-01 7.289145397555079064e-01 -1.540119219385929772e-02 -9.734786096622072803e-04
-8.216816682343810463e-01 7.289145397555079064e-01 -1.540119219385929772e-02 -9.734786096622072803e-04
-8.216816682343810463e-01 7.289145397555079064e-01 -1.540119219385929772e-02 -9.734786096622072803e-04
-8.082491126850832597e-01 5.460733485779245555e-01 -1.649548120610961482e-02 -1.532952236588456260e-03
-7.963781795422795184e-01 5.396776530493596624e-01 -1.815120458002325576e-02 -1.138043585238759405e-03
-7.963781795422795184e-01 5.396776530493596624e-01 -1.815120458002325576e-02 -1.138043585238759405e-03
-7.963781795422795184e-01 5.396776530493596624e-01 -1.815120458002325576e-02 -1.138043585238759405e-03
-7.963781795422795184e-01 5.396776530493596624e-01 -1.815120458002325576e-02 -1.138043585238759405e-03
-8.222582609429704981e-01 4.604893957939213411e-01 -1.404742013708312753e-02 -1.087177310632891306e-03
-8.222582609429704981e-01 4.604893957939213411e-01 -1.404742013708312753e-02 -1.087177310632891306e-03
-7.857275041216733591e-01 2.629585941020884388e-01 -1.837047517299994492e-02 -1.181185522443561463e-03
-7.857275041216733591e-01 2.629585941020884388e-01 -1.837047517299994492e-02 -1.181185522443561463e-03
-7.762571259345794061e-01 -1.488881826726617952e-02 -1.839785677371186950e-02 -9.681143801250160531e-04
-8.354713288033983609e-01 2.275303364041711962e-01 -1.099025017748994637e-02 -1.902317698498612840e-04
-8.354713288033983609e-01 2.275303364041711962e-01 -1.099025017748994637e-02 -1.902317698498612840e-04
-8.354713288033983609e-01 2.275303364041711962e-01 -1.099025017748994637e-02 -1.902317698498612840e-04
-8.041854143815032607e-01 -2.541999153103636777e-01 -1.318667151296774864e-02 4.052233192999203995e-05
-8.276199367920591410e-01 -9.600805146255783629e-02 -1.055369728188376363e-02 3.317695456389505677e-04
-8.276199367920591410e-01 -9.600805146255783629e-02 -1.055369728188376363e-02 3.317695456389505677e-04
-8.172603580857955574e-01 -1.156345098261011284e-01 -1.198480699329779187e-02 -3.060914573438505964e-04
-8.172603580857955574e-01 -1.156345098261011284e-01 -1.198480699329779187e-02 -3.060914573438505964e-04
-8.172603580857955574e-01 -1.156345098261011284e-01 -1.198480699329779187e-02 -3.060914573438505964e-04
-8.171893436046555603e-01 -1.627569727311140579e-01 -1.175219056217779653e-02 2.554047314833635010e-05
-8.171893436046555603e-01 -1.627569727311140579e-01 -1.175219056217779653e-02 2.554047314833635010e-05
-8.171893436046555603e-01 -1.627569727311140579e-01 -1.175219056217779653e-02 2.554047314833635010e-05
-8.171893436046555603e-01 -1.627569727311140579e-01 -1.175219056217779653e-02 2.554047314833635010e-05
-8.194513679685266894e-01 -1.068415728355882888e-01 -1.170293554964186786e-02 -1.524153988458158953e-04
-8.242526846669278040e-01 -7.751928111672223842e-02 -1.114506439018331241e-02 -3.387141695381013006e-05
-8.229685466713818620e-01 -1.015245817904989467e-01 -1.121221174597829273e-02 3.232646072061198578e-05
-8.229685466713818620e-01 -1.015245817904989467e-01 -1.121221174597829273e-02 3.232646072061198578e-05
-8.206146363370363517e-01 -1.330217908908478686e-01 -1.140246650242152104e-02 -4.780810126547122853e-07
-8.206146363370363517e-01 -1.330217908908478686e-01 -1.140246650242152104e-02 -4.780810126547122853e-07
-8.206146363370363517e-01 -1.330217908908478686e-01 -1.140246650242152104e-02 -4.780810126547122853e-07
-8.210721259633786406e-01 -1.512149725471458317e-01 -1.124948780781424851e-02 1.419900002639473664e-05
-8.214080536049228609e-01 -1.520548672516925937e-01 -1.120097848293724607e-02 -6.106260799513600038e-05
-8.214080536049228609e-01 -1.520548672516925937e-01 -1.120097848293724607e-02 -6.106260799513600038e-05
-8.214080536049228609e-01 -1.520548672516925937e-01 -1.120097848293724607e-02 -6.106260799513600038e-05
-8.200340140996297267e-01 -1.470613937675560035e-01 -1.142076534353931791e-02 -2.828059753673116167e-05
-8.200340140996297267e-01 -1.470613937675560035e-01 -1.142076534353931791e-02 -2.828059753673116167e-05
-8.200340140996297267e-01 -1.470613937675560035e-01 -1.142076534353931791e-02 -2.828059753673116167e-05
-8.200340140996297267e-01 -1.470613937675560035e-01 -1.142076534353931791e-02 -2.828059753673116167e-05
-8.200340140996297267e-01 -1.470613937675560035e-01 -1.142076534353931791e-02 -2.828059753673116167e-05
-8.200340140996297267e-01 -1.470613937675560035e-01 -1.142076534353931791e-02 -2.828059753673116167e-05
-8.200340140996297267e-01 -1.470613937675560035e-01 -1.142076534353931791e-02 -2.828059753673116167e-05
-8.200340140996297267e-01 -1.470613937675560035e-01 -1.142076534353931791e-02 -2.828059753673116167e-05
-8.210170625032668923e-01 -1.476389689698016094e-01 -1.127804244046699995e-02 -5.684437638968536965e-05
-8.210170625032668923e-01 -1.476389689698016094e-01 -1.127804244046699995e-02 -5.684437638968536965e-05
-8.210170625032668923e-01 -1.476389689698016094e-01 -1.127804244046699995e-02 -5.684437638968536965e-05
-8.210170625032668923e-01 -1.476389689698016094e-01 -1.127804244046699995e-02 -5.684437638968536965e-05
-8.210170625032668923e-01 -1.476389689698016094e-01 -1.127804244046699995e-02 -5.684437638968536965e-05
-8.210170625032668923e-01 -1.476389689698016094e-01 -1.127804244046699995e-02 -5.684437638968536965e-05
-8.210170625032668923e-01 -1.476389689698016094e-01 -1.127804244046699995e-02 -5.684437638968536965e-05
-8.210170625032668923e-01 -1.476389689698016094e-01 -1.127804244046699995e-02 -5.684437638968536965e-05
-8.209703558244261234e-01 -1.477935718952284039e-01 -1.128434984619694319e-02 -6.370435617460330508e-05
-8.209703558244261234e-01 -1.477935718952284039e-01 -1.128434984619694319e-02 -6.370435617460330508e-05
-8.209703558244261234e-01 -1.477935718952284039e-01 -1.128434984619694319e-02 -6.370435617460330508e-05
-8.209703558244261234e-01 -1.477935718952284039e-01 -1.128434984619694319e-02 -6.370435617460330508e-05
-8.208569302034303128e-01 -1.481882530268985310e-01 -1.129857388451592504e-02 -5.924100001238477109e-05
-8.208569302034303128e-01 -1.481882530268985310e-01 -1.129857388451592504e-02 -5.924100001238477109e-05
-8.208569302034303128e-01 -1.481882530268985310e-01 -1.129857388451592504e-02 -5.924100001238477109e-05
-8.208569302034303128e-01 -1.481882530268985310e-01 -1.129857388451592504e-02 -5.924100001238477109e-05
-8.211812619532081747e-01 -1.484431645063532534e-01 -1.125048046462272418e-02 -5.476472462410225098e-05
-8.211812619532081747e-01 -1.484431645063532534e-01 -1.125048046462272418e-02 -5.476472462410225098e-05
-8.211203707207007652e-01 -1.485781562106417431e-01 -1.125859540899390790e-02 -5.489207581458351563e-05
-8.211906254152507856e-01 -1.485303649470580412e-01 -1.124888174220298187e-02 -5.817840989824936003e-05
-8.211906254152507856e-01 -1.485303649470580412e-01 -1.124888174220298187e-02 -5.817840989824936003e-05
-8.211906254152507856e-01 -1.485303649470580412e-01 -1.124888174220298187e-02 -5.817840989824936003e-05
-8.213031604672438313e-01 -1.486979634118272275e-01 -1.123181328268150862e-02 -5.677276352347455229e-05
-8.213031604672438313e-01 -1.486979634118272275e-01 -1.123181328268150862e-02 -5.677276352347455229e-05
-8.213031604672438313e-01 -1.486979634118272275e-01 -1.123181328268150862e-02 -5.677276352347455229e-05
-8.213031604672438313e-01 -1.486979634118272275e-01 -1.123181328268150862e-02 -5.677276352347455229e-05
-8.214604056838471502e-01 -1.487856936244412731e-01 -1.120881673916742857e-02 -5.756837817406894585e-05
-8.214604056838471502e-01 -1.487856936244412731e-01 -1.120881673916742857e-02 -5.756837817406894585e-05
-8.214604056838471502e-01 -1.487856936244412731e-01 -1.120881673916742857e-02 -5.756837817406894585e-05
-8.214604056838471502e-01 -1.487856936244412731e-01 -1.120881673916742857e-02 -5.756837817406894585e-05
-8.215508854528564830e-01 -1.489078179202913410e-01 -1.119518743430819585e-02 -5.715872298715190782e-05
-8.215508854528564830e-01 -1.489078179202913410e-01 -1.119518743430819585e-02 -5.715872298715190782e-05
-8.215508854528564830e-01 -1.489078179202913410e-01 -1.119518743430819585e-02 -5.715872298715190782e-05
-8.215508854528564830e-01 -1.489078179202913410e-01 -1.119518743430819585e-02 -5.715872298715190782e-05
-8.215508854528564830e-01 -1.489078179202913410e-01 -1.119518743430819585e-02 -5.715872298715190782e-05
-8.215508854528564830e-01 -1.489078179202913410e-01 -1.119518743430819585e-02 -5.715872298715190782e-05
-8.215508854528564830e-01 -1.489078179202913410e-01 -1.119518743430819585e-02 -5.715872298715190782e-05
-8.215508854528564830e-01 -1.489078179202913410e-01 -1.119518743430819585e-02 -5.715872298715190782e-05
-8.215508854528564830e-01 -1.489078179202913410e-01 -1.119518743430819585e-02 -5.715872298715190782e-05
-8.215508854528564830e-01 -1.489078179202913410e-01 -1.119518743430819585e-02 -5.715872298715190782e-05
-8.215508854528564830e-01 -1.489078179202913410e-01 -1.119518743430819585e-02 -5.715872298715190782e-05
