1.582837613117829223e+00 -3.514195713539073463e-05 6.025003282206424218e-06 -9.552667261143348221e-07
1.424553851806046545e+00 -3.645978052796789912e-05 6.250940905289165391e-06 -9.910892283436226533e-07
1.424553851806046545e+00 -3.645978052796789912e-05 6.250940905289165391e-06 -9.910892283436226533e-07
1.424553851806046545e+00 -3.645978052796789912e-05 6.250940905289165391e-06 -9.910892283436226533e-07
1.315733765904195440e+00 -3.538904902149894662e-05 6.349788615387864495e-06 -1.096317828642155022e-06
1.115405880493969715e+00 -3.557436793608010391e-05 6.593377615273944068e-06 -1.070756980697298901e-06
1.115405880493969715e+00 -3.557436793608010391e-05 6.593377615273944068e-06 -1.070756980697298901e-06
8.306805989155483516e-01 -3.803413334396988082e-05 7.178079471884556194e-06 -1.150961137706751612e-06
4.644175399035654905e-01 -3.679888840291324235e-05 7.308589339124242976e-06 -1.324598823073030395e-06
4.644175399035654905e-01 -3.679888840291324235e-05 7.308589339124242976e-06 -1.324598823073030395e-06
-1.538300983500699992e-01 -3.706423870638684713e-05 8.727047543642787712e-06 -1.394492495482920098e-06
-1.538300983500699992e-01 -3.706423870638684713e-05 8.727047543642787712e-06 -1.394492495482920098e-06
-1.538300983500699992e-01 -3.706423870638684713e-05 8.727047543642787712e-06 -1.394492495482920098e-06
-1.538300983500699992e-01 -3.706423870638684713e-05 8.727047543642787712e-06 -1.394492495482920098e-06
-1.538300983500699992e-01 -3.706423870638684713e-05 8.727047543642787712e-06 -1.394492495482920098e-06
-1.538300983500699992e-01 -3.706423870638684713e-05 8.727047543642787712e-06 -1.394492495482920098e-06
-1.123820141855001731e-01 -3.789799411186511272e-05 8.321163658383183453e-06 -1.416588695554631124e-06
7.003704356337327186e-02 -3.796653264102349323e-05 8.075155772270285954e-06 -1.359789444759331285e-06
4.050267105805971379e-02 -3.769450173228998727e-05 8.126406824734613894e-06 -1.383918768386347501e-06
4.050267105805971379e-02 -3.769450173228998727e-05 8.126406824734613894e-06 -1.383918768386347501e-06
4.050267105805971379e-02 -3.769450173228998727e-05 8.126406824734613894e-06 -1.383918768386347501e-06
-4.073535675541148371e-02 -3.765485020863514585e-05 8.264716525186317132e-06 -1.392943656736921422e-06
-3.910389364734512263e-02 -3.814795600398314293e-05 8.254055793767266512e-06 -1.397032878109031108e-06
2.171176596239019971e-02 -3.783434334361185321e-05 8.174647937442169180e-06 -1.374850429022080270e-06
2.171176596239019971e-02 -3.783434334361185321e-05 8.174647937442169180e-06 -1.374850429022080270e-06
1.635407854729309385e-02 -3.781360894982985693e-05 8.160099009671761632e-06 -1.386050814006913313e-06
1.635407854729309385e-02 -3.781360894982985693e-05 8.160099009671761632e-06 -1.386050814006913313e-06
-1.356613217997866723e-02 -3.801838993165935002e-05 8.206111414335145725e-06 -1.390829860368493838e-06
-1.071060564957357353e-02 -3.775813128928293919e-05 8.243015875945322428e-06 -1.384085046268471940e-06
7.724456077587153052e-03 -3.784264144698391581e-05 8.190499340022399272e-06 -1.381258636196643672e-06
7.724456077587153052e-03 -3.784264144698391581e-05 8.190499340022399272e-06 -1.381258636196643672e-06
5.034359882915133769e-03 -3.783868861684887877e-05 8.186009588651986358e-06 -1.386000708735850526e-06
5.034359882915133769e-03 -3.783868861684887877e-05 8.186009588651986358e-06 -1.386000708735850526e-06
-3.547137420397288715e-03 -3.777113270839764427e-05 8.220538060096168627e-06 -1.383735646472085247e-06
-3.547137420397288715e-03 -3.777113270839764427e-05 8.220538060096168627e-06 -1.383735646472085247e-06
-3.547137420397288715e-03 -3.777113270839764427e-05 8.220538060096168627e-06 -1.383735646472085247e-06
2.964156074144227559e-03 -3.784297858325144084e-05 8.196254502450703804e-06 -1.383571527231453792e-06
1.360332500711854695e-03 -3.784153841398424682e-05 8.195290240990338510e-06 -1.385638915813007786e-06
1.360332500711854695e-03 -3.784153841398424682e-05 8.195290240990338510e-06 -1.385638915813007786e-06
-1.353494556121268184e-03 -3.781746946006129363e-05 8.204428425462142709e-06 -1.384927433489729416e-06
-9.741505118880488916e-04 -3.778885311959354889e-05 8.210975186711955137e-06 -1.383871352693874194e-06
-9.741505118880488916e-04 -3.778885311959354889e-05 8.210975186711955137e-06 -1.383871352693874194e-06
-9.741505118880488916e-04 -3.778885311959354889e-05 8.210975186711955137e-06 -1.383871352693874194e-06
-9.741505118880488916e-04 -3.778885311959354889e-05 8.210975186711955137e-06 -1.383871352693874194e-06
3.712461298191105288e-04 -3.783586902732959589e-05 8.199165649011877524e-06 -1.385219502252077752e-06
3.712461298191105288e-04 -3.783586902732959589e-05 8.199165649011877524e-06 -1.385219502252077752e-06
3.712461298191105288e-04 -3.783586902732959589e-05 8.199165649011877524e-06 -1.385219502252077752e-06
3.712461298191105288e-04 -3.783586902732959589e-05 8.199165649011877524e-06 -1.385219502252077752e-06
3.712461298191105288e-04 -3.783586902732959589e-05 8.199165649011877524e-06 -1.385219502252077752e-06
-3.744810745563783997e-04 -3.781494862197865204e-05 8.205552272940170496e-06 -1.384422902502718392e-06
-2.606613611259460720e-04 -3.783456057815531723e-05 8.201845691956325416e-06 -1.385063740053888293e-06
1.280767352190421396e-04 -3.783711645063911344e-05 8.201243841831698726e-06 -1.384887064099155529e-06
1.280767352190421396e-04 -3.783711645063911344e-05 8.201243841831698726e-06 -1.384887064099155529e-06
1.280767352190421396e-04 -3.783711645063911344e-05 8.201243841831698726e-06 -1.384887064099155529e-06
1.280767352190421396e-04 -3.783711645063911344e-05 8.201243841831698726e-06 -1.384887064099155529e-06
1.280767352190421396e-04 -3.783711645063911344e-05 8.201243841831698726e-06 -1.384887064099155529e-06
-9.041615148050882397e-05 -3.783093785090198215e-05 8.202064260636647910e-06 -1.384934290547221134e-06
-9.041615148050882397e-05 -3.783093785090198215e-05 8.202064260636647910e-06 -1.384934290547221134e-06
5.227200939517639267e-05 -3.782461616809162241e-05 8.202845251984627924e-06 -1.384742529465870516e-06
5.227200939517639267e-05 -3.782461616809162241e-05 8.202845251984627924e-06 -1.384742529465870516e-06
-4.183086271810226321e-05 -3.782875682285253411e-05 8.202859212387728180e-06 -1.384746958749116294e-06
-4.183086271810226321e-05 -3.782875682285253411e-05 8.202859212387728180e-06 -1.384746958749116294e-06
3.435272691553725700e-05 -3.783217822839444490e-05 8.201988655153839418e-06 -1.384875718640655569e-06
3.435272691553725700e-05 -3.783217822839444490e-05 8.201988655153839418e-06 -1.384875718640655569e-06
-3.487435053357357452e-05 -3.783014112284430847e-05 8.202247920498648490e-06 -1.384867594983695830e-06
-2.781471405082692501e-05 -3.783378036616639572e-05 8.202000745241413754e-06 -1.384876983966504944e-06
-2.781471405082692501e-05 -3.783378036616639572e-05 8.202000745241413754e-06 -1.384876983966504944e-06
