1.139250314012030252e-01 -1.139544416840232444e-02 8.491675936171105832e-02 7.972135205191153151e-01
1.181972200787481109e-01 -1.182277332471741438e-02 8.810113783777517860e-02 7.174921684672039834e-01
1.181972200787481109e-01 -1.182277332471741438e-02 8.810113783777517860e-02 7.174921684672039834e-01
1.181972200787481109e-01 -1.182277332471741438e-02 8.810113783777517860e-02 7.174921684672039834e-01
1.307467743190368625e-01 -1.151117914823767199e-02 8.551383032597303924e-02 6.626837389315149984e-01
1.276983896897468385e-01 -1.273752479995440834e-02 8.596163354916952493e-02 5.617864027408141503e-01
1.276983896897468385e-01 -1.273752479995440834e-02 8.596163354916952493e-02 5.617864027408141503e-01
1.372635308759952988e-01 -1.192710173202091856e-02 9.190539207187514714e-02 4.183813925068098349e-01
1.579715469902482905e-01 -1.264634177197117293e-02 8.892055554133260209e-02 2.339089865624697229e-01
1.579715469902482905e-01 -1.264634177197117293e-02 8.892055554133260209e-02 2.339089865624697229e-01
1.663070606288643005e-01 -1.349471429806132355e-02 8.956174600718547207e-02 -7.747821586441450137e-02
1.663070606288643005e-01 -1.349471429806132355e-02 8.956174600718547207e-02 -7.747821586441450137e-02
1.663070606288643005e-01 -1.349471429806132355e-02 8.956174600718547207e-02 -7.747821586441450137e-02
1.663070606288643005e-01 -1.349471429806132355e-02 8.956174600718547207e-02 -7.747821586441450137e-02
1.663070606288643005e-01 -1.349471429806132355e-02 8.956174600718547207e-02 -7.747821586441450137e-02
1.595813420953385020e-01 -1.354449640751895396e-02 8.868504508172905809e-02 7.441152967700598309e-02
1.675772955936552233e-01 -1.348190840354718777e-02 9.099174197865064762e-02 -3.734996428468433105e-02
1.675772955936552233e-01 -1.348190840354718777e-02 9.099174197865064762e-02 -3.734996428468433105e-02
1.646354129457905935e-01 -1.324928149788092389e-02 8.992379691264382191e-02 2.763323236919030396e-02
1.646354129457905935e-01 -1.324928149788092389e-02 8.992379691264382191e-02 2.763323236919030396e-02
1.643631092000899518e-01 -1.345029732537104603e-02 8.996397842754569329e-02 -2.143517724788128465e-02
1.643631092000899518e-01 -1.345029732537104603e-02 8.996397842754569329e-02 -2.143517724788128465e-02
1.643631092000899518e-01 -1.345029732537104603e-02 8.996397842754569329e-02 -2.143517724788128465e-02
1.643631092000899518e-01 -1.345029732537104603e-02 8.996397842754569329e-02 -2.143517724788128465e-02
1.655509282285622108e-01 -1.343002916703160167e-02 9.059197339815956707e-02 -1.151429156643021985e-02
1.655509282285622108e-01 -1.343002916703160167e-02 9.059197339815956707e-02 -1.151429156643021985e-02
1.629741217327626002e-01 -1.341726396693039038e-02 9.079568388459097195e-02 9.822136140111943289e-03
1.635351890681718268e-01 -1.346882125712149138e-02 9.001985165719611492e-02 7.165069074120353557e-03
1.635351890681718268e-01 -1.346882125712149138e-02 9.001985165719611492e-02 7.165069074120353557e-03
1.633311060306945062e-01 -1.352651739387790084e-02 9.071542991586298288e-02 -6.736812053812888182e-03
1.633311060306945062e-01 -1.352651739387790084e-02 9.071542991586298288e-02 -6.736812053812888182e-03
1.644399274551705259e-01 -1.345203453046166578e-02 9.059159870873013942e-02 -3.565000172312481584e-03
1.640560063021899440e-01 -1.351546681869662814e-02 9.041246214570777817e-02 -3.354807354507246056e-03
1.636579235547716005e-01 -1.348713347883827643e-02 9.063438311321350693e-02 2.831942050086775492e-03
1.637032149519392354e-01 -1.348205465629505329e-02 9.030416006403735318e-02 2.229449845741946629e-03
1.637032149519392354e-01 -1.348205465629505329e-02 9.030416006403735318e-02 2.229449845741946629e-03
1.641822129641578032e-01 -1.346947411691837813e-02 9.051102021397885999e-02 -1.235239497830454116e-03
1.640060282204134912e-01 -1.349544117331357915e-02 9.043377169100158541e-02 -8.651971068432374404e-04
1.640060282204134912e-01 -1.349544117331357915e-02 9.043377169100158541e-02 -8.651971068432374404e-04
1.640060282204134912e-01 -1.349544117331357915e-02 9.043377169100158541e-02 -8.651971068432374404e-04
1.639512144048088094e-01 -1.347897974260703000e-02 9.033754247356727551e-02 8.198241875995019353e-04
1.639512144048088094e-01 -1.347897974260703000e-02 9.033754247356727551e-02 8.198241875995019353e-04
1.640557894333815603e-01 -1.348471644784854026e-02 9.028006714771762142e-02 7.669591613860588138e-04
1.641235834308832908e-01 -1.347697711686083981e-02 9.034982188721010776e-02 5.854932253597614237e-04
1.640510993469892764e-01 -1.348696339586922047e-02 9.037449701766844812e-02 -2.522270712425626264e-04
1.641497581396011429e-01 -1.347758917108972561e-02 9.031447000019354743e-02 -1.246461705685917611e-04
1.641497581396011429e-01 -1.347758917108972561e-02 9.031447000019354743e-02 -1.246461705685917611e-04
1.641497581396011429e-01 -1.347758917108972561e-02 9.031447000019354743e-02 -1.246461705685917611e-04
1.641497581396011429e-01 -1.347758917108972561e-02 9.031447000019354743e-02 -1.246461705685917611e-04
1.642569115974996385e-01 -1.347541600790643987e-02 9.026875582442941970e-02 3.329829165297747140e-04
1.642569115974996385e-01 -1.347541600790643987e-02 9.026875582442941970e-02 3.329829165297747140e-04
1.642696638775849038e-01 -1.347831816834912932e-02 9.022627935729918280e-02 -1.150131918704051619e-04
1.642696638775849038e-01 -1.347831816834912932e-02 9.022627935729918280e-02 -1.150131918704051619e-04
1.642696638775849038e-01 -1.347831816834912932e-02 9.022627935729918280e-02 -1.150131918704051619e-04
1.642696638775849038e-01 -1.347831816834912932e-02 9.022627935729918280e-02 -1.150131918704051619e-04
1.642438836828794546e-01 -1.348553935627281458e-02 9.018231706569773687e-02 -7.889178004389990270e-05
1.645046457086897784e-01 -1.347874927079685536e-02 9.004356631854382176e-02 1.130623457240158584e-05
1.645046457086897784e-01 -1.347874927079685536e-02 9.004356631854382176e-02 1.130623457240158584e-05
1.645046457086897784e-01 -1.347874927079685536e-02 9.004356631854382176e-02 1.130623457240158584e-05
1.645316086899822894e-01 -1.348425646663066468e-02 8.990775354795998986e-02 1.649402720799920030e-04
1.645316086899822894e-01 -1.348425646663066468e-02 8.990775354795998986e-02 1.649402720799920030e-04
1.648741236043846925e-01 -1.348101407482061101e-02 8.963516084049691357e-02 -2.081437504915555818e-04
1.651694160552324431e-01 -1.348118745956198086e-02 8.945556855442310384e-02 4.554368132991879056e-04
1.653825221829000047e-01 -1.348315576001027360e-02 8.910218658292656801e-02 4.046253307698903555e-04
1.657403799978278136e-01 -1.349838151851685819e-02 8.873428344341027785e-02 2.978098692458688141e-04
1.668116140002940950e-01 -1.348929117642096165e-02 8.787989247002264692e-02 3.824156529575597021e-04
1.668116140002940950e-01 -1.348929117642096165e-02 8.787989247002264692e-02 3.824156529575597021e-04
1.681204369106084062e-01 -1.351199183391293274e-02 8.633923827709422127e-02 6.364802008524703212e-04
1.681204369106084062e-01 -1.351199183391293274e-02 8.633923827709422127e-02 6.364802008524703212e-04
1.709461209690804617e-01 -1.351107471676675498e-02 8.392132682827602164e-02 1.459421331515614248e-03
1.722724047787544954e-01 -1.352991061468087480e-02 8.246617595284405633e-02 4.593162136675875071e-04
1.722724047787544954e-01 -1.352991061468087480e-02 8.246617595284405633e-02 4.593162136675875071e-04
1.766721238819816131e-01 -1.354459907956240272e-02 7.808903969894975816e-02 1.380642325392520070e-03
1.834302443459674414e-01 -1.357341773723826778e-02 7.192275992072139079e-02 2.151546162236543918e-03
1.871419687616886485e-01 -1.362200923688425269e-02 6.775965763769181693e-02 1.024757523950953209e-03
1.871419687616886485e-01 -1.362200923688425269e-02 6.775965763769181693e-02 1.024757523950953209e-03
2.059540904030445763e-01 -1.368821146473250816e-02 4.974152387630428884e-02 3.430203754807996212e-03
2.191161270873875910e-01 -1.376654382384703140e-02 3.723515951710876237e-02 3.124722603419737271e-03
2.323642982154809911e-01 -1.385375107345187401e-02 2.355201877085605355e-02 2.312797260619084590e-03
2.323642982154809911e-01 -1.385375107345187401e-02 2.355201877085605355e-02 2.312797260619084590e-03
2.323642982154809911e-01 -1.385375107345187401e-02 2.355201877085605355e-02 2.312797260619084590e-03
2.323642982154809911e-01 -1.385375107345187401e-02 2.355201877085605355e-02 2.312797260619084590e-03
2.323642982154809911e-01 -1.385375107345187401e-02 2.355201877085605355e-02 2.312797260619084590e-03
2.573337327100733152e-01 -1.401956137612222000e-02 -1.234852833235627889e-03 2.367619576502940065e-03
2.599564628863196836e-01 -1.403875144758191112e-02 -3.806137250589307353e-03 -1.738024830724681224e-04
2.599564628863196836e-01 -1.403875144758191112e-02 -3.806137250589307353e-03 -1.738024830724681224e-04
2.599564628863196836e-01 -1.403875144758191112e-02 -3.806137250589307353e-03 -1.738024830724681224e-04
2.599564628863196836e-01 -1.403875144758191112e-02 -3.806137250589307353e-03 -1.738024830724681224e-04
2.599564628863196836e-01 -1.403875144758191112e-02 -3.806137250589307353e-03 -1.738024830724681224e-04
2.599564628863196836e-01 -1.403875144758191112e-02 -3.806137250589307353e-03 -1.738024830724681224e-04
2.599564628863196836e-01 -1.403875144758191112e-02 -3.806137250589307353e-03 -1.738024830724681224e-04
2.599564628863196836e-01 -1.403875144758191112e-02 -3.806137250589307353e-03 -1.738024830724681224e-04
2.599564628863196836e-01 -1.403875144758191112e-02 -3.806137250589307353e-03 -1.738024830724681224e-04
2.599564628863196836e-01 -1.403875144758191112e-02 -3.806137250589307353e-03 -1.738024830724681224e-04
2.599564628863196836e-01 -1.403875144758191112e-02 -3.806137250589307353e-03 -1.738024830724681224e-04
2.599564628863196836e-01 -1.403875144758191112e-02 -3.806137250589307353e-03 -1.738024830724681224e-04
2.534606356774071756e-01 -1.400336664911523699e-02 2.346753910441786231e-03 2.374502620268031938e-04
2.534606356774071756e-01 -1.400336664911523699e-02 2.346753910441786231e-03 2.374502620268031938e-04
2.534606356774071756e-01 -1.400336664911523699e-02 2.346753910441786231e-03 2.374502620268031938e-04
2.561846933725739905e-01 -1.402032867364226380e-02 -1.150492072581645042e-04 -2.791841592160987763e-04
2.567918260072187264e-01 -1.402090684045937362e-02 -7.280227686124684204e-04 -7.624481065349261331e-05
2.567918260072187264e-01 -1.402090684045937362e-02 -7.280227686124684204e-04 -7.624481065349261331e-05
2.567918260072187264e-01 -1.402090684045937362e-02 -7.280227686124684204e-04 -7.624481065349261331e-05
2.567918260072187264e-01 -1.402090684045937362e-02 -7.280227686124684204e-04 -7.624481065349261331e-05
2.567918260072187264e-01 -1.402090684045937362e-02 -7.280227686124684204e-04 -7.624481065349261331e-05
2.559713570736475430e-01 -1.401873884853815748e-02 5.503301790890906958e-05 -1.060259594441838527e-04
2.553369102196884066e-01 -1.401470604692466038e-02 6.523292868826878477e-04 7.264166903372373720e-05
2.553369102196884066e-01 -1.401470604692466038e-02 6.523292868826878477e-04 7.264166903372373720e-05
2.553113972736887338e-01 -1.401402061302718313e-02 6.567153066664522046e-04 3.416772327068385011e-05
2.553113972736887338e-01 -1.401402061302718313e-02 6.567153066664522046e-04 3.416772327068385011e-05
2.553113972736887338e-01 -1.401402061302718313e-02 6.567153066664522046e-04 3.416772327068385011e-05
2.553113972736887338e-01 -1.401402061302718313e-02 6.567153066664522046e-04 3.416772327068385011e-05
2.553113972736887338e-01 -1.401402061302718313e-02 6.567153066664522046e-04 3.416772327068385011e-05
2.554756630870903544e-01 -1.401505206378483859e-02 5.212096170838108247e-04 2.689031555530726846e-05
2.557664661610752899e-01 -1.401610976626844161e-02 2.476373534293459439e-04 -2.429763956472339752e-05
2.557664661610752899e-01 -1.401610976626844161e-02 2.476373534293459439e-04 -2.429763956472339752e-05
2.557750768051690882e-01 -1.401719133973869380e-02 2.258524275583767972e-04 -1.170499732838333429e-05
2.557750768051690882e-01 -1.401719133973869380e-02 2.258524275583767972e-04 -1.170499732838333429e-05
2.557750768051690882e-01 -1.401719133973869380e-02 2.258524275583767972e-04 -1.170499732838333429e-05
2.555960380650585950e-01 -1.401580071058425303e-02 4.012451049613263579e-04 1.293713939815804212e-05
2.557201360900489551e-01 -1.401629092986553249e-02 2.836599420755914897e-04 -8.002490791497111127e-06
2.557201360900489551e-01 -1.401629092986553249e-02 2.836599420755914897e-04 -8.002490791497111127e-06
2.555769844313570682e-01 -1.401561915306461133e-02 4.157374344000708808e-04 6.922051699359697190e-06
2.556849332675510955e-01 -1.401638874707590576e-02 3.149996509730828903e-04 -5.463013703146198191e-06
2.555652616483857775e-01 -1.401532935464282550e-02 4.349277746083425209e-04 -3.571199483469134419e-06
2.555652616483857775e-01 -1.401532935464282550e-02 4.349277746083425209e-04 -3.571199483469134419e-06
2.556655196462108703e-01 -1.401604435657733891e-02 3.352615976277076846e-04 -3.614735811126144255e-06
2.556050107187216591e-01 -1.401576161861596906e-02 3.912408641934020078e-04 2.530436995491529829e-06
2.556050107187216591e-01 -1.401576161861596906e-02 3.912408641934020078e-04 2.530436995491529829e-06
