1.000000000000000000e+00 1.000000000000000000e+00
1.074999999999999734e+00 8.999999999999999112e-01
1.187500000000000000e+00 8.499999999999996447e-01
1.293749999999999734e+00 6.249999999999991118e-01
1.571875000000000355e+00 4.124999999999983125e-01
1.678125000000000089e+00 1.874999999999977796e-01
1.956250000000000711e+00 -2.500000000000301981e-02
1.956250000000000711e+00 -2.500000000000301981e-02
2.119921875000001066e+00 -4.218750000000331957e-02
2.119921875000001066e+00 -4.218750000000331957e-02
2.119921875000001066e+00 -4.218750000000331957e-02
2.119921875000001066e+00 -4.218750000000331957e-02
2.260095214843751421e+00 -1.108398437500349859e-02
2.579742431640627220e+00 -8.283691406250415223e-02
3.019912719726565165e+00 -5.650634765625484057e-02
3.339559936523441408e+00 -1.282592773437555012e-01
3.779730224609379352e+00 -1.019287109375061895e-01
3.779730224609379352e+00 -1.019287109375061895e-01
3.779730224609379352e+00 -1.019287109375061895e-01
3.779730224609379352e+00 -1.019287109375061895e-01
3.779730224609379352e+00 -1.019287109375061895e-01
3.779730224609379352e+00 -1.019287109375061895e-01
3.779730224609379352e+00 -1.019287109375061895e-01
3.779730224609379352e+00 -1.019287109375061895e-01
3.811734008789066763e+00 -4.801025390625612843e-02
3.811734008789066763e+00 -4.801025390625612843e-02
3.738403320312502665e+00 6.279296874999421019e-02
3.738403320312502665e+00 6.279296874999421019e-02
3.729080200195312500e+00 2.814331054687446709e-01
3.729080200195312500e+00 2.814331054687446709e-01
3.628198242187496980e+00 5.020507812499952482e-01
3.719757080078122780e+00 5.000732421874951594e-01
3.618875122070306816e+00 7.206909179687457367e-01
3.618875122070306816e+00 7.206909179687457367e-01
3.692205810546871358e+00 6.098876953124954259e-01
3.692205810546871358e+00 6.098876953124954259e-01
3.692205810546871358e+00 6.098876953124954259e-01
3.692205810546871358e+00 6.098876953124954259e-01
3.665282964706417346e+00 6.463068008422807598e-01
3.670599400997159201e+00 6.159006595611526969e-01
3.680073496699329816e+00 6.204957127571060216e-01
3.680073496699329816e+00 6.204957127571060216e-01
3.672895501367744675e+00 6.211373813450291603e-01
3.673397102905433975e+00 6.265345202758862975e-01
3.676609899417959682e+00 6.221658317837819308e-01
3.676057501058672905e+00 6.259565733722366465e-01
3.674865401571874912e+00 6.252978614269477653e-01
3.676035675366616573e+00 6.238965245916870961e-01
3.675754019763959324e+00 6.252768831907771219e-01
3.675754019763959324e+00 6.252768831907771219e-01
3.675754019763959324e+00 6.252768831907771219e-01
3.675684222966356884e+00 6.248063183416219246e-01
3.675684222966356884e+00 6.248063183416219246e-01
3.675684222966356884e+00 6.248063183416219246e-01
3.675617235066345412e+00 6.249695520939666515e-01
3.675668100190818688e+00 6.249879709133747685e-01
3.675668100190818688e+00 6.249879709133747685e-01
3.675668100190818688e+00 6.249879709133747685e-01
