8.373716811380705893e-01 -1.448127513944255373e-01 1.748655239239897685e-02 -1.702701644276279937e-03 1.418220642162317229e-04 -1.043736497578742630e-05 6.927869022991149517e-07 -4.206703735009851382e-08 2.361286004715108770e-09 -1.235088645562214587e-10 6.086582322452158334e-12 -7.751986012984824866e-13 9.137153475598910352e-12 -1.787376447937451499e-10 3.705442047822626751e-09 -8.101112439595685024e-08 1.862034850508819172e-06 -4.487480522047964011e-05 1.131262052583934018e-03 -2.976871278903466672e-02
-1.448127513944260369e-01 1.380376437184181460e-01 -3.005675012476138885e-02 4.206058436953436473e-03 -4.549251780377081781e-04 4.103642660607048837e-05 -3.216245819863310900e-06 2.246559243533163805e-07 -1.422879299827668475e-08 8.273877970386292959e-10 -4.459313398568167579e-11 2.319818057165388836e-12 -1.546479468490580717e-12 2.875482766826266565e-11 -6.053897637668034734e-10 1.341082435435039716e-08 -3.117376054486027888e-07 7.586409631772536195e-06 -1.928837997867790708e-04 5.113908604537160257e-03
1.748655239239910175e-02 -3.005675012476140273e-02 2.112631141717914371e-02 -5.069453729786520951e-03 7.760607064674426717e-04 -9.030193202863082938e-05 8.644551578718975647e-06 -7.115220337463462178e-07 5.177215646019599669e-08 -3.393896910104186834e-09 2.032110612029155731e-10 -1.123697458986482228e-11 7.365585679530399803e-13 -3.264830096200103913e-12 6.918760542220645482e-11 -1.552172551067284688e-09 3.647525839290140435e-08 -8.960801741579878013e-07 2.297201516082255155e-05 -6.135201616395332411e-04
-1.702701644276294248e-03 4.206058436953438208e-03 -5.069453729786515747e-03 3.008916340020223283e-03 -7.565711775915177082e-04 1.228197064224333850e-04 -1.506795892107794900e-05 1.509555462124940035e-06 -1.291604556111436510e-07 9.714250393763735389e-09 -6.551280912272047041e-10 4.019503940867313736e-11 -2.282466839734564871e-12 4.133235632594517026e-13 -6.392608959214054064e-12 1.450441737753880387e-10 -3.444498159940775852e-09 8.539872117194095470e-08 -2.206962682264825008e-06 5.936261181750081479e-05
1.418220642162309369e-04 -4.549251780377060097e-04 7.760607064674408286e-04 -7.565711775915181419e-04 3.995041596158043135e-04 -1.026258659757103847e-04 1.732813686678034081e-05 -2.210606701840851000e-06 2.294158655218908878e-07 -2.024696266781202896e-08 1.564449924028024613e-09 -1.080106443916362807e-10 6.764351154167672582e-12 -4.114586665321292877e-13 5.258020894232850281e-13 -1.160863718138036565e-11 2.784770997056834097e-10 -6.965836181056322412e-09 1.814309253444103969e-07 -4.914017422831019549e-06
-1.043736497578682321e-05 4.103642660607001403e-05 -9.030193202863046346e-05 1.228197064224334663e-04 -1.026258659757103847e-04 4.951668196662531337e-05 -1.280603712270055772e-05 2.219687822389983055e-06 -2.915050875831386281e-07 3.109542300549568279e-08 -2.813375460764381162e-09 2.222349779445937195e-10 -1.564430726251309438e-11 9.980026671120007489e-13 -9.344816848945917151e-14 8.248375705017612952e-13 -1.990891872810672642e-11 5.023120801436745067e-10 -1.318297077033303195e-08 3.594746888610907173e-07
6.927869022982798831e-07 -3.216245819863159705e-06 8.644551578718934990e-06 -1.506795892107796255e-05 1.732813686678033065e-05 -1.280603712270055942e-05 5.735547023821128540e-06 -1.479617287353801337e-06 2.608091547989791460e-07 -3.499006616617324517e-08 3.813047569176544917e-09 -3.519230258348669746e-10 2.830428458510954381e-11 -2.024820415681142852e-12 1.330370279989936018e-13 -6.024132823345422604e-14 1.285103090806420453e-12 -3.268611629401392933e-11 8.642022554357192374e-10 -2.372058386146286211e-08
-4.206703734118663534e-08 2.246559243521669303e-07 -7.115220337462284802e-07 1.509555462124923306e-06 -2.210606701840841683e-06 2.219687822389981360e-06 -1.479617287353799007e-06 6.214095971129086161e-07 -1.589190881541915716e-07 2.828720771190921920e-08 -3.853625419643232377e-09 4.268976674223171889e-10 -4.002846045895600518e-11 3.266743607710408914e-12 -2.369138927790967291e-13 1.855166879617102988e-14 -7.681631456369627601e-14 1.946774979674538438e-12 -5.184229699571854549e-11 1.432113058062680050e-09
2.361285884053902240e-09 -1.422879298170694517e-08 5.177215645857329994e-08 -1.291604556110087080e-07 2.294158655218780764e-07 -2.915050875831365635e-07 2.608091547989782460e-07 -1.589190881541914657e-07 6.302062376073932294e-08 -1.590835643331426609e-08 2.843948228076308831e-09 -3.915241449848136012e-10 4.391023885521813384e-11 -4.168603707870528556e-12 3.442129685298194567e-13 -2.538453199094922801e-14 5.811806585875625240e-15 -1.073311367766278870e-13 2.875720125800227227e-12 -7.993792127968285066e-11
-1.235070764155974477e-10 8.273875388861906297e-10 -3.393896883789320376e-09 9.714250391579108378e-09 -2.024696266765479847e-08 3.109542300548537943e-08 -3.499006616617253048e-08 2.828720771190921589e-08 -1.590835643331429917e-08 5.986344494387827301e-09 -1.486928116503698478e-09 2.658296410956197467e-10 -3.683609166892053811e-11 4.168167209107450394e-12 -3.994666046041779840e-13 3.329779435541562661e-14 -2.671262218589773020e-15 5.670112358927556734e-15 -1.486950914685502269e-13 4.158361367255629810e-12
6.057882329182134059e-12 -4.458883263153113887e-11 2.032106078355199988e-10 -6.551280524486541600e-10 1.564449921174326980e-09 -2.813375460577809334e-09 3.813047569165475586e-09 -3.853625419642635152e-09 2.843948228076287324e-09 -1.486928116503697857e-09 5.329048827399191618e-10 -1.299433232891302861e-10 2.315151947078755162e-11 -3.218426230444571748e-12 3.663633888788073425e-13 -3.535629443006173316e-14 2.977258824075460147e-15 -4.860115151134106928e-16 7.225756453897029615e-15 -2.028776933705901370e-13
-2.800712947557317450e-13 2.243434852168228436e-12 -1.122870650727706582e-11 4.019431450462294279e-11 -1.080105898028091651e-10 2.222349742986226766e-10 -3.519230256144652691e-10 4.268976674100915629e-10 -3.915241449841877357e-10 2.658296410955906403e-10 -1.299433232891292004e-10 4.447866493167824453e-11 -1.062832820938875600e-11 1.881777968784831174e-12 -2.617025199072788152e-13 2.989379594400274401e-14 -2.899066356281817971e-15 2.565571433965944001e-16 -3.480075088617227843e-16 9.331932786347288887e-15
1.225707790208649169e-14 -1.060076079581226018e-13 5.772337199631236601e-13 -2.268211198887779301e-12 6.763256805391284314e-12 -1.564423282715582038e-11 2.830428000681672498e-11 -4.002846020071092880e-11 4.391023884172204884e-11 -3.683609166826220574e-11 2.315151947075743384e-11 -1.062832820938745061e-11 3.482165557249919143e-12 -8.142877107779791459e-13 1.429331968193808184e-13 -1.983829765633939289e-14 2.268995636487419707e-15 -2.211443908960668593e-16 3.294907094720425142e-17 -4.076677492180311129e-16
-5.096100252040246807e-16 4.727201787820164772e-15 -2.778553110311311718e-14 1.187413512711881622e-13 -3.884766197892025875e-13 9.964151683554511523e-13 -2.024721320550048041e-12 3.266737938363939959e-12 -4.168603407508270935e-12 4.168167194254200304e-12 -3.218426229754701906e-12 1.881777968754583748e-12 -8.142877107767242386e-13 2.558029211538580965e-13 -5.847663966824364342e-14 1.015608721507698122e-14 -1.403868974691241083e-15 1.604814140994417284e-16 -1.620585758465020715e-17 1.812347313161455798e-17
2.019102461927622286e-17 -1.997455782305055598e-16 1.259008109487587576e-15 -5.806329744264263226e-15 2.065205047158561743e-14 -5.809183747531135054e-14 1.308018527974763546e-13 -2.367844447800861057e-13 3.442060291350942413e-13 -3.994662575185904942e-13 3.663633725796546799e-13 -2.617025191849799990e-13 1.429331967890475136e-13 -5.847663966703404828e-14 1.763874146859024134e-14 -3.938410106471509593e-15 6.756481681564242528e-16 -9.284616771335196265e-17 1.060905962922973650e-17 -1.683973698920897165e-18
-7.643741961743172469e-19 8.025141809867530582e-18 -5.393823746167948327e-17 2.667003060294378623e-16 -1.023434135022558258e-15 3.128608418946038895e-15 -7.721550375732684684e-15 1.547763319881449118e-14 -2.521804209014029997e-14 3.328938400291615987e-14 -3.535589566230809112e-14 2.989377810697213957e-14 -1.983829690044938043e-14 1.015608718462082241e-14 -3.938410105302890259e-15 1.142012705190224833e-15 -2.488861515556726949e-16 4.211395763074207571e-17 -5.743750643488884176e-18 6.698392034225067197e-19
2.771370077150657993e-20 -3.074809667519117671e-19 2.193031533667910354e-18 -1.156115175189981571e-17 4.755582815518023627e-17 -1.568013333465378644e-16 4.204134682850617301e-16 -9.232109229372144214e-16 1.664352204516302949e-15 -2.459916310136431342e-15 2.967152887312503124e-15 -2.898610579735914488e-15 2.268976166686011057e-15 -1.403868184089936931e-15 6.756481375461950872e-16 -2.488861504241597510e-16 6.944483530627538696e-17 -1.476366378899151931e-17 2.459964189658376267e-18 -3.280647430705473758e-19
-9.643158320761897938e-22 1.126402949303256170e-20 -8.489135985413462811e-20 4.748476416728692483e-19 -2.082186872225749950e-18 7.357669358567434040e-18 -2.127140214818628046e-17 5.072491192172883957e-17 -1.001269652744525518e-16 1.636175469122455570e-16 -2.207278302316038037e-16 2.445053344023657377e-16 -2.206258949548725682e-16 1.604602136265797129e-16 -9.284534132654822300e-17 4.211392684070866358e-17 -1.476366269126301663e-17 3.966812113993714048e-18 -8.213899000586208370e-19 1.314757306178336186e-19
3.226095961387070355e-23 -3.954236783235819551e-22 3.137313915142188989e-21 -1.854194979354042968e-20 8.625895848266354810e-20 -3.248754489049342475e-19 1.006353604793170184e-18 -2.586858968397920586e-18 5.542716936566790158e-18 -9.911470638816429487e-18 1.477143596483897723e-17 -1.827987108913610345e-17 1.867335985106084149e-17 -1.561853046814538245e-17 1.058602743489016206e-17 -5.742887430548426693e-18 2.459933198517913738e-18 -8.213888332582162347e-19 2.118733060302410491e-19 -4.107356355931614877e-20
-1.038347271623881133e-24 1.331420777917571828e-23 -1.108298123406363847e-22 6.894415823291216934e-22 -3.388042934663769117e-21 1.353358538890258929e-20 -4.466527644786082281e-20 1.229569654109608775e-19 -2.838040294397593097e-19 5.504078941850855461e-19 -8.966317348445693541e-19 1.223930410090188684e-18 -1.393824441263089503e-18 1.315874194344087737e-18 -1.021284518109005397e-18 6.448709668292513852e-19 -3.271636871949918606e-19 1.314445205387814401e-19 -4.107252521204470345e-20 9.439431209764557067e-21
