1.000000000000000000e+00 5.000000000000000278e-02
1.074999999999999734e+00 4.500000000000001221e-02
1.187500000000000000e+00 4.250000000000000999e-02
1.293749999999999734e+00 3.125000000000002776e-02
1.571875000000000355e+00 2.062500000000003220e-02
1.923437500000000355e+00 -7.187499999999930056e-03
2.655468750000001599e+00 -4.234374999999990230e-02
3.007031250000001599e+00 -7.015624999999986455e-02
3.007031250000001599e+00 -7.015624999999986455e-02
3.007031250000001599e+00 -7.015624999999986455e-02
2.844042968750001954e+00 -5.583984374999988176e-02
2.859204101562501599e+00 -6.023925781249988426e-02
2.929327392578126688e+00 -6.409790039062487899e-02
2.929327392578126688e+00 -6.409790039062487899e-02
2.929327392578126688e+00 -6.409790039062487899e-02
2.929090118408204546e+00 -6.609024047851549954e-02
2.913632392883302558e+00 -6.418125152587877968e-02
2.913632392883302558e+00 -6.418125152587877968e-02
2.921301937103272905e+00 -6.563383102416979475e-02
2.921301937103272905e+00 -6.563383102416979475e-02
2.917526483535768378e+00 -6.440945625305163902e-02
2.918351709842683661e+00 -6.571171998977647088e-02
2.919620516896249462e+00 -6.534720957279191444e-02
2.919620516896249462e+00 -6.534720957279191444e-02
2.919620516896249462e+00 -6.534720957279191444e-02
2.919620516896249462e+00 -6.534720957279191444e-02
2.919666287116707615e+00 -6.586320843547566195e-02
2.919417910976337183e+00 -6.573011985979959615e-02
2.919417910976337183e+00 -6.573011985979959615e-02
2.919553541601636937e+00 -6.592566386330855899e-02
2.919553541601636937e+00 -6.592566386330855899e-02
2.919471528097348667e+00 -6.575117050349929548e-02
2.919471528097348667e+00 -6.575117050349929548e-02
2.919524759789330126e+00 -6.588768369741940245e-02
2.919524759789330126e+00 -6.588768369741940245e-02
2.919485919003502072e+00 -6.577016058644388763e-02
2.919485919003502072e+00 -6.577016058644388763e-02
2.919517564336253201e+00 -6.587818865594710638e-02
2.919517564336253201e+00 -6.587818865594710638e-02
2.919517564336253201e+00 -6.587818865594710638e-02
2.919517564336253201e+00 -6.587818865594710638e-02
2.919495675087840247e+00 -6.579546009025789843e-02
2.919495675087840247e+00 -6.579546009025789843e-02
