-2.105652367340846709e-01 3.855279975415302207e-01 9.871946095746124694e-01 -1.818966380493840518e-01
-2.184614331116128128e-01 3.999852974493376401e-01 1.024214407433660323e+00 -1.637069742444456355e-01
-2.184614331116128128e-01 3.999852974493376401e-01 1.024214407433660323e+00 -1.637069742444456355e-01
-2.184614331116128128e-01 3.999852974493376401e-01 1.024214407433660323e+00 -1.637069742444456355e-01
-2.127037899196650983e-01 4.063103661590035109e-01 1.132960063644614213e+00 -1.512015803785504708e-01
-2.353642284822589081e-01 4.218971426221083121e-01 1.106544895380605631e+00 -1.281802871254253406e-01
-2.353642284822589081e-01 4.218971426221083121e-01 1.106544895380605631e+00 -1.281802871254253406e-01
-2.203892154303450646e-01 4.593110535163367203e-01 1.189429716238199930e+00 -9.546020828880763531e-02
-2.336793467356863552e-01 4.676621207970674821e-01 1.368870894630177304e+00 -5.336996572454832943e-02
-2.609263007315978378e-01 5.010257993562836631e-01 1.328312705447442177e+00 -5.007042465836997192e-03
-2.609263007315978378e-01 5.010257993562836631e-01 1.328312705447442177e+00 -5.007042465836997192e-03
-2.609263007315978378e-01 5.010257993562836631e-01 1.328312705447442177e+00 -5.007042465836997192e-03
-2.609263007315978378e-01 5.010257993562836631e-01 1.328312705447442177e+00 -5.007042465836997192e-03
-2.609263007315978378e-01 5.010257993562836631e-01 1.328312705447442177e+00 -5.007042465836997192e-03
-2.609263007315978378e-01 5.010257993562836631e-01 1.328312705447442177e+00 -5.007042465836997192e-03
-2.609263007315978378e-01 5.010257993562836631e-01 1.328312705447442177e+00 -5.007042465836997192e-03
-2.609263007315978378e-01 5.010257993562836631e-01 1.328312705447442177e+00 -5.007042465836997192e-03
-2.805448037722392263e-01 5.296937330564259749e-01 1.287340325797950769e+00 1.559846098258862654e-02
-2.805448037722392263e-01 5.296937330564259749e-01 1.287340325797950769e+00 1.559846098258862654e-02
-2.715607311773881039e-01 5.360439082529495636e-01 1.281110870489717612e+00 1.390677886225195371e-02
-3.105401454826612895e-01 5.091117344804581002e-01 1.110271317426211546e+00 1.838595552342537146e-02
-3.105401454826612895e-01 5.091117344804581002e-01 1.110271317426211546e+00 1.838595552342537146e-02
-3.105401454826612895e-01 5.091117344804581002e-01 1.110271317426211546e+00 1.838595552342537146e-02
-3.123838762991416607e-01 5.160525988645194850e-01 9.787305887763082524e-01 4.659043522145793481e-03
-3.609693803301592396e-01 4.883587664301498599e-01 7.644042881077179885e-01 1.106606257739520260e-03
-3.609693803301592396e-01 4.883587664301498599e-01 7.644042881077179885e-01 1.106606257739520260e-03
-4.043543773842166456e-01 4.396803431466078660e-01 4.629159620012468501e-01 -3.111659250462778248e-04
-4.607841858151351389e-01 4.470057562238061166e-01 1.352288409440305372e-02 -1.488807304520905692e-02
-4.830592629791603532e-01 4.262434632716054494e-01 2.804257151395672665e-02 1.566235286045714048e-04
-4.830592629791603532e-01 4.262434632716054494e-01 2.804257151395672665e-02 1.566235286045714048e-04
-4.830592629791603532e-01 4.262434632716054494e-01 2.804257151395672665e-02 1.566235286045714048e-04
-4.830592629791603532e-01 4.262434632716054494e-01 2.804257151395672665e-02 1.566235286045714048e-04
-4.830592629791603532e-01 4.262434632716054494e-01 2.804257151395672665e-02 1.566235286045714048e-04
-4.830592629791603532e-01 4.262434632716054494e-01 2.804257151395672665e-02 1.566235286045714048e-04
-4.830592629791603532e-01 4.262434632716054494e-01 2.804257151395672665e-02 1.566235286045714048e-04
-4.830592629791603532e-01 4.262434632716054494e-01 2.804257151395672665e-02 1.566235286045714048e-04
-4.830592629791603532e-01 4.262434632716054494e-01 2.804257151395672665e-02 1.566235286045714048e-04
-4.830592629791603532e-01 4.262434632716054494e-01 2.804257151395672665e-02 1.566235286045714048e-04
-4.830592629791603532e-01 4.262434632716054494e-01 2.804257151395672665e-02 1.566235286045714048e-04
-4.830592629791603532e-01 4.262434632716054494e-01 2.804257151395672665e-02 1.566235286045714048e-04
-4.830592629791603532e-01 4.262434632716054494e-01 2.804257151395672665e-02 1.566235286045714048e-04
-4.830592629791603532e-01 4.262434632716054494e-01 2.804257151395672665e-02 1.566235286045714048e-04
-4.830592629791603532e-01 4.262434632716054494e-01 2.804257151395672665e-02 1.566235286045714048e-04
-4.817921497823136612e-01 4.367578972587578545e-01 3.291874623164922631e-03 -2.458479369335434157e-03
-4.848282169892486615e-01 4.377297941188915131e-01 -1.080071975058957863e-02 -5.758410956516173823e-04
-4.848282169892486615e-01 4.377297941188915131e-01 -1.080071975058957863e-02 -5.758410956516173823e-04
-4.890220658310965862e-01 4.274025795464135857e-01 -1.192300352917126730e-02 -6.409702561969207041e-05
-4.890220658310965862e-01 4.274025795464135857e-01 -1.192300352917126730e-02 -6.409702561969207041e-05
-4.890220658310965862e-01 4.274025795464135857e-01 -1.192300352917126730e-02 -6.409702561969207041e-05
-4.848741785702320173e-01 4.342985576555320471e-01 5.129991931818195933e-03 2.592630899072019372e-04
-4.848741785702320173e-01 4.342985576555320471e-01 5.129991931818195933e-03 2.592630899072019372e-04
-4.848741785702320173e-01 4.342985576555320471e-01 5.129991931818195933e-03 2.592630899072019372e-04
-4.854167888725109403e-01 4.309191156239627896e-01 4.539947487556071810e-03 2.796829787132611611e-05
-4.854167888725109403e-01 4.309191156239627896e-01 4.539947487556071810e-03 2.796829787132611611e-05
-4.854167888725109403e-01 4.309191156239627896e-01 4.539947487556071810e-03 2.796829787132611611e-05
-4.856420881420292490e-01 4.331311190298651748e-01 -1.901459292289599517e-03 -8.488253353930547379e-05
-4.863369309176733823e-01 4.314112614810095558e-01 -1.791319835537062049e-03 2.659583456473678820e-05
-4.863369309176733823e-01 4.314112614810095558e-01 -1.791319835537062049e-03 2.659583456473678820e-05
-4.863369309176733823e-01 4.314112614810095558e-01 -1.791319835537062049e-03 2.659583456473678820e-05
-4.863369309176733823e-01 4.314112614810095558e-01 -1.791319835537062049e-03 2.659583456473678820e-05
-4.863369309176733823e-01 4.314112614810095558e-01 -1.791319835537062049e-03 2.659583456473678820e-05
-4.855746566097732253e-01 4.325964941060965741e-01 1.286659806557875936e-03 6.687925483211826509e-05
-4.857743988060441720e-01 4.324653491385752613e-01 -6.999420563175030169e-04 4.306433213026482549e-06
-4.857743988060441720e-01 4.324653491385752613e-01 -6.999420563175030169e-04 4.306433213026482549e-06
-4.857743988060441720e-01 4.324653491385752613e-01 -6.999420563175030169e-04 4.306433213026482549e-06
-4.860339761780330115e-01 4.318470415993530542e-01 -7.281880143279309331e-04 2.589442201596904521e-05
-4.857102539701153576e-01 4.323459763485536511e-01 5.589458291088122413e-04 4.091302804764113371e-05
-4.858106389619735177e-01 4.320122269496373679e-01 3.562827804850373595e-04 3.975638846533542355e-05
-4.858106389619735177e-01 4.320122269496373679e-01 3.562827804850373595e-04 3.975638846533542355e-05
-4.858106389619735177e-01 4.320122269496373679e-01 3.562827804850373595e-04 3.975638846533542355e-05
-4.858106389619735177e-01 4.320122269496373679e-01 3.562827804850373595e-04 3.975638846533542355e-05
-4.858106389619735177e-01 4.320122269496373679e-01 3.562827804850373595e-04 3.975638846533542355e-05
-4.858106389619735177e-01 4.320122269496373679e-01 3.562827804850373595e-04 3.975638846533542355e-05
-4.858106389619735177e-01 4.320122269496373679e-01 3.562827804850373595e-04 3.975638846533542355e-05
-4.858282172622970241e-01 4.320318746520670494e-01 2.835294219490088570e-04 2.174473120061046346e-05
-4.858282172622970241e-01 4.320318746520670494e-01 2.835294219490088570e-04 2.174473120061046346e-05
-4.858583219581587009e-01 4.320618084066568110e-01 -2.780546717556500659e-05 2.483227654718939993e-05
-4.859403707538085815e-01 4.317075526981729583e-01 2.422415785329314411e-05 1.227566488209259291e-05
-4.859403707538085815e-01 4.317075526981729583e-01 2.422415785329314411e-05 1.227566488209259291e-05
-4.859612400494867090e-01 4.316027581939829716e-01 2.188591591923259470e-04 3.616715243508869564e-05
-4.860404596731616733e-01 4.314628052061024732e-01 -2.383253551309771488e-04 3.328958611278490579e-05
-4.861168535676907432e-01 4.309536852965071274e-01 2.264545071516114343e-04 3.345747759382366223e-05
-4.863723406953365247e-01 4.303018609497355484e-01 -2.726575851723099021e-04 2.819846912590155393e-05
-4.863723406953365247e-01 4.303018609497355484e-01 -2.726575851723099021e-04 2.819846912590155393e-05
-4.864561250381224111e-01 4.299829185946851817e-01 -3.896527731846477515e-04 3.794595285701977836e-05
-4.868568773088108870e-01 4.283429898122343982e-01 1.069647257332186118e-04 4.808276077076905893e-05
-4.868568773088108870e-01 4.283429898122343982e-01 1.069647257332186118e-04 4.808276077076905893e-05
-4.868568773088108870e-01 4.283429898122343982e-01 1.069647257332186118e-04 4.808276077076905893e-05
-4.876314174131846091e-01 4.256964093205766186e-01 -4.314001923430885828e-04 6.758279142912658444e-05
-4.883453180089096790e-01 4.231194120750958465e-01 -2.287203806872437377e-04 7.031545289597027233e-05
-4.883453180089096790e-01 4.231194120750958465e-01 -2.287203806872437377e-04 7.031545289597027233e-05
-4.883453180089096790e-01 4.231194120750958465e-01 -2.287203806872437377e-04 7.031545289597027233e-05
-4.906290133048591962e-01 4.148233152844373883e-01 -5.370629804804791848e-04 1.195978809969415371e-04
-4.906290133048591962e-01 4.148233152844373883e-01 -5.370629804804791848e-04 1.195978809969415371e-04
-4.909158925143746188e-01 4.139941746763540209e-01 -8.758585047856640897e-04 7.682038655170862415e-05
-4.939359133282650305e-01 4.032179636326149730e-01 -1.134086777810198706e-03 1.623813168860990016e-04
-4.974918977035347467e-01 3.901926962453314829e-01 -1.330455601733994799e-03 2.051690488194468306e-04
-4.974918977035347467e-01 3.901926962453314829e-01 -1.330455601733994799e-03 2.051690488194468306e-04
-4.974918977035347467e-01 3.901926962453314829e-01 -1.330455601733994799e-03 2.051690488194468306e-04
-4.974918977035347467e-01 3.901926962453314829e-01 -1.330455601733994799e-03 2.051690488194468306e-04
-4.951765973221071704e-01 3.983587714786569478e-01 -2.440135879822960541e-04 1.587186054013296744e-04
-5.010162155500457182e-01 3.774267860687807730e-01 -1.512041895998039644e-03 1.906435278422160596e-04
-5.010162155500457182e-01 3.774267860687807730e-01 -1.512041895998039644e-03 1.906435278422160596e-04
-5.010162155500457182e-01 3.774267860687807730e-01 -1.512041895998039644e-03 1.906435278422160596e-04
-5.034771659812040667e-01 3.679155191504372979e-01 3.017389266040527811e-04 1.882391127311527934e-04
-5.034771659812040667e-01 3.679155191504372979e-01 3.017389266040527811e-04 1.882391127311527934e-04
-5.039539055356114794e-01 3.655914264789061896e-01 9.804925639905058988e-04 1.448482622156099494e-04
-5.136537423563747318e-01 3.312133187203158968e-01 -8.923663344078807411e-04 1.718648779392392451e-04
-5.136537423563747318e-01 3.312133187203158968e-01 -8.923663344078807411e-04 1.718648779392392451e-04
-5.136537423563747318e-01 3.312133187203158968e-01 -8.923663344078807411e-04 1.718648779392392451e-04
-5.233849879814667094e-01 2.943513447018504259e-01 1.727142224520509910e-03 7.214543756628769532e-05
-5.370048207070432511e-01 2.455694687121209308e-01 9.296221951451068451e-04 1.044000201103817741e-04
-5.370048207070432511e-01 2.455694687121209308e-01 9.296221951451068451e-04 1.044000201103817741e-04
-5.407352684288164735e-01 2.322371869072517026e-01 -4.811421991947461424e-04 7.323708988964610462e-05
-5.407352684288164735e-01 2.322371869072517026e-01 -4.811421991947461424e-04 7.323708988964610462e-05
-5.407352684288164735e-01 2.322371869072517026e-01 -4.811421991947461424e-04 7.323708988964610462e-05
-5.407352684288164735e-01 2.322371869072517026e-01 -4.811421991947461424e-04 7.323708988964610462e-05
-5.407352684288164735e-01 2.322371869072517026e-01 -4.811421991947461424e-04 7.323708988964610462e-05
-5.407352684288164735e-01 2.322371869072517026e-01 -4.811421991947461424e-04 7.323708988964610462e-05
-5.407352684288164735e-01 2.322371869072517026e-01 -4.811421991947461424e-04 7.323708988964610462e-05
-5.424122157550428369e-01 2.259927958172132101e-01 4.603006361393923232e-04 8.877318350520244648e-05
-5.494747077954039716e-01 2.003782564624085882e-01 6.162266261130187363e-05 8.132152160190907436e-05
-5.488646906518770408e-01 2.024658586859912068e-01 3.696722056596665230e-04 6.027147438403543048e-05
-5.481652097479147168e-01 2.047263034131942550e-01 6.145760936384643113e-04 5.860106075052234627e-05
-5.481652097479147168e-01 2.047263034131942550e-01 6.145760936384643113e-04 5.860106075052234627e-05
-5.481652097479147168e-01 2.047263034131942550e-01 6.145760936384643113e-04 5.860106075052234627e-05
-5.461445905829594993e-01 2.121049508482262258e-01 4.755711240950609865e-04 4.346620758499103302e-05
-5.461445905829594993e-01 2.121049508482262258e-01 4.755711240950609865e-04 4.346620758499103302e-05
-5.461445905829594993e-01 2.121049508482262258e-01 4.755711240950609865e-04 4.346620758499103302e-05
-5.461445905829594993e-01 2.121049508482262258e-01 4.755711240950609865e-04 4.346620758499103302e-05
-5.461445905829594993e-01 2.121049508482262258e-01 4.755711240950609865e-04 4.346620758499103302e-05
-5.461445905829594993e-01 2.121049508482262258e-01 4.755711240950609865e-04 4.346620758499103302e-05
-5.471107970597655079e-01 2.085282651597022974e-01 3.362562605793203291e-04 4.539592536334819827e-05
-5.471107970597655079e-01 2.085282651597022974e-01 3.362562605793203291e-04 4.539592536334819827e-05
-5.453109192391250026e-01 2.148734651097755632e-01 4.380597664825497135e-04 2.068854796954291259e-05
-5.453109192391250026e-01 2.148734651097755632e-01 4.380597664825497135e-04 2.068854796954291259e-05
-5.463444190756783225e-01 2.114157535621040140e-01 -4.750771285207816552e-05 2.453331449605222411e-05
-5.472169799737106599e-01 2.079228149672754933e-01 1.392117626664015825e-04 1.111719848819514079e-05
-5.472169799737106599e-01 2.079228149672754933e-01 1.392117626664015825e-04 1.111719848819514079e-05
-5.472169799737106599e-01 2.079228149672754933e-01 1.392117626664015825e-04 1.111719848819514079e-05
-5.472169799737106599e-01 2.079228149672754933e-01 1.392117626664015825e-04 1.111719848819514079e-05
-5.472169799737106599e-01 2.079228149672754933e-01 1.392117626664015825e-04 1.111719848819514079e-05
-5.472169799737106599e-01 2.079228149672754933e-01 1.392117626664015825e-04 1.111719848819514079e-05
-5.472169799737106599e-01 2.079228149672754933e-01 1.392117626664015825e-04 1.111719848819514079e-05
-5.472169799737106599e-01 2.079228149672754933e-01 1.392117626664015825e-04 1.111719848819514079e-05
-5.465036118055908165e-01 2.103416798814476407e-01 1.776456192913286516e-04 -1.756790065722757247e-06
-5.465036118055908165e-01 2.103416798814476407e-01 1.776456192913286516e-04 -1.756790065722757247e-06
-5.465036118055908165e-01 2.103416798814476407e-01 1.776456192913286516e-04 -1.756790065722757247e-06
-5.465036118055908165e-01 2.103416798814476407e-01 1.776456192913286516e-04 -1.756790065722757247e-06
-5.465036118055908165e-01 2.103416798814476407e-01 1.776456192913286516e-04 -1.756790065722757247e-06
-5.465483543380742493e-01 2.100332316211661610e-01 -7.964608285818803278e-06 -8.950638700980986654e-06
-5.465483543380742493e-01 2.100332316211661610e-01 -7.964608285818803278e-06 -8.950638700980986654e-06
-5.465483543380742493e-01 2.100332316211661610e-01 -7.964608285818803278e-06 -8.950638700980986654e-06
-5.458885345176778259e-01 2.123185935320310858e-01 1.765940403283083166e-04 -1.345593697196059948e-06
-5.458885345176778259e-01 2.123185935320310858e-01 1.765940403283083166e-04 -1.345593697196059948e-06
-5.471368059513919135e-01 2.076419012923570451e-01 1.658486230892224317e-04 1.874070961385152648e-06
-5.453338303077250870e-01 2.137243413819182036e-01 6.666304195042241972e-05 -2.341260700331448998e-05
-5.453717839787206589e-01 2.134852628476036074e-01 2.688662081164947242e-04 8.549454568465871928e-07
-5.453717839787206589e-01 2.134852628476036074e-01 2.688662081164947242e-04 8.549454568465871928e-07
-5.458047396040679455e-01 2.109021302873569370e-01 3.309770792482637529e-04 -2.119921500950315701e-05
-5.458047396040679455e-01 2.109021302873569370e-01 3.309770792482637529e-04 -2.119921500950315701e-05
-5.458047396040679455e-01 2.109021302873569370e-01 3.309770792482637529e-04 -2.119921500950315701e-05
-5.438813929314609830e-01 2.166656313213871643e-01 3.766365397834347097e-04 -2.018099914634357569e-05
-5.438813929314609830e-01 2.166656313213871643e-01 3.766365397834347097e-04 -2.018099914634357569e-05
-5.461410270841196013e-01 2.074421657610129310e-01 6.918030899819240962e-04 -7.410448923483482103e-06
-5.447961019518037240e-01 2.110491504194309531e-01 2.373021048822003629e-04 -5.235648077271362377e-05
-5.424573653877633461e-01 2.165092077009990179e-01 7.552769707189583778e-04 -4.735298379167984453e-05
-5.450823738620642622e-01 2.068942626705502219e-01 3.779644870787106457e-04 -1.603443866558366428e-05
-5.460948653513910678e-01 1.980898272712204866e-01 7.934869099294756655e-04 -5.200376582240831980e-05
-5.415409757465274865e-01 2.095225045246246198e-01 2.394166744931604338e-04 -1.109898539423221319e-04
-5.417894813572021739e-01 2.011635507866837980e-01 1.150004571900827954e-03 -6.507282012106821434e-05
-5.417894813572021739e-01 2.011635507866837980e-01 1.150004571900827954e-03 -6.507282012106821434e-05
-5.405016061953340500e-01 1.862877852899517128e-01 1.275121656321773558e-03 -1.950040441961901970e-04
-5.342816788496373981e-01 1.950451246026595475e-01 8.053028704144665588e-04 -2.303155986628772261e-04
-5.379449853866971054e-01 1.613217351543774214e-01 2.337857988228077104e-03 -2.018377309634659294e-04
-5.379449853866971054e-01 1.613217351543774214e-01 2.337857988228077104e-03 -2.018377309634659294e-04
-5.379449853866971054e-01 1.613217351543774214e-01 2.337857988228077104e-03 -2.018377309634659294e-04
-5.206179684446137212e-01 1.504785401556898439e-01 3.142837062031107569e-03 -4.258311555937889341e-04
-5.206179684446137212e-01 1.504785401556898439e-01 3.142837062031107569e-03 -4.258311555937889341e-04
-5.206179684446137212e-01 1.504785401556898439e-01 3.142837062031107569e-03 -4.258311555937889341e-04
-5.214401811021063260e-01 1.023939932248915663e-01 5.593729551342178051e-03 -3.409672842856961835e-04
-5.214401811021063260e-01 1.023939932248915663e-01 5.593729551342178051e-03 -3.409672842856961835e-04
-5.204935285361307340e-01 1.257138442542316548e-01 3.404358241217781550e-03 -3.099796764016477402e-04
-5.204935285361307340e-01 1.257138442542316548e-01 3.404358241217781550e-03 -3.099796764016477402e-04
-5.012454308696356886e-01 1.012366003556006144e-01 5.655878786876853206e-03 -3.885162010572809502e-04
-5.012454308696356886e-01 1.012366003556006144e-01 5.655878786876853206e-03 -3.885162010572809502e-04
-4.979041846131633253e-01 1.335524161259943887e-01 3.284338434039968391e-03 -1.933900878693204251e-04
-4.979041846131633253e-01 1.335524161259943887e-01 3.284338434039968391e-03 -1.933900878693204251e-04
-4.628757812647479319e-01 4.957348356102414533e-02 8.476408388552760659e-03 -2.097276744301506627e-04
-4.443180043136387702e-01 1.066702891991415658e-01 4.588961142510976018e-03 -3.852786442885794849e-04
-4.221873326369562918e-01 7.664398824140622457e-02 4.879538986313346205e-03 -4.342108461020401881e-05
-4.221873326369562918e-01 7.664398824140622457e-02 4.879538986313346205e-03 -4.342108461020401881e-05
-3.156047412633053995e-01 -1.679399236595985334e-02 1.092195654049499254e-02 -1.748157541736773245e-04
-2.752082679590541758e-01 1.013882658187426622e-01 2.371977745426086248e-03 -1.159566408596619542e-04
-2.752082679590541758e-01 1.013882658187426622e-01 2.371977745426086248e-03 -1.159566408596619542e-04
-2.752082679590541758e-01 1.013882658187426622e-01 2.371977745426086248e-03 -1.159566408596619542e-04
-1.207096704297128120e-01 -2.618315804464452223e-02 9.012136091486790818e-03 -8.081158231309307227e-06
-1.298447263865673551e-01 6.256023972337922123e-02 2.014808312801041890e-03 2.066808093033480173e-04
-1.819845638578654334e-02 4.852770121623460609e-02 1.155458869467133540e-03 -2.454371890164056512e-04
-1.819845638578654334e-02 4.852770121623460609e-02 1.155458869467133540e-03 -2.454371890164056512e-04
-1.819845638578654334e-02 4.852770121623460609e-02 1.155458869467133540e-03 -2.454371890164056512e-04
-1.819845638578654334e-02 4.852770121623460609e-02 1.155458869467133540e-03 -2.454371890164056512e-04
3.740047876374508889e-02 3.356386166263120030e-02 2.003789031802383821e-03 -2.826881029541906791e-06
3.740047876374508889e-02 3.356386166263120030e-02 2.003789031802383821e-03 -2.826881029541906791e-06
4.105702538063614460e-02 1.732796355967815283e-02 1.215815483551278744e-03 -8.421516889360001210e-06
4.105702538063614460e-02 1.732796355967815283e-02 1.215815483551278744e-03 -8.421516889360001210e-06
4.105702538063614460e-02 1.732796355967815283e-02 1.215815483551278744e-03 -8.421516889360001210e-06
4.105702538063614460e-02 1.732796355967815283e-02 1.215815483551278744e-03 -8.421516889360001210e-06
-6.638541388234549950e-03 5.126949512154126143e-02 1.647680947276599934e-04 -7.072661382949985685e-05
1.330112976346111905e-02 4.817912620871512425e-02 1.514672742210080615e-05 6.460813985064788295e-05
-3.753296236503437210e-03 4.941785479749691984e-02 6.851357284763373232e-04 -1.227640518758703044e-05
7.446150548463941268e-03 1.771005765946660759e-02 1.317649524688241803e-03 2.960783500745108499e-05
7.446150548463941268e-03 1.771005765946660759e-02 1.317649524688241803e-03 2.960783500745108499e-05
1.532845193587484278e-03 4.373388345688565548e-02 4.447187013359064304e-04 -2.547200307650512467e-05
1.532845193587484278e-03 4.373388345688565548e-02 4.447187013359064304e-04 -2.547200307650512467e-05
1.532845193587484278e-03 4.373388345688565548e-02 4.447187013359064304e-04 -2.547200307650512467e-05
-2.325784462212203418e-04 3.048427480345498874e-02 6.363527527042579400e-04 3.454844768867406421e-05
-2.325784462212203418e-04 3.048427480345498874e-02 6.363527527042579400e-04 3.454844768867406421e-05
-2.325784462212203418e-04 3.048427480345498874e-02 6.363527527042579400e-04 3.454844768867406421e-05
-2.325784462212203418e-04 3.048427480345498874e-02 6.363527527042579400e-04 3.454844768867406421e-05
-2.325784462212203418e-04 3.048427480345498874e-02 6.363527527042579400e-04 3.454844768867406421e-05
-1.271850867652902367e-03 3.356014612938856834e-02 3.134051161340412929e-04 -9.342257822191899549e-06
-1.271850867652902367e-03 3.356014612938856834e-02 3.134051161340412929e-04 -9.342257822191899549e-06
-1.447579333761392709e-03 1.545763543150896480e-02 6.794506380320734177e-04 3.255900849885437547e-05
-1.447579333761392709e-03 1.545763543150896480e-02 6.794506380320734177e-04 3.255900849885437547e-05
-1.447579333761392709e-03 1.545763543150896480e-02 6.794506380320734177e-04 3.255900849885437547e-05
-8.008157477077518238e-03 2.116689241033048452e-02 -2.077375825200122005e-04 4.079714595597199508e-06
-8.008157477077518238e-03 2.116689241033048452e-02 -2.077375825200122005e-04 4.079714595597199508e-06
-8.008157477077518238e-03 2.116689241033048452e-02 -2.077375825200122005e-04 4.079714595597199508e-06
-7.435005251287356981e-03 2.121493011704625453e-03 2.573896820343604783e-04 -2.023908799916998352e-07
-7.435005251287356981e-03 2.121493011704625453e-03 2.573896820343604783e-04 -2.023908799916998352e-07
-7.435005251287356981e-03 2.121493011704625453e-03 2.573896820343604783e-04 -2.023908799916998352e-07
-7.435005251287356981e-03 2.121493011704625453e-03 2.573896820343604783e-04 -2.023908799916998352e-07
-7.435005251287356981e-03 2.121493011704625453e-03 2.573896820343604783e-04 -2.023908799916998352e-07
-5.331675786941443562e-03 5.470349615959040068e-03 1.244555463462492613e-04 2.475902170407091825e-05
-5.331675786941443562e-03 5.470349615959040068e-03 1.244555463462492613e-04 2.475902170407091825e-05
-4.739718536489849476e-04 1.453907906434525471e-03 -1.159107251506715723e-04 -4.524472016808518964e-06
-4.739718536489849476e-04 1.453907906434525471e-03 -1.159107251506715723e-04 -4.524472016808518964e-06
-4.739718536489849476e-04 1.453907906434525471e-03 -1.159107251506715723e-04 -4.524472016808518964e-06
-4.739718536489849476e-04 1.453907906434525471e-03 -1.159107251506715723e-04 -4.524472016808518964e-06
-4.739718536489849476e-04 1.453907906434525471e-03 -1.159107251506715723e-04 -4.524472016808518964e-06
-4.739718536489849476e-04 1.453907906434525471e-03 -1.159107251506715723e-04 -4.524472016808518964e-06
-4.739718536489849476e-04 1.453907906434525471e-03 -1.159107251506715723e-04 -4.524472016808518964e-06
-4.739718536489849476e-04 1.453907906434525471e-03 -1.159107251506715723e-04 -4.524472016808518964e-06
1.144645482229810461e-03 1.394105092626753140e-03 -3.284637905430860198e-05 -6.882762803244788546e-06
-1.176433690627640854e-04 8.766279649498962944e-04 5.497102687009569995e-05 1.468181670417081543e-06
1.352469057858742560e-03 2.282151445064374735e-03 -4.749660821633206273e-05 1.083229553952143607e-06
-1.380500066659194006e-03 2.550036295350962753e-03 1.382168118670819778e-05 -3.111914244241910718e-06
6.116000909619656199e-04 1.936641346029732442e-03 5.362400787014699852e-05 -5.289886752647935490e-07
-3.976005987028739678e-04 2.169993847959735683e-03 4.451822991863636526e-05 3.032822015945839684e-06
2.106276107920841884e-04 3.592783502252506513e-03 -2.273737149051595054e-05 -1.230607345221441925e-06
2.106276107920841884e-04 3.592783502252506513e-03 -2.273737149051595054e-05 -1.230607345221441925e-06
2.106276107920841884e-04 3.592783502252506513e-03 -2.273737149051595054e-05 -1.230607345221441925e-06
2.106276107920841884e-04 3.592783502252506513e-03 -2.273737149051595054e-05 -1.230607345221441925e-06
2.106276107920841884e-04 3.592783502252506513e-03 -2.273737149051595054e-05 -1.230607345221441925e-06
2.106276107920841884e-04 3.592783502252506513e-03 -2.273737149051595054e-05 -1.230607345221441925e-06
2.106276107920841884e-04 3.592783502252506513e-03 -2.273737149051595054e-05 -1.230607345221441925e-06
2.106276107920841884e-04 3.592783502252506513e-03 -2.273737149051595054e-05 -1.230607345221441925e-06
2.106276107920841884e-04 3.592783502252506513e-03 -2.273737149051595054e-05 -1.230607345221441925e-06
2.106276107920841884e-04 3.592783502252506513e-03 -2.273737149051595054e-05 -1.230607345221441925e-06
2.106276107920841884e-04 3.592783502252506513e-03 -2.273737149051595054e-05 -1.230607345221441925e-06
-1.771259701415497858e-04 4.080218807323999358e-03 -7.166309696368355063e-06 3.055618000306004508e-07
-1.771259701415497858e-04 4.080218807323999358e-03 -7.166309696368355063e-06 3.055618000306004508e-07
-2.319234729667102660e-06 3.839884010047947722e-03 5.894331341821416680e-06 -9.748229010241818691e-09
4.314135821712925759e-06 4.570301844473425787e-03 -1.857179429292405519e-05 -1.425481853158946873e-06
4.314135821712925759e-06 4.570301844473425787e-03 -1.857179429292405519e-05 -1.425481853158946873e-06
6.690491813288569969e-05 5.731915819775609995e-03 5.542798744644934485e-06 2.674056748877955751e-07
6.690491813288569969e-05 5.731915819775609995e-03 5.542798744644934485e-06 2.674056748877955751e-07
6.690491813288569969e-05 5.731915819775609995e-03 5.542798744644934485e-06 2.674056748877955751e-07
6.690491813288569969e-05 5.731915819775609995e-03 5.542798744644934485e-06 2.674056748877955751e-07
6.690491813288569969e-05 5.731915819775609995e-03 5.542798744644934485e-06 2.674056748877955751e-07
6.690491813288569969e-05 5.731915819775609995e-03 5.542798744644934485e-06 2.674056748877955751e-07
6.690491813288569969e-05 5.731915819775609995e-03 5.542798744644934485e-06 2.674056748877955751e-07
6.690491813288569969e-05 5.731915819775609995e-03 5.542798744644934485e-06 2.674056748877955751e-07
6.690491813288569969e-05 5.731915819775609995e-03 5.542798744644934485e-06 2.674056748877955751e-07
6.690491813288569969e-05 5.731915819775609995e-03 5.542798744644934485e-06 2.674056748877955751e-07
6.690491813288569969e-05 5.731915819775609995e-03 5.542798744644934485e-06 2.674056748877955751e-07
6.690491813288569969e-05 5.731915819775609995e-03 5.542798744644934485e-06 2.674056748877955751e-07
6.690491813288569969e-05 5.731915819775609995e-03 5.542798744644934485e-06 2.674056748877955751e-07
-8.375219304047202201e-06 5.456193956456402601e-03 1.470605882625106823e-06 4.364245591301601719e-07
-5.671592115137439065e-06 5.975537281757595937e-03 5.408652869590572983e-06 3.509117227566313012e-07
-5.671592115137439065e-06 5.975537281757595937e-03 5.408652869590572983e-06 3.509117227566313012e-07
-5.671592115137439065e-06 5.975537281757595937e-03 5.408652869590572983e-06 3.509117227566313012e-07
-3.332020793620285581e-06 5.503540320541885911e-03 1.562169344524189537e-06 1.493024978622590514e-07
-3.332020793620285581e-06 5.503540320541885911e-03 1.562169344524189537e-06 1.493024978622590514e-07
2.290000386098402967e-05 5.873941444867004057e-03 6.698913729870096672e-07 1.343838121835719719e-07
2.290000386098402967e-05 5.873941444867004057e-03 6.698913729870096672e-07 1.343838121835719719e-07
2.290000386098402967e-05 5.873941444867004057e-03 6.698913729870096672e-07 1.343838121835719719e-07
2.315664656440061128e-05 5.790080283902671737e-03 5.964512103265705543e-07 -4.508806663191462438e-08
4.546769220037498121e-07 5.905419797676520616e-03 6.170241148215111001e-07 3.360716028290686942e-09
4.546769220037498121e-07 5.905419797676520616e-03 6.170241148215111001e-07 3.360716028290686942e-09
4.546769220037498121e-07 5.905419797676520616e-03 6.170241148215111001e-07 3.360716028290686942e-09
4.546769220037498121e-07 5.905419797676520616e-03 6.170241148215111001e-07 3.360716028290686942e-09
4.546769220037498121e-07 5.905419797676520616e-03 6.170241148215111001e-07 3.360716028290686942e-09
-2.504882522794070370e-06 5.709760906699482344e-03 -2.643064167856977941e-07 -6.208043894028650822e-08
3.220619523112649360e-06 5.716776552756243357e-03 2.591012939544290116e-07 2.590575069741412631e-08
-5.043039567132290343e-06 5.759679838120100419e-03 -5.070718366610194198e-07 -8.069510251916146373e-09
-4.263781782164529089e-07 5.741481758408341005e-03 -8.355593393240753185e-07 -2.077622183410763595e-08
-3.668716321268955341e-07 5.818672280836280873e-03 1.400325200587101033e-07 -6.447194526966677472e-09
-3.668716321268955341e-07 5.818672280836280873e-03 1.400325200587101033e-07 -6.447194526966677472e-09
-3.668716321268955341e-07 5.818672280836280873e-03 1.400325200587101033e-07 -6.447194526966677472e-09
-3.668716321268955341e-07 5.818672280836280873e-03 1.400325200587101033e-07 -6.447194526966677472e-09
