1.000000000000000000e+00 1.000000000000000000e+00
1.074999999999999734e+00 1.074999999999999734e+00
1.012499999999999734e+00 1.187500000000000000e+00
1.131249999999999201e+00 1.293749999999999734e+00
1.065624999999998934e+00 1.571875000000000355e+00
1.270312499999997513e+00 1.923437500000000355e+00
1.241406249999996270e+00 2.655468750000001599e+00
1.636328124999992806e+00 3.724609375000001776e+00
1.775976562499988809e+00 5.723242187500003908e+00
2.635644531249980105e+00 8.860839843750005329e+00
3.344775390624968203e+00 1.442690429687501208e+01
3.344775390624968203e+00 1.442690429687501208e+01
3.344775390624968203e+00 1.442690429687501208e+01
3.344775390624968203e+00 1.442690429687501208e+01
3.739697265624964739e+00 1.549604492187501137e+01
3.710791015624963496e+00 1.622807617187501350e+01
3.535009765624966160e+00 1.514448242187501137e+01
3.535009765624966160e+00 1.514448242187501137e+01
3.535009765624966160e+00 1.514448242187501137e+01
3.568115234374964917e+00 1.568989257812501137e+01
3.568115234374964917e+00 1.568989257812501137e+01
3.558789062499966072e+00 1.523417968750000995e+01
3.558789062499966072e+00 1.523417968750000995e+01
3.556225585937465183e+00 1.564504394531251208e+01
3.556225585937465183e+00 1.564504394531251208e+01
3.556225585937465183e+00 1.564504394531251208e+01
3.556225585937465183e+00 1.564504394531251208e+01
3.556225585937465183e+00 1.564504394531251208e+01
3.556225585937465183e+00 1.564504394531251208e+01
3.566296768188442101e+00 1.534134941101075356e+01
3.566296768188442101e+00 1.534134941101075356e+01
3.566296768188442101e+00 1.534134941101075356e+01
3.555293512344325890e+00 1.563824267387391487e+01
3.558862745761836699e+00 1.554903668165208153e+01
3.558862745761836699e+00 1.554903668165208153e+01
3.558862745761836699e+00 1.554903668165208153e+01
3.561873581260408095e+00 1.546557858064771906e+01
3.561873581260408095e+00 1.546557858064771906e+01
3.559380744257907292e+00 1.553386727864855388e+01
3.559380744257907292e+00 1.553386727864855388e+01
3.559380744257907292e+00 1.553386727864855388e+01
3.559380744257907292e+00 1.553386727864855388e+01
3.558039230237739048e+00 1.556991275011533915e+01
3.558039230237739048e+00 1.556991275011533915e+01
3.558802811452699277e+00 1.554928215485434961e+01
3.557461297432530589e+00 1.558532762632113489e+01
3.557461297432530589e+00 1.558532762632113489e+01
3.557461297432530589e+00 1.558532762632113489e+01
3.557980180695602623e+00 1.557141761402989033e+01
3.557980180695602623e+00 1.557141761402989033e+01
3.557980180695602623e+00 1.557141761402989033e+01
3.557980180695602623e+00 1.557141761402989033e+01
3.557689593519211435e+00 1.557921272651885580e+01
3.557689593519211435e+00 1.557921272651885580e+01
3.557437064405232885e+00 1.558598486570336661e+01
3.557437064405232885e+00 1.558598486570336661e+01
3.557604409617072250e+00 1.558149653538693258e+01
3.557605165265182112e+00 1.558147671353200181e+01
3.557520925923180144e+00 1.558373574508141601e+01
3.557583727605626578e+00 1.558205138234682074e+01
3.557446649762845858e+00 1.558572726407835063e+01
3.557518057303708403e+00 1.558381253414700041e+01
3.557518057303708403e+00 1.558381253414700041e+01
3.557518057303708403e+00 1.558381253414700041e+01
3.557487533659450030e+00 1.558463103122557136e+01
3.557487533659450030e+00 1.558463103122557136e+01
3.557507905968654960e+00 1.558408475357968825e+01
3.557507905968654960e+00 1.558408475357968825e+01
3.557518079065925765e+00 1.558381195952809151e+01
3.557518079065925765e+00 1.558381195952809151e+01
3.557518079065925765e+00 1.558381195952809151e+01
3.557518079065925765e+00 1.558381195952809151e+01
3.557518079065925765e+00 1.558381195952809151e+01
3.557518079065925765e+00 1.558381195952809151e+01
3.557518079065925765e+00 1.558381195952809151e+01
3.557518079065925765e+00 1.558381195952809151e+01
3.557520611011436795e+00 1.558374406422715808e+01
3.557520611011436795e+00 1.558374406422715808e+01
