1.000000000000000000e+00 5.000000000000000278e-02
1.074999999999999734e+00 4.500000000000001221e-02
1.187500000000000000e+00 4.250000000000000999e-02
1.293749999999999734e+00 3.125000000000002776e-02
1.571875000000000355e+00 2.062500000000003220e-02
1.571875000000000355e+00 2.062500000000003220e-02
1.571875000000000355e+00 2.062500000000003220e-02
1.687500000000000888e+00 2.250000000000001998e-02
1.687500000000000888e+00 2.250000000000001998e-02
1.952734375000002132e+00 1.382812500000002442e-02
2.040039062500003553e+00 2.605468749999999278e-02
2.040039062500003553e+00 2.605468749999999278e-02
2.612500000000007816e+00 3.749999999999993616e-02
2.612500000000007816e+00 3.749999999999993616e-02
2.612500000000007816e+00 3.749999999999993616e-02
2.612500000000007816e+00 3.749999999999993616e-02
2.612500000000007816e+00 3.749999999999993616e-02
2.612500000000007816e+00 3.749999999999993616e-02
2.612500000000007816e+00 3.749999999999993616e-02
2.528720855712897730e+00 3.829513549804680617e-02
2.528916358947761012e+00 3.680126190185539770e-02
2.570659303665168594e+00 3.752409934997551905e-02
2.570659303665168594e+00 3.752409934997551905e-02
2.570659303665168594e+00 3.752409934997551905e-02
2.554286261647947143e+00 3.775526002049439667e-02
2.556968509405859180e+00 3.724023476243013692e-02
2.563143344596035877e+00 3.751092337071888771e-02
2.563143344596035877e+00 3.751092337071888771e-02
2.558562864433050255e+00 3.738920310977840444e-02
2.559012099419494923e+00 3.750774139189155115e-02
2.559012099419494923e+00 3.750774139189155115e-02
2.559275810386687500e+00 3.744146135555632277e-02
2.559275810386687500e+00 3.744146135555632277e-02
2.559338673326950087e+00 3.748352343289745869e-02
2.558559799631514142e+00 3.744783519620334400e-02
2.559112523432959918e+00 3.745357033505336553e-02
2.559087417429593447e+00 3.746711309926290673e-02
2.559087417429593447e+00 3.746711309926290673e-02
2.559035587331726980e+00 3.745708555651259403e-02
2.559035587331726980e+00 3.745708555651259403e-02
2.559035587331726980e+00 3.745708555651259403e-02
