8.901038970714328924e-01 -1.641985524211155567e-01 2.114929723467424624e-02 -2.196604956152957595e-03 1.951526268717637311e-04 -1.531923754985038927e-05 1.084583280377629815e-06 -7.024671766629445929e-08 4.205910086786024672e-09 -2.346623973956302002e-10 1.231366059132299069e-11 -1.219536621595474992e-12 1.120046471676970964e-11 -2.158064161701412047e-10 4.406920541972283797e-09 -9.480153136783486714e-08 2.141783555382047154e-06 -5.068298155024055494e-05 1.253318899271396508e-03 -3.232032640755187758e-02
-1.641985524211147796e-01 9.902075794979496581e-02 -2.142781635374390800e-02 3.108324660556018287e-03 -3.530230875125765018e-04 3.362722020490125122e-05 -2.791384737186122020e-06 2.068735979069069773e-07 -1.391775006963612609e-08 8.603344268570760306e-10 -4.932255728073647277e-11 2.747002728653108542e-12 -2.095230808842454732e-12 3.829026758456445152e-11 -7.883057963622334208e-10 1.707804745307408294e-08 -3.881812131613480556e-07 9.234500874681457328e-06 -2.294164943926025680e-04 5.940439588356135128e-03
2.114929723467413175e-02 -2.142781635374390106e-02 9.896289107352265052e-03 -2.245309566009971985e-03 3.474066592168353895e-04 -4.181592820415179674e-05 4.185338014823712030e-06 -3.622723559218689372e-07 2.781761810893128120e-08 -1.928808160787581154e-09 1.223462866887119070e-10 -7.182944671273086010e-12 6.322883461792506115e-13 -4.767278438053100057e-12 9.854031292487675844e-11 -2.149441968824118361e-09 4.914560166280421165e-08 -1.175155409744083628e-06 2.932697504731719899e-05 -7.624253566178524960e-04
-2.196604956152959764e-03 3.108324660556032598e-03 -2.245309566009980658e-03 8.983603460365394405e-04 -2.058559281843398670e-04 3.302199284934896715e-05 -4.131041687621125922e-06 4.284756337597430491e-07 -3.827821088140407632e-08 3.021533871130688566e-09 -2.145961976045137338e-10 1.389976471758900863e-11 -8.532634662633453586e-13 5.211469222391427337e-13 -9.942636447276600024e-12 2.182725827158082818e-10 -5.019381711369514196e-09 1.206241860710961820e-07 -3.023555874661068100e-06 7.891182172397702020e-05
1.951526268717657369e-04 -3.530230875125783992e-04 3.474066592168370158e-04 -2.058559281843398670e-04 7.457996412260949873e-05 -1.697255689468047879e-05 2.774904584960116933e-06 -3.560435796419696224e-07 3.788428106326506010e-08 -3.465802371603831425e-09 2.794983952341343013e-10 -2.023162038587739920e-11 1.334449862151123203e-12 -1.214077480282613761e-13 8.629128870561822163e-13 -1.897101768074846294e-11 4.386937147058352566e-10 -1.059407772984842071e-08 2.666926796399039488e-07 -6.986964890931072686e-06
-1.531923754985036555e-05 3.362722020490129866e-05 -4.181592820415191872e-05 3.302199284934894004e-05 -1.697255689468048218e-05 5.688100458974969207e-06 -1.274319712215328222e-06 2.099819329951946256e-07 -2.737145086516001338e-08 2.964886246867942782e-09 -2.760507823289820775e-10 2.262992741786168619e-11 -1.662763857326074008e-12 1.140485321426551226e-13 -7.234078008546918769e-14 1.458021499596257443e-12 -3.389111276290541639e-11 8.223394216637336744e-10 -2.078824437520356947e-08 5.466501684612105667e-07
1.084583280376646198e-06 -2.791384737185942449e-06 4.185338014823682384e-06 -4.131041687621103052e-06 2.774904584960113968e-06 -1.274319712215327163e-06 3.998412279046843023e-07 -8.773430002560188814e-08 1.445781475326521854e-08 -1.900980276168306040e-09 2.083654413240398609e-10 -1.964589645250573616e-11 1.630353964074193853e-12 -1.213638934085364715e-13 1.268647658993325846e-14 -1.015710337669640449e-13 2.362351635166351495e-12 -5.758598733400606579e-11 1.461700325249071246e-09 -3.857681734352159667e-08
-7.024671765480031484e-08 2.068735979050810919e-07 -3.622723559216595083e-07 4.284756337597191204e-07 -3.560435796419661283e-07 2.099819329951936992e-07 -8.773430002560164991e-08 2.596700193497992868e-08 -5.562862542158668535e-09 9.116275421391761103e-10 -1.202410386425230175e-10 1.327193517380353306e-11 -1.261980491211115646e-12 1.056591404313472795e-13 -8.201929375817922200e-15 6.951870453519763070e-15 -1.507257389682536582e-13 3.690038350217213421e-12 -9.403827629292904942e-11 2.490649175007458711e-09
4.205909932417676365e-09 -1.391775004437868886e-08 2.781761810602785740e-08 -3.827821088113279417e-08 3.788428106324304386e-08 -2.737145086515834248e-08 1.445781475326508785e-08 -5.562862542158672671e-09 1.560879378569387842e-09 -3.257913562944535516e-10 5.287070970260262689e-11 -6.964818646233544386e-12 7.710778160822662235e-13 -7.368626568787596494e-14 6.220688012703263895e-15 -8.441000012563489000e-16 8.921273484092477132e-15 -2.186383124850514020e-13 5.593554885722994027e-12 -1.486621299597062831e-10
-2.346601306918970373e-10 8.603340465996329837e-10 -1.928808116076299351e-09 3.021533866876487095e-09 -3.465802371256435420e-09 2.964886246842796905e-09 -1.900980276166663260e-09 9.116275421390813981e-10 -3.257913562944486402e-10 8.696919943995822075e-11 -1.766098528541843792e-11 2.829056554193188240e-12 -3.709022428589801662e-13 4.105019848180204369e-14 -3.931705145301444489e-15 3.526043498854056337e-16 -5.139259678485655739e-16 1.207604365733143958e-14 -3.100848996137197087e-13 8.269197659251304092e-12
1.227765395561174166e-11 -4.931640090345896951e-11 1.223455497615801288e-10 -2.145961262966226900e-10 2.794983893180313888e-10 -2.760507818943380601e-10 2.083654412951804341e-10 -1.202410386407673008e-10 5.287070970250375942e-11 -1.766098528541324865e-11 4.497067204245981840e-12 -8.876168311480936071e-13 1.399912178864775263e-13 -1.821294825746102413e-14 2.009534782214600442e-15 -1.933789449397954583e-16 4.147310325963056532e-17 -6.266922441493277242e-16 1.612255584806388663e-14 -4.313720462530528018e-13
-6.055128723203151401e-13 2.640438450685178500e-12 -7.170006303078707215e-12 1.389849567950306475e-11 -2.023151372809845845e-11 2.262991948428813308e-11 -1.964589591942733894e-11 1.327193514098642988e-11 -6.964818644363292252e-12 2.829056554093731080e-12 -8.876168311431394091e-13 2.160209441132663947e-13 -4.141204724140180050e-14 6.417566255390033890e-15 -8.265375582003230644e-16 9.074474386668027366e-17 -9.882691116710453643e-18 3.127774860287608384e-17 -7.903235423392271348e-16 2.121292407674991755e-14
2.826943259047022288e-14 -1.328150355648523275e-13 3.912587355471378162e-13 -8.293590502359765635e-13 1.332419266360852453e-12 -1.662611257362503841e-12 1.630343608611188028e-12 -1.261979847604460869e-12 7.710777790636901651e-13 -3.709022408727852198e-13 1.399912177864412545e-13 -4.141204723665834201e-14 9.647994523524337056e-15 -1.795450525230127609e-15 2.729434729558915126e-16 -3.473129476966378951e-17 3.838458376527170899e-18 -1.771855476526681429e-18 3.670448014766542879e-17 -9.875581981336345232e-16
-1.253893077649759116e-15 6.306448137355353373e-15 -2.000532931465586153e-14 4.597070089697159647e-14 -8.068228597384461157e-14 1.109615514768271947e-13 -1.211526593314622382e-13 1.056459057189789696e-13 -7.368549849649031269e-14 4.105015700627958779e-14 -1.821294615311722505e-14 6.417566154674004586e-15 -1.795450520672779552e-15 4.009384088641115438e-16 -7.240179375142803600e-17 1.078259769855255237e-17 -1.355527579774104549e-18 2.080448450079079856e-19 -1.630939012729825271e-18 4.368277783877269282e-17
5.300198296944881866e-17 -2.838126827626441693e-16 9.633957390354871974e-16 -2.382536010360439014e-15 4.529639097070354544e-15 -6.798449706181743528e-15 8.169687104647707501e-15 -7.916979872949672743e-15 6.204059306697248641e-15 -3.930800318065009235e-15 2.009488583387975459e-15 -8.265353334563735153e-16 2.729433714815643385e-16 -7.240178935985457454e-17 1.551336478202215762e-17 -2.717604343393858032e-18 3.961459171047628723e-19 -5.154075005845978378e-20 7.318740289381731068e-20 -1.841891094135996674e-18
-2.140777384401585598e-18 1.214704763354420043e-17 -4.388492674408680520e-17 1.160834347538262443e-16 -2.373762583181815408e-16 3.856267537620874784e-16 -5.051874406954441924e-16 5.380423891551045553e-16 -4.676448781723302260e-16 3.320047325560048909e-16 -1.923213989465667894e-16 9.069354482285989406e-17 -3.472894733144889526e-17 1.078249540397429094e-17 -2.717600100730768037e-18 5.592192878089575661e-19 -9.501520205766622884e-20 1.364072063529625394e-20 -4.374698536454777030e-21 7.434915350951540655e-20
8.281592448549955972e-20 -4.958825516952405942e-19 1.897880457637377461e-18 -5.341255084857986217e-18 1.167692190067093802e-17 -2.039072727282842958e-17 2.888978911660904243e-17 -3.350586085331889086e-17 3.195873666055119390e-17 -2.511524511077342740e-17 1.625836823302309259e-17 -8.656269985856039753e-18 3.781971765868067979e-18 -1.353055106503401649e-18 3.960427524367629086e-19 -9.501109411679553749e-20 1.879085596565251914e-20 -3.099789642449743851e-21 5.357688052989657997e-22 -2.912814775598438211e-21
-3.074794431164046500e-21 1.935835541868997994e-20 -7.816872560850740621e-20 2.329868078335485105e-19 -5.417201633159802455e-19 1.010845452728813897e-18 -1.538473962913609016e-18 1.928064299274712221e-18 -2.000369574925923291e-18 1.722549130746276783e-18 -1.231844835752224695e-18 7.309675674706734669e-19 -3.592845116458362013e-19 1.459729153211604378e-19 -4.894085409245004864e-20 1.353664519072716064e-20 -3.095804354422944216e-21 5.889674509082665680e-22 -9.787951734473826861e-23 1.185293215183823800e-22
1.097681690429961071e-22 -7.242975608009529982e-22 3.074650803022302266e-21 -9.666534117309032402e-21 2.379626249775425460e-20 -4.720702159879676882e-20 7.673500120706031891e-20 -1.032344591301789204e-19 1.156330710544901570e-19 -1.081818695863849523e-19 8.464096730878533239e-20 -5.537063746910611506e-20 3.025073634210213341e-20 -1.377797181160863771e-20 5.221976737321732808e-21 -1.644946470200988097e-21 4.307489374798836311e-22 -9.400651354949302855e-23 1.731230438023444037e-23 -6.364272968409240112e-24
-3.769705078257699365e-24 2.599219410668613576e-23 -1.156110309388974532e-22 3.819872237135986798e-22 -9.914877685905383468e-22 2.081407104704202025e-21 -3.594597469113115083e-21 5.160654066280437246e-21 -6.198753495790605876e-21 6.252558360201153976e-21 -5.305615451855852025e-21 3.788699326672458295e-21 -2.275179904335681840e-21 1.147346948256175133e-21 -4.850103637015850445e-22 1.715680552298072914e-22 -5.072911996878707551e-23 1.253688780805553646e-23 -2.594567890151540380e-24 5.653591444002719039e-25
