1.000000000000000000e+00 5.000000000000000278e-02
1.074999999999999734e+00 4.500000000000001221e-02
1.187500000000000000e+00 4.250000000000000999e-02
1.293749999999999734e+00 3.125000000000002776e-02
1.571875000000000355e+00 2.062500000000003220e-02
1.923437500000000355e+00 -7.187499999999930056e-03
1.923437500000000355e+00 -7.187499999999930056e-03
1.923437500000000355e+00 -7.187499999999930056e-03
1.854736328125000444e+00 3.808593750000578010e-04
1.854736328125000444e+00 3.808593750000578010e-04
1.854736328125000444e+00 3.808593750000578010e-04
1.858592987060547319e+00 -2.090911865234311700e-03
1.871824455261230868e+00 -2.468223571777280762e-03
1.870444917678833585e+00 -3.609781265258723247e-03
1.864863836765289662e+00 -2.564957141876157178e-03
1.864863836765289662e+00 -2.564957141876157178e-03
1.867309492826462414e+00 -3.372758626937800725e-03
1.867309492826462414e+00 -3.372758626937800725e-03
1.866106253489852485e+00 -2.775675579905445729e-03
1.866367885936052406e+00 -3.311310950666601464e-03
1.866773281269707319e+00 -3.208125946111911944e-03
1.866773281269707319e+00 -3.208125946111911944e-03
1.866773281269707319e+00 -3.208125946111911944e-03
1.866739182259698815e+00 -3.386181910973326548e-03
1.866667091107502285e+00 -3.315137930530844337e-03
1.866667091107502285e+00 -3.315137930530844337e-03
1.866694611931098535e+00 -3.395173911967439093e-03
1.866694611931098535e+00 -3.395173911967439093e-03
