-8.726806499551287288e-02 2.469054252352584911e-01 -7.138481594557499754e-02 6.599834899892673690e-01
-9.054061743284458341e-02 2.561643786815805957e-01 -7.406174654353409048e-02 5.939851409903404988e-01
-9.054061743284458341e-02 2.561643786815805957e-01 -7.406174654353409048e-02 5.939851409903404988e-01
-9.054061743284458341e-02 2.561643786815805957e-01 -7.406174654353409048e-02 5.939851409903404988e-01
-8.815438128062350054e-02 2.486414790064437330e-01 -7.523290368014118323e-02 5.486112760535784005e-01
-9.754592499400777106e-02 2.499435193348326090e-01 -7.811896948106583638e-02 4.650821156018116742e-01
-9.754592499400777106e-02 2.499435193348326090e-01 -7.811896948106583638e-02 4.650821156018116742e-01
-9.133958043023998608e-02 2.672256935084038609e-01 -8.504657307929977539e-02 3.463624292189764198e-01
-9.684763133428403448e-02 2.585469316435973219e-01 -8.659286648622632754e-02 1.936445698899169621e-01
-9.684763133428403448e-02 2.585469316435973219e-01 -8.659286648622632754e-02 1.936445698899169621e-01
-1.033445986883543832e-01 2.604112680339419894e-01 -1.033988951493288178e-01 -6.414133978942415659e-02
-1.033445986883543832e-01 2.604112680339419894e-01 -1.033988951493288178e-01 -6.414133978942415659e-02
-1.033445986883543832e-01 2.604112680339419894e-01 -1.033988951493288178e-01 -6.414133978942415659e-02
-1.033445986883543832e-01 2.604112680339419894e-01 -1.033988951493288178e-01 -6.414133978942415659e-02
-1.033445986883543832e-01 2.604112680339419894e-01 -1.033988951493288178e-01 -6.414133978942415659e-02
-1.033445986883543832e-01 2.604112680339419894e-01 -1.033988951493288178e-01 -6.414133978942415659e-02
-1.028492974910994728e-01 2.662691868783222948e-01 -9.858994400234766253e-02 -4.685905447247462607e-02
-1.013737479715282885e-01 2.667507347506179460e-01 -9.567521900573354443e-02 2.920280138430356165e-02
-1.007309661520628813e-01 2.648394608013835971e-01 -9.628244638401360633e-02 1.688808376630059407e-02
-1.007309661520628813e-01 2.648394608013835971e-01 -9.628244638401360633e-02 1.688808376630059407e-02
-1.007309661520628813e-01 2.648394608013835971e-01 -9.628244638401360633e-02 1.688808376630059407e-02
-1.007309661520628813e-01 2.648394608013835971e-01 -9.628244638401360633e-02 1.688808376630059407e-02
-1.009469824165142998e-01 2.680254051512043212e-01 -9.779484359497439550e-02 -1.630484642749213328e-02
-1.015494092469123588e-01 2.658219801407586402e-01 -9.685401170777183100e-02 9.052986203343025423e-03
-1.015494092469123588e-01 2.658219801407586402e-01 -9.685401170777183100e-02 9.052986203343025423e-03
-1.017399326368604029e-01 2.655718304295222598e-01 -9.729614958479312903e-02 -5.883412806335341569e-03
-1.017399326368604029e-01 2.655718304295222598e-01 -9.729614958479312903e-02 -5.883412806335341569e-03
-1.011047665122944694e-01 2.671178017735732491e-01 -9.721079100155931296e-02 -5.325771774595302807e-03
-1.011047665122944694e-01 2.671178017735732491e-01 -9.721079100155931296e-02 -5.325771774595302807e-03
-1.014945748849926388e-01 2.657866317801721445e-01 -9.709443052679754549e-02 3.124735510060192879e-03
-1.014945748849926388e-01 2.657866317801721445e-01 -9.709443052679754549e-02 3.124735510060192879e-03
-1.014945748849926388e-01 2.657866317801721445e-01 -9.709443052679754549e-02 3.124735510060192879e-03
-1.014945748849926388e-01 2.657866317801721445e-01 -9.709443052679754549e-02 3.124735510060192879e-03
-1.014680923877462754e-01 2.660311662707818825e-01 -9.708810801991438200e-02 -2.245760414670155275e-03
-1.011959250598947896e-01 2.666683225049584216e-01 -9.703009335559185933e-02 -1.581938478809492453e-03
-1.011959250598947896e-01 2.666683225049584216e-01 -9.703009335559185933e-02 -1.581938478809492453e-03
-1.012317487907019031e-01 2.665731471170096345e-01 -9.677975351334286436e-02 1.400782119636337451e-03
-1.014187494274204071e-01 2.661180891517795910e-01 -9.704816828232588899e-02 9.268096822511687639e-04
-1.014187494274204071e-01 2.661180891517795910e-01 -9.704816828232588899e-02 9.268096822511687639e-04
-1.014187494274204071e-01 2.661180891517795910e-01 -9.704816828232588899e-02 9.268096822511687639e-04
-1.012472552221422017e-01 2.664676366415478226e-01 -9.697761468566226672e-02 -3.604880762355929338e-04
-1.012472552221422017e-01 2.664676366415478226e-01 -9.697761468566226672e-02 -3.604880762355929338e-04
-1.012921814446261642e-01 2.664390341137701790e-01 -9.689410852671023755e-02 6.081770383232101666e-04
-1.012921814446261642e-01 2.664390341137701790e-01 -9.689410852671023755e-02 6.081770383232101666e-04
-1.012921814446261642e-01 2.664390341137701790e-01 -9.689410852671023755e-02 6.081770383232101666e-04
-1.012921814446261642e-01 2.664390341137701790e-01 -9.689410852671023755e-02 6.081770383232101666e-04
-1.012544814856548014e-01 2.664884046899288483e-01 -9.694503505005858113e-02 3.579793105884911467e-05
-1.012544814856548014e-01 2.664884046899288483e-01 -9.694503505005858113e-02 3.579793105884911467e-05
-1.012544814856548014e-01 2.664884046899288483e-01 -9.694503505005858113e-02 3.579793105884911467e-05
-1.012761533463500119e-01 2.665362422407426823e-01 -9.692477634922898322e-02 -4.007215690955317274e-05
-1.012919288376005755e-01 2.664646230764552426e-01 -9.691855473594163106e-02 3.436910523431450362e-04
-1.012919288376005755e-01 2.664646230764552426e-01 -9.691855473594163106e-02 3.436910523431450362e-04
-1.012232068662298340e-01 2.665312226838031373e-01 -9.690364524703153071e-02 4.607492601648225088e-06
-1.012558114341691184e-01 2.665347438251994827e-01 -9.688404795021179905e-02 3.108458687788809988e-04
-1.012558114341691184e-01 2.665347438251994827e-01 -9.688404795021179905e-02 3.108458687788809988e-04
-1.012558114341691184e-01 2.665347438251994827e-01 -9.688404795021179905e-02 3.108458687788809988e-04
-1.012558114341691184e-01 2.665347438251994827e-01 -9.688404795021179905e-02 3.108458687788809988e-04
-1.013002333716945952e-01 2.665325708693194739e-01 -9.689091046951421593e-02 1.998339186637929955e-04
-1.012867906843595567e-01 2.665548858768447271e-01 -9.684495477124072105e-02 1.526910879278034310e-04
-1.012867906843595567e-01 2.665548858768447271e-01 -9.684495477124072105e-02 1.526910879278034310e-04
-1.012867906843595567e-01 2.665548858768447271e-01 -9.684495477124072105e-02 1.526910879278034310e-04
-1.012867906843595567e-01 2.665548858768447271e-01 -9.684495477124072105e-02 1.526910879278034310e-04
-1.012177752848112677e-01 2.666280384936726700e-01 -9.679342965538104138e-02 1.127049749488931397e-04
-1.012742856276687420e-01 2.666437523022819889e-01 -9.674984167990013928e-02 2.736519849771729303e-04
-1.012742856276687420e-01 2.666437523022819889e-01 -9.674984167990013928e-02 2.736519849771729303e-04
-1.012094057583990958e-01 2.666908072172448074e-01 -9.665971048664578902e-02 2.205192981889691432e-04
-1.011641856114031679e-01 2.668300810435240145e-01 -9.653518908292024747e-02 1.402122339012387827e-04
-1.011641856114031679e-01 2.668300810435240145e-01 -9.653518908292024747e-02 1.402122339012387827e-04
-1.011069183751266143e-01 2.669503991406643184e-01 -9.635156010304141150e-02 6.498720904529002845e-04
-1.009972669522838373e-01 2.671406244310574607e-01 -9.608079825114757000e-02 3.592324427268678809e-04
-1.009972669522838373e-01 2.671406244310574607e-01 -9.608079825114757000e-02 3.592324427268678809e-04
-1.007430418730292931e-01 2.675230330627003106e-01 -9.568232814603033765e-02 8.056605484809935139e-04
-1.007430418730292931e-01 2.675230330627003106e-01 -9.568232814603033765e-02 8.056605484809935139e-04
-1.004654349594213403e-01 2.681266161343401899e-01 -9.487838899545930627e-02 6.591475355478397004e-04
-1.004654349594213403e-01 2.681266161343401899e-01 -9.487838899545930627e-02 6.591475355478397004e-04
-1.004654349594213403e-01 2.681266161343401899e-01 -9.487838899545930627e-02 6.591475355478397004e-04
-9.984023424500365618e-02 2.689974948907647434e-01 -9.389071377797569840e-02 8.387850834780138758e-04
-9.924431773251674027e-02 2.701640237638620601e-01 -9.233114284715654430e-02 1.239842884156199107e-03
-9.924431773251674027e-02 2.701640237638620601e-01 -9.233114284715654430e-02 1.239842884156199107e-03
-9.879840023413721806e-02 2.709205692811287314e-01 -9.144137217346204327e-02 1.728615859815187984e-04
-9.706110683056734523e-02 2.737035464120257666e-01 -8.808381920161689749e-02 1.185672254424229109e-03
-9.706110683056734523e-02 2.737035464120257666e-01 -8.808381920161689749e-02 1.185672254424229109e-03
-9.552214160000982446e-02 2.763655748084759001e-01 -8.463512688042201804e-02 5.274929885227758533e-04
-9.312124094404095054e-02 2.804092578412510361e-01 -7.978263079396402668e-02 -3.121881073597306162e-04
-8.975520647322776657e-02 2.860126832268095054e-01 -7.281811610672955792e-02 1.457987218983692723e-03
-8.975520647322776657e-02 2.860126832268095054e-01 -7.281811610672955792e-02 1.457987218983692723e-03
-8.240047413422779687e-02 2.983726549488092683e-01 -5.742947400447617756e-02 -7.972413400305668196e-04
-7.563715399600628997e-02 3.095539082611590276e-01 -4.392261898990656999e-02 -4.744335546426670970e-04
-7.563715399600628997e-02 3.095539082611590276e-01 -4.392261898990656999e-02 -4.744335546426670970e-04
-6.219122515065614309e-02 3.323816353186102024e-01 -1.548573015421955690e-02 -2.477147576645850500e-04
-6.219122515065614309e-02 3.323816353186102024e-01 -1.548573015421955690e-02 -2.477147576645850500e-04
-5.363658080718136656e-02 3.464306543253977688e-01 1.612942845246587154e-03 -2.090985897092213514e-04
-5.363658080718136656e-02 3.464306543253977688e-01 1.612942845246587154e-03 -2.090985897092213514e-04
-5.363658080718136656e-02 3.464306543253977688e-01 1.612942845246587154e-03 -2.090985897092213514e-04
-5.363658080718136656e-02 3.464306543253977688e-01 1.612942845246587154e-03 -2.090985897092213514e-04
-5.363658080718136656e-02 3.464306543253977688e-01 1.612942845246587154e-03 -2.090985897092213514e-04
-5.363658080718136656e-02 3.464306543253977688e-01 1.612942845246587154e-03 -2.090985897092213514e-04
-5.363658080718136656e-02 3.464306543253977688e-01 1.612942845246587154e-03 -2.090985897092213514e-04
-5.363658080718136656e-02 3.464306543253977688e-01 1.612942845246587154e-03 -2.090985897092213514e-04
-5.363658080718136656e-02 3.464306543253977688e-01 1.612942845246587154e-03 -2.090985897092213514e-04
-5.363658080718136656e-02 3.464306543253977688e-01 1.612942845246587154e-03 -2.090985897092213514e-04
-5.363658080718136656e-02 3.464306543253977688e-01 1.612942845246587154e-03 -2.090985897092213514e-04
-5.454212514214654139e-02 3.449841566428698547e-01 -5.558940363771275751e-05 2.228310587097616293e-04
-5.454212514214654139e-02 3.449841566428698547e-01 -5.558940363771275751e-05 2.228310587097616293e-04
-5.454212514214654139e-02 3.449841566428698547e-01 -5.558940363771275751e-05 2.228310587097616293e-04
-5.549119028075596288e-02 3.433582580693380626e-01 -2.059648972262431450e-03 7.237654052022376690e-05
-5.412186189366556544e-02 3.456314416607114692e-01 6.755649799182775151e-04 -1.581236804658447807e-05
-5.412186189366556544e-02 3.456314416607114692e-01 6.755649799182775151e-04 -1.581236804658447807e-05
-5.412186189366556544e-02 3.456314416607114692e-01 6.755649799182775151e-04 -1.581236804658447807e-05
-5.465975810207184676e-02 3.447770054255549499e-01 -3.199863372112344900e-04 1.046153095475697468e-04
-5.465975810207184676e-02 3.447770054255549499e-01 -3.199863372112344900e-04 1.046153095475697468e-04
-5.465975810207184676e-02 3.447770054255549499e-01 -3.199863372112344900e-04 1.046153095475697468e-04
-5.487819854087481325e-02 3.443844236983898410e-01 -8.103915041043595335e-04 5.662792702184899217e-05
-5.487819854087481325e-02 3.443844236983898410e-01 -8.103915041043595335e-04 5.662792702184899217e-05
-5.442016528522873597e-02 3.451517692718672481e-01 1.108836018622329190e-04 8.765825592328844106e-06
-5.458237294247154925e-02 3.448993369956251387e-01 -1.759016046004778728e-04 8.758422005850750535e-06
-5.458237294247154925e-02 3.448993369956251387e-01 -1.759016046004778728e-04 8.758422005850750535e-06
-5.461363496630296244e-02 3.448426300845025549e-01 -2.461509948606348925e-04 7.322993404771578640e-05
-5.450645174364034118e-02 3.450085145102573803e-01 -4.712161431167326536e-05 6.503579336917744572e-05
-5.470442738764286217e-02 3.446799932069765093e-01 -4.499820785409989294e-04 4.778771038780859753e-05
-5.470442738764286217e-02 3.446799932069765093e-01 -4.499820785409989294e-04 4.778771038780859753e-05
-5.458311867376174076e-02 3.448916474712301339e-01 -1.882892302154156455e-04 3.122769013757353802e-05
-5.458311867376174076e-02 3.448916474712301339e-01 -1.882892302154156455e-04 3.122769013757353802e-05
-5.458311867376174076e-02 3.448916474712301339e-01 -1.882892302154156455e-04 3.122769013757353802e-05
-5.455983240805786783e-02 3.449243518182953938e-01 -1.537578024063362254e-04 3.817867676913670261e-05
-5.463849996812037563e-02 3.447925462553965703e-01 -3.119944393559495252e-04 4.650420512446526563e-05
-5.463849996812037563e-02 3.447925462553965703e-01 -3.119944393559495252e-04 4.650420512446526563e-05
-5.463849996812037563e-02 3.447925462553965703e-01 -3.119944393559495252e-04 4.650420512446526563e-05
-5.463849996812037563e-02 3.447925462553965703e-01 -3.119944393559495252e-04 4.650420512446526563e-05
-5.463849996812037563e-02 3.447925462553965703e-01 -3.119944393559495252e-04 4.650420512446526563e-05
-5.463849996812037563e-02 3.447925462553965703e-01 -3.119944393559495252e-04 4.650420512446526563e-05
-5.460847542997601667e-02 3.448458527897566017e-01 -2.466682591147278470e-04 4.005077722365184983e-05
-5.460847542997601667e-02 3.448458527897566017e-01 -2.466682591147278470e-04 4.005077722365184983e-05
