1.000000000000000000e+00 1.000000000000000000e+00
1.074999999999999734e+00 1.074999999999999734e+00
1.187500000000000000e+00 1.012499999999999734e+00
1.293749999999999734e+00 1.131249999999999201e+00
1.571875000000000355e+00 1.065624999999998934e+00
1.923437500000000355e+00 1.270312499999997513e+00
1.923437500000000355e+00 1.270312499999997513e+00
1.923437500000000355e+00 1.270312499999997513e+00
2.035937500000000622e+00 1.207812499999997513e+00
2.035937500000000622e+00 1.207812499999997513e+00
1.985937500000000355e+00 1.257812499999997335e+00
1.985937500000000355e+00 1.257812499999997335e+00
2.010937500000000711e+00 1.220312499999997469e+00
2.010937500000000711e+00 1.220312499999997469e+00
1.998437500000000533e+00 1.251562499999997469e+00
1.998437500000000533e+00 1.251562499999997469e+00
1.998437500000000533e+00 1.251562499999997469e+00
2.001562500000000799e+00 1.224999999999997424e+00
2.001562500000000799e+00 1.224999999999997424e+00
2.000000000000000888e+00 1.250781249999997513e+00
2.000000000000001332e+00 1.200781249999997691e+00
2.000000000000001332e+00 1.200781249999997691e+00
2.000000000000001332e+00 1.200781249999997691e+00
2.000000000000001332e+00 1.200781249999997691e+00
2.000000000000001332e+00 1.200781249999997691e+00
2.000000000000001332e+00 1.200781249999997691e+00
2.000000000000001332e+00 1.200781249999997691e+00
2.000000000000001332e+00 1.200781249999997691e+00
2.000000000000001332e+00 1.200781249999997691e+00
2.000000000000001332e+00 1.200781249999997691e+00
2.000000000000001332e+00 1.200781249999997691e+00
2.000000000000001332e+00 1.200781249999997691e+00
2.000000000000001332e+00 1.200781249999997691e+00
2.000000000000001332e+00 1.200781249999997691e+00
2.000000000000001332e+00 1.200781249999997691e+00
2.000000000000001332e+00 1.200781249999997691e+00
2.000000000000001332e+00 1.200781249999997691e+00
2.000000000000001332e+00 1.200781249999997691e+00
2.000000000000001332e+00 1.200781249999997691e+00
2.000000000000001332e+00 1.200781249999997691e+00
2.000000000000001332e+00 1.200781249999997691e+00
2.000000000000001332e+00 1.200781249999997691e+00
2.000000000000001332e+00 1.200781249999997691e+00
2.000000000000001332e+00 1.200781249999997691e+00
1.999999999906868720e+00 1.225781250046563686e+00
1.999999999930152317e+00 1.194531250034922110e+00
1.999999999959255925e+00 1.205468750020370239e+00
1.999999999959255925e+00 1.205468750020370239e+00
1.999999999950525131e+00 1.192187500024735725e+00
1.999999999950525131e+00 1.192187500024735725e+00
1.999999999952525753e+00 1.203564453148735502e+00
1.999999999952525753e+00 1.203564453148735502e+00
1.999999999952525753e+00 1.203564453148735502e+00
1.999999999952525753e+00 1.203564453148735502e+00
1.999999999952525753e+00 1.203564453148735502e+00
1.999999999954768626e+00 1.196428680442536141e+00
1.999999999954768626e+00 1.196428680442536141e+00
1.999999999952379426e+00 1.203016281151738420e+00
1.999999999952379426e+00 1.203016281151738420e+00
1.999999999952379426e+00 1.203016281151738420e+00
1.999999999952379426e+00 1.203016281151738420e+00
1.999999999952379426e+00 1.203016281151738420e+00
1.999999999952379426e+00 1.203016281151738420e+00
1.999999999953147034e+00 1.201081879087865900e+00
1.999999999953055330e+00 1.201220288430528305e+00
1.999999999953055330e+00 1.201220288430528305e+00
1.999999999953292917e+00 1.200667483243229139e+00
1.999999999953292917e+00 1.200667483243229139e+00
1.999999999953292917e+00 1.200667483243229139e+00
1.999999999953292917e+00 1.200667483243229139e+00
1.999999999953292917e+00 1.200667483243229139e+00
1.999999999953292917e+00 1.200667483243229139e+00
1.999999999953292917e+00 1.200667483243229139e+00
1.999999999953266938e+00 1.200723640116589497e+00
1.999999999953266938e+00 1.200723640116589497e+00
1.999999999953266938e+00 1.200723640116589497e+00
