6.331370999029372060e-01 -3.286688655665729319e-01 1.206436230904482099e-01 -3.615801220417022566e-02 9.385023286511556817e-03 -2.178768840330233113e-03 4.617387613611975607e-04 -9.059581093749595579e-05 1.662738399251102153e-05 -2.877156429992903859e-06 4.723068868181809458e-07 -7.392455838569612822e-08 1.107793771368224561e-08 -1.594953573676766681e-09 2.212813597046781623e-10 -2.965923907236445254e-11 3.849114197917342531e-12 -4.846138633513548449e-13 5.928347498071450918e-14 -6.962929570776688585e-15
-3.286688655665727654e-01 2.563016367353160296e-01 -1.255324321348026406e-01 4.704982710437577431e-02 -1.465878488054271796e-02 3.971109718344457279e-03 -9.619610593398341541e-04 2.123611422957051619e-04 -4.331027611255110752e-05 8.244380683575492521e-06 -1.476510166075851586e-06 2.503730497801708469e-07 -4.040764154015250180e-08 6.233530722849353883e-09 -9.225195580419896015e-10 1.313813693027682391e-10 -1.805388504442686123e-11 2.399371854857364461e-12 -3.089608023232207463e-13 3.805079110435704185e-14
1.206436230904481544e-01 -1.255324321348026129e-01 8.076551699252952632e-02 -3.807760781796094146e-02 1.438576915700884654e-02 -4.594408423934634271e-03 1.283962781933781216e-03 -3.215089353035818429e-04 7.337770075459385021e-05 -1.546016837172962523e-05 3.036884091551866195e-06 -5.605324176220619859e-07 9.783159149746989865e-08 -1.623032294031155108e-08 2.570626694631635902e-09 -3.901401041563083055e-10 5.691793376900336965e-11 -8.004153278556222978e-12 1.087272164258621835e-12 -1.406649034974252789e-13
-3.615801220417020484e-02 4.704982710437576737e-02 -3.807760781796094840e-02 2.234263616014883075e-02 -1.026200180773659092e-02 3.890426654257775341e-03 -1.264153127512776011e-03 3.617903431673071424e-04 -9.304596370033764419e-05 2.183384552305660142e-05 -4.730193443635700003e-06 9.549971886880007433e-07 -1.810406618801284840e-07 3.242577376549971875e-08 -5.515499333813263687e-09 8.948488073920183733e-10 -1.389945443376822573e-10 2.073559175374643418e-11 -2.978263267003387076e-12 4.055273008620677992e-13
9.385023286511551613e-03 -1.465878488054271622e-02 1.438576915700884307e-02 -1.026200180773658918e-02 5.687309508345886853e-03 -2.562520778192147863e-03 9.729611922479763789e-04 -3.202283456154299767e-04 9.339476003934266742e-05 -2.455570492705565344e-05 5.899840132887290018e-06 -1.309463793745074502e-06 2.708487475915544970e-07 -5.258644608002052113e-08 9.641433554866687524e-09 -1.677741291978636701e-09 2.782860103805132018e-10 -4.416120216083440208e-11 6.723199106925037094e-12 -9.653829013598466882e-13
-2.178768840330231812e-03 3.971109718344458146e-03 -4.594408423934635138e-03 3.890426654257775341e-03 -2.562520778192149164e-03 1.364592585248349975e-03 -6.057764313800173550e-04 2.301433469372046953e-04 -7.650090956047578142e-05 2.265851160801753925e-05 -6.069460181563578827e-06 1.488299428725503250e-06 -3.374214255434474923e-07 7.131318699164555665e-08 -1.414698224232402797e-08 2.649519158340354898e-09 -4.707779352033265833e-10 7.969621445016040588e-11 -1.289383469683359188e-11 1.956409007279365459e-12
4.617387613611973439e-04 -9.619610593398341541e-04 1.283962781933781433e-03 -1.264153127512776011e-03 9.729611922479763789e-04 -6.057764313800172466e-04 3.130575769857103438e-04 -1.373251438484761442e-04 5.217746442495830797e-05 -1.748205519732250513e-05 5.245108617845758375e-06 -1.427607283571817279e-06 3.563586094821145101e-07 -8.233024667879836259e-08 1.774055660089110591e-08 -3.588729150644180562e-09 6.853177899844973386e-10 -1.241319474936273797e-10 2.139980722528231041e-11 -3.438360491017611183e-12
-9.059581093749590158e-05 2.123611422957050806e-04 -3.215089353035817344e-04 3.617903431673070882e-04 -3.202283456154299225e-04 2.301433469372046140e-04 -1.373251438484761170e-04 6.931172195512063283e-05 -3.010565340871959429e-05 1.143701403514893563e-05 -3.856958446116109493e-06 1.169946678206031167e-06 -3.228851744243872946e-07 8.187720984038519744e-08 -1.923823192000132921e-08 4.218720940199286148e-09 -8.687439779350440904e-10 1.688871600921489670e-10 -3.111146413544468111e-11 5.304534938764833311e-12
1.662738399251101137e-05 -4.331027611255108719e-05 7.337770075459383666e-05 -9.304596370033761709e-05 9.339476003934264032e-05 -7.650090956047575432e-05 5.217746442495830119e-05 -3.010565340871958751e-05 1.490572335315940628e-05 -6.420585787924321520e-06 2.438410101374931012e-06 -8.268034484275923756e-07 2.531803682404905534e-07 -7.073115520681624258e-08 1.818948398863086608e-08 -4.339418967154497096e-09 9.668754466659280541e-10 -2.023761064934049807e-10 3.995075786471696933e-11 -7.243573682477817450e-12
-2.877156429992902588e-06 8.244380683575490827e-06 -1.546016837172962185e-05 2.183384552305659126e-05 -2.455570492705565005e-05 2.265851160801753248e-05 -1.748205519732249497e-05 1.143701403514893393e-05 -6.420585787924321520e-06 3.128270656902630963e-06 -1.337870259711869929e-06 5.078997336009365500e-07 -1.730156296567839704e-07 5.341961057219787349e-08 -1.508636414436921250e-08 3.928894033936978148e-09 -9.503372341907768950e-10 2.148430574614402283e-10 -4.558064037388345941e-11 8.806336262118513913e-12
4.723068868181809458e-07 -1.476510166075851798e-06 3.036884091551867466e-06 -4.730193443635700850e-06 5.899840132887292560e-06 -6.069460181563579674e-06 5.245108617845759222e-06 -3.856958446116111187e-06 2.438410101374932706e-06 -1.337870259711870565e-06 6.429868698420635508e-07 -2.732739965221039630e-07 1.036991597295992824e-07 -3.546657461127260821e-08 1.103066831360333569e-08 -3.145538791166117521e-09 8.285751372432637632e-10 -2.029382359363231085e-10 4.640262956365930807e-11 -9.571224158518614179e-12
-7.392455838569611498e-08 2.503730497801708469e-07 -5.605324176220619859e-07 9.549971886880005315e-07 -1.309463793745074713e-06 1.488299428725503250e-06 -1.427607283571817067e-06 1.169946678206031378e-06 -8.268034484275924815e-07 5.078997336009366559e-07 -2.732739965221038571e-07 1.297911263237964571e-07 -5.485891607145306712e-08 2.080789434729517765e-08 -7.141491632210610345e-09 2.235590784060840032e-09 -6.430944342406039503e-10 1.711357977640190786e-10 -4.228591691024695374e-11 9.327088977157554223e-12
1.107793771368223900e-08 -4.040764154015247533e-08 9.783159149746985895e-08 -1.810406618801283252e-07 2.708487475915542853e-07 -3.374214255434471746e-07 3.563586094821142454e-07 -3.228851744243870829e-07 2.531803682404904475e-07 -1.730156296567839175e-07 1.036991597295992030e-07 -5.485891607145303403e-08 2.578618141526870029e-08 -1.084566403526094968e-08 4.111857190229245661e-09 -1.415584212933766156e-09 4.457175144514719078e-10 -1.291976111601248227e-10 3.457896448051124196e-11 -8.166516103898307945e-12
-1.594953573676764200e-09 6.233530722849345611e-09 -1.623032294031153454e-08 3.242577376549967243e-08 -5.258644608002044172e-08 7.131318699164545077e-08 -8.233024667879821701e-08 8.187720984038507832e-08 -7.073115520681612347e-08 5.341961057219777423e-08 -3.546657461127252880e-08 2.080789434729513794e-08 -1.084566403526093479e-08 5.051290500412469467e-09 -2.115213300182694828e-09 8.015571537003720930e-10 -2.766923591220203344e-10 8.753635668993636166e-11 -2.542526575895109139e-11 6.433863997497653538e-12
2.212813597046781882e-10 -9.225195580419900151e-10 2.570626694631637143e-09 -5.515499333813265342e-09 9.641433554866690833e-09 -1.414698224232402963e-08 1.774055660089110591e-08 -1.923823192000133582e-08 1.818948398863086608e-08 -1.508636414436921581e-08 1.103066831360333403e-08 -7.141491632210611172e-09 4.111857190229248143e-09 -2.115213300182699378e-09 9.770731876383416153e-10 -4.075057571866143987e-10 1.543339815593329799e-10 -5.335856531736290174e-11 1.683855919045766267e-11 -4.565224639889795936e-12
-2.965923907236436853e-11 1.313813693027678772e-10 -3.901401041563072198e-10 8.948488073920157884e-10 -1.677741291978631531e-09 2.649519158340346627e-09 -3.588729150644168568e-09 4.218720940199272086e-09 -4.339418967154481380e-09 3.928894033936964086e-09 -3.145538791166105113e-09 2.235590784060831347e-09 -1.415584212933761607e-09 8.015571537003706454e-10 -4.075057571866127443e-10 1.868339875064892261e-10 -7.761496233978631716e-11 2.933453609309725059e-11 -1.005904979636273935e-11 2.918590434933461555e-12
3.849114197917338492e-12 -1.805388504442684184e-11 5.691793376900329856e-11 -1.389945443376820505e-10 2.782860103805127365e-10 -4.707779352033257561e-10 6.853177899844959944e-10 -8.687439779350428496e-10 9.668754466659261929e-10 -9.503372341907754475e-10 8.285751372432615919e-10 -6.430944342406027095e-10 4.457175144514711324e-10 -2.766923591220202310e-10 1.543339815593326180e-10 -7.761496233978644640e-11 3.531802256719599729e-11 -1.457798252957468753e-11 5.424335067028461115e-12 -1.679949818821723205e-12
-4.846138633513544411e-13 2.399371854857362846e-12 -8.004153278556218131e-12 2.073559175374641156e-11 -4.416120216083436331e-11 7.969621445016031541e-11 -1.241319474936271988e-10 1.688871600921486568e-10 -2.023761064934046705e-10 2.148430574614398664e-10 -2.029382359363226432e-10 1.711357977640186909e-10 -1.291976111601245383e-10 8.753635668993629704e-11 -5.335856531736274665e-11 2.933453609309728936e-11 -1.457798252957467784e-11 6.551688356962950914e-12 -2.635259720401162626e-12 8.670842226333941536e-13
5.928347498071443345e-14 -3.089608023232203424e-13 1.087272164258620624e-12 -2.978263267003382633e-12 6.723199106925025785e-12 -1.289383469683356603e-11 2.139980722528226840e-11 -3.111146413544462295e-11 3.995075786471690471e-11 -4.558064037388337540e-11 4.640262956365919175e-11 -4.228591691024685680e-11 3.457896448051116441e-11 -2.542526575895108169e-11 1.683855919045762066e-11 -1.005904979636275389e-11 5.424335067028459500e-12 -2.635259720401163837e-12 1.136422684070358784e-12 -3.940190860376050087e-13
-6.962929570776683063e-15 3.805079110435701030e-14 -1.406649034974251527e-13 4.055273008620672943e-13 -9.653829013598456785e-13 1.956409007279362227e-12 -3.438360491017605125e-12 5.304534938764827657e-12 -7.243573682477806949e-12 8.806336262118500989e-12 -9.571224158518593176e-12 9.327088977157538067e-12 -8.166516103898295020e-12 6.433863997497654346e-12 -4.565224639889786243e-12 2.918590434933466401e-12 -1.679949818821724013e-12 8.670842226333948604e-13 -3.940190860376053621e-13 1.418987085213501060e-13
