1.000000000000000000e+00 5.000000000000000278e-02
8.999999999999999112e-01 5.374999999999999223e-02
8.499999999999996447e-01 5.062499999999997558e-02
8.499999999999996447e-01 5.062499999999997558e-02
8.499999999999996447e-01 5.062499999999997558e-02
7.999999999999996003e-01 5.312499999999997086e-02
7.999999999999994893e-01 5.062499999999997558e-02
8.249999999999996225e-01 5.124999999999997613e-02
8.249999999999995115e-01 4.874999999999998085e-02
8.249999999999995115e-01 4.874999999999998085e-02
8.062499999999992450e-01 4.609374999999998890e-02
8.218749999999990230e-01 4.164062500000000056e-02
8.218749999999990230e-01 4.164062500000000056e-02
8.249999999999979572e-01 2.875000000000002554e-02
8.249999999999979572e-01 2.875000000000002554e-02
8.136718749999967137e-01 1.547851562500006384e-02
8.314453124999947597e-01 -7.836914062499880651e-03
8.176757812499912959e-01 -4.603759765624977629e-02
8.354492187499893419e-01 -6.935302734374972078e-02
8.241210937499880984e-01 -8.262451171874968248e-02
8.241210937499880984e-01 -8.262451171874968248e-02
8.241210937499880984e-01 -8.262451171874968248e-02
8.241210937499880984e-01 -8.262451171874968248e-02
8.241210937499880984e-01 -8.262451171874968248e-02
8.241210937499880984e-01 -8.262451171874968248e-02
8.241210937499880984e-01 -8.262451171874968248e-02
8.241210937499880984e-01 -8.262451171874968248e-02
8.241210937499880984e-01 -8.262451171874968248e-02
8.241210937499880984e-01 -8.262451171874968248e-02
8.210731506347538344e-01 -8.165330886840788116e-02
8.223524093627809783e-01 -8.270173549652068412e-02
8.229169368743777246e-01 -8.240101695060697562e-02
8.218539118766665652e-01 -8.210234254598586245e-02
8.218539118766665652e-01 -8.210234254598586245e-02
8.225224293768287342e-01 -8.223275708034602505e-02
8.225224293768287342e-01 -8.223275708034602505e-02
8.220511656254410049e-01 -8.218647248111633774e-02
8.221306034363686788e-01 -8.225903126643939467e-02
8.223066569538668436e-01 -8.222775447706194563e-02
8.223066569538668436e-01 -8.222775447706194563e-02
8.222658644299253305e-01 -8.220249973190191239e-02
8.222105793010877628e-01 -8.221502989045771648e-02
8.222105793010877628e-01 -8.221502989045771648e-02
