0.000000000000000000e+00 3.969208938398711695e-01
9.090909090909090606e-01 3.778999280328002586e-01
1.818181818181818121e+00 3.597839853030537771e-01
2.727272727272727071e+00 3.425133224436710533e-01
3.636363636363636243e+00 3.260914807317358832e-01
4.545454545454544970e+00 3.104922234825533423e-01
5.454545454545454142e+00 2.956635626421020291e-01
6.363636363636363313e+00 2.815446675525095643e-01
7.272727272727272485e+00 2.680806688968131457e-01
8.181818181818181657e+00 2.552362734639455066e-01
9.090909090909089940e+00 2.429989230886739626e-01
1.000000000000000000e+01 2.313510802699640934e-01
1.090909090909090828e+01 2.202688772335077982e-01
1.181818181818181834e+01 2.097248989619196757e-01
1.272727272727272663e+01 1.996903358177898880e-01
1.363636363636363669e+01 1.901368097762452802e-01
1.454545454545454497e+01 1.810378909478325693e-01
1.545454545454545325e+01 1.723703326069625508e-01
1.636363636363636331e+01 1.641147053072369300e-01
1.727272727272727337e+01 1.562497948629801292e-01
1.818181818181817988e+01 1.487591323475527250e-01
1.909090909090908994e+01 1.416277659453159532e-01
2.000000000000000000e+01 1.348402252053386152e-01
2.090909090909091006e+01 1.283808167877234507e-01
2.181818181818181657e+01 1.222338758946898279e-01
2.272727272727272663e+01 1.163839777555266131e-01
2.363636363636363669e+01 1.108161136655234080e-01
2.454545454545454319e+01 1.055158359905257193e-01
2.545454545454545325e+01 1.004693763144033636e-01
2.636363636363636331e+01 9.566374058387971946e-02
2.727272727272727337e+01 9.108678473705904277e-02
2.818181818181817988e+01 8.672727391996670754e-02
2.909090909090908994e+01 8.257489149003907625e-02
3.000000000000000000e+01 7.861923987517882573e-02
3.090909090909090651e+01 7.485143056878398871e-02
3.181818181818181657e+01 7.126338237910706530e-02
3.272727272727272663e+01 6.784718233020745060e-02
3.363636363636363313e+01 6.459510583493080493e-02
3.454545454545454675e+01 6.149963280691626150e-02
3.545454545454545325e+01 5.855346027657695740e-02
3.636363636363635976e+01 5.574951201861892691e-02
3.727272727272727337e+01 5.308094564366647172e-02
3.818181818181817988e+01 5.054115755472177868e-02
3.909090909090908639e+01 4.812378612097716057e-02
4.000000000000000000e+01 4.582271337717251647e-02
4.090909090909090651e+01 4.363206551631805541e-02
4.181818181818182012e+01 4.154621240714292951e-02
4.272727272727272663e+01 3.955976633494079353e-02
4.363636363636363313e+01 3.766758013537239991e-02
4.454545454545454675e+01 3.586474295931205841e-02
4.545454545454545325e+01 3.414667972939043616e-02
4.636363636363635976e+01 3.250969787718489823e-02
4.727272727272727337e+01 3.095039645522285054e-02
4.818181818181817988e+01 2.946546526504916289e-02
4.909090909090908639e+01 2.805168365952884560e-02
5.000000000000000000e+01 2.670591919348106608e-02
5.090909090909090651e+01 2.542512615902029621e-02
5.181818181818181301e+01 2.420634403726461617e-02
5.272727272727272663e+01 2.304669589382294520e-02
5.363636363636363313e+01 2.194338674165477107e-02
5.454545454545454675e+01 2.089370189147681661e-02
5.545454545454545325e+01 1.989500530683596669e-02
5.636363636363635976e+01 1.894473797824471756e-02
5.727272727272727337e+01 1.804041632835728590e-02
5.818181818181817988e+01 1.717963065801958109e-02
5.909090909090908639e+01 1.636004364113191265e-02
6.000000000000000000e+01 1.557938887459388820e-02
6.090909090909090651e+01 1.483546948813440139e-02
6.181818181818181301e+01 1.412615681754586863e-02
6.272727272727272663e+01 1.344961636240126802e-02
6.363636363636363313e+01 1.280468016550142044e-02
6.454545454545454675e+01 1.219010958108815434e-02
6.545454545454545325e+01 1.160468533662303153e-02
6.636363636363635976e+01 1.104721379482045962e-02
6.727272727272726627e+01 1.051652642893261339e-02
6.818181818181817277e+01 1.001147931558251346e-02
6.909090909090909349e+01 9.530952645956838887e-03
7.000000000000000000e+01 9.073850255983338317e-03
7.090909090909090651e+01 8.639099175951667209e-03
7.181818181818181301e+01 8.225649199884931331e-03
7.272727272727271952e+01 7.832472474836161755e-03
7.363636363636364024e+01 7.458563110163100515e-03
7.454545454545454675e+01 7.102936806728197064e-03
7.545454545454545325e+01 6.764630505876024005e-03
7.636363636363635976e+01 6.442702057956498779e-03
7.727272727272726627e+01 6.136229910088773429e-03
7.818181818181817277e+01 5.844312812795978904e-03
7.909090909090909349e+01 5.566069545084792285e-03
8.000000000000000000e+01 5.300638657495885739e-03
8.090909090909090651e+01 5.047191857572659937e-03
8.181818181818181301e+01 4.805565271790117679e-03
8.272727272727271952e+01 4.575494972933325313e-03
8.363636363636364024e+01 4.356441283745059526e-03
8.454545454545454675e+01 4.147884749725182230e-03
8.545454545454545325e+01 3.949326002588517473e-03
8.636363636363635976e+01 3.760285633048767850e-03
8.727272727272726627e+01 3.580304072456679410e-03
8.818181818181817277e+01 3.408941482827595147e-03
8.909090909090909349e+01 3.245777654801145200e-03
9.000000000000000000e+01 3.090411913085352492e-03
