-1.838415735930503114e-01 -9.556212475396566042e-01 7.434863985312876178e-01 1.322005788361870771e-01
-1.907356326027896953e-01 -9.914570443223937879e-01 7.713671384762110783e-01 1.189805209525683360e-01
-1.907356326027896953e-01 -9.914570443223937879e-01 7.713671384762110783e-01 1.189805209525683360e-01
-1.907356326027896953e-01 -9.914570443223937879e-01 7.713671384762110783e-01 1.189805209525683360e-01
-1.857087145748547719e-01 -1.007135205414841472e+00 8.532668120644237852e-01 1.098917311575803857e-01
-2.054932276705130345e-01 -1.045770673821229568e+00 8.333727424162238329e-01 9.316009539862535327e-02
-2.054932276705130345e-01 -1.045770673821229568e+00 8.333727424162238329e-01 9.316009539862535327e-02
-1.924187524782142722e-01 -1.138509796354680415e+00 8.957958313944738293e-01 6.937948346344396944e-02
-2.040221808993918362e-01 -1.159209868422052203e+00 1.030938461000555861e+00 3.878873428841000948e-02
-2.278111166986644953e-01 -1.241909543492565327e+00 1.000392850526229616e+00 3.639066226508114177e-03
-2.278111166986644953e-01 -1.241909543492565327e+00 1.000392850526229616e+00 3.639066226508114177e-03
-2.278111166986644953e-01 -1.241909543492565327e+00 1.000392850526229616e+00 3.639066226508114177e-03
-2.278111166986644953e-01 -1.241909543492565327e+00 1.000392850526229616e+00 3.639066226508114177e-03
-2.278111166986644953e-01 -1.241909543492565327e+00 1.000392850526229616e+00 3.639066226508114177e-03
-2.278111166986644953e-01 -1.241909543492565327e+00 1.000392850526229616e+00 3.639066226508114177e-03
-2.278111166986644953e-01 -1.241909543492565327e+00 1.000392850526229616e+00 3.639066226508114177e-03
-2.362868817728752124e-01 -1.263883381830890329e+00 8.780769263402330438e-01 1.813050457225099873e-02
-2.362868817728752124e-01 -1.263883381830890329e+00 8.780769263402330438e-01 1.813050457225099873e-02
-2.362868817728752124e-01 -1.263883381830890329e+00 8.780769263402330438e-01 1.813050457225099873e-02
-2.665005376780801294e-01 -1.290837558220354175e+00 8.303191863370140702e-01 -1.084540634382311075e-02
-2.712906280611327436e-01 -1.154682502820911338e+00 7.228410334199852905e-01 2.457348556405708484e-02
-3.003162897671629583e-01 -1.227544493143308380e+00 5.022539395809593188e-01 2.490680331258472019e-02
-3.003162897671629583e-01 -1.227544493143308380e+00 5.022539395809593188e-01 2.490680331258472019e-02
-3.835247170333248024e-01 -1.149076130008126917e+00 2.058541428918305716e-01 5.711174998275940495e-03
-3.835247170333248024e-01 -1.149076130008126917e+00 2.058541428918305716e-01 5.711174998275940495e-03
-3.835247170333248024e-01 -1.149076130008126917e+00 2.058541428918305716e-01 5.711174998275940495e-03
-3.835247170333248024e-01 -1.149076130008126917e+00 2.058541428918305716e-01 5.711174998275940495e-03
-4.067512330818534028e-01 -1.210475294482258990e+00 2.358542689224507605e-02 3.628956166336225198e-03
-4.067512330818534028e-01 -1.210475294482258990e+00 2.358542689224507605e-02 3.628956166336225198e-03
-4.067512330818534028e-01 -1.210475294482258990e+00 2.358542689224507605e-02 3.628956166336225198e-03
-4.067512330818534028e-01 -1.210475294482258990e+00 2.358542689224507605e-02 3.628956166336225198e-03
-4.067512330818534028e-01 -1.210475294482258990e+00 2.358542689224507605e-02 3.628956166336225198e-03
-4.067512330818534028e-01 -1.210475294482258990e+00 2.358542689224507605e-02 3.628956166336225198e-03
-4.067512330818534028e-01 -1.210475294482258990e+00 2.358542689224507605e-02 3.628956166336225198e-03
-4.067512330818534028e-01 -1.210475294482258990e+00 2.358542689224507605e-02 3.628956166336225198e-03
-4.285914016045487829e-01 -1.173691228324391655e+00 -4.332850198412522419e-02 1.213808836681859243e-03
-4.286675953117339288e-01 -1.178877414127883938e+00 -3.112055221375031877e-02 -3.274116313610817529e-03
-4.155269090699396095e-01 -1.180282594036841770e+00 2.511647512187178966e-02 1.235743648895914299e-03
-4.155269090699396095e-01 -1.180282594036841770e+00 2.511647512187178966e-02 1.235743648895914299e-03
-4.160970572111863941e-01 -1.195612796121130472e+00 7.781365602150779048e-04 1.463171374891394927e-03
-4.160970572111863941e-01 -1.195612796121130472e+00 7.781365602150779048e-04 1.463171374891394927e-03
-4.160970572111863941e-01 -1.195612796121130472e+00 7.781365602150779048e-04 1.463171374891394927e-03
-4.234411908921651979e-01 -1.190038250436852296e+00 -1.530300419802617731e-02 -1.199840379788690275e-03
-4.234411908921651979e-01 -1.190038250436852296e+00 -1.530300419802617731e-02 -1.199840379788690275e-03
-4.179322505939703225e-01 -1.185634865983863140e+00 1.020093423010450667e-02 2.567903591959838422e-04
-4.179322505939703225e-01 -1.185634865983863140e+00 1.020093423010450667e-02 2.567903591959838422e-04
-4.181295855046470722e-01 -1.192433666344956844e+00 2.076237557177022710e-04 3.238747230541506612e-04
-4.181295855046470722e-01 -1.192433666344956844e+00 2.076237557177022710e-04 3.238747230541506612e-04
-4.181295855046470722e-01 -1.192433666344956844e+00 2.076237557177022710e-04 3.238747230541506612e-04
-4.200997070393266419e-01 -1.188094971844889436e+00 -2.431295785715283618e-03 -3.815170156435446734e-04
-4.200997070393266419e-01 -1.188094971844889436e+00 -2.431295785715283618e-03 -3.815170156435446734e-04
-4.200997070393266419e-01 -1.188094971844889436e+00 -2.431295785715283618e-03 -3.815170156435446734e-04
-4.200997070393266419e-01 -1.188094971844889436e+00 -2.431295785715283618e-03 -3.815170156435446734e-04
-4.212198599130586585e-01 -1.183951350137365299e+00 -2.804156682898981644e-03 -4.537648753352067172e-04
-4.194826077760626104e-01 -1.187281110527264483e+00 6.320148029074520828e-04 -2.158837805398981704e-05
-4.194826077760626104e-01 -1.187281110527264483e+00 6.320148029074520828e-04 -2.158837805398981704e-05
-4.205327706621247996e-01 -1.183799469889732947e+00 -3.365025559927434066e-04 -3.257984023764463714e-04
-4.205707793920743232e-01 -1.183196340962396231e+00 -2.524645230001232310e-04 -6.027622112915952905e-05
-4.205707793920743232e-01 -1.183196340962396231e+00 -2.524645230001232310e-04 -6.027622112915952905e-05
-4.205707793920743232e-01 -1.183196340962396231e+00 -2.524645230001232310e-04 -6.027622112915952905e-05
-4.205707793920743232e-01 -1.183196340962396231e+00 -2.524645230001232310e-04 -6.027622112915952905e-05
-4.208000919193037870e-01 -1.180850185042207512e+00 1.438102172672049966e-03 -2.383537522119752840e-04
-4.215093759680779151e-01 -1.177397954640768685e+00 2.343251172668344654e-03 -1.224131403607278505e-04
-4.215093759680779151e-01 -1.177397954640768685e+00 2.343251172668344654e-03 -1.224131403607278505e-04
-4.215093759680779151e-01 -1.177397954640768685e+00 2.343251172668344654e-03 -1.224131403607278505e-04
-4.215093759680779151e-01 -1.177397954640768685e+00 2.343251172668344654e-03 -1.224131403607278505e-04
-4.227006177560639344e-01 -1.173690515578853510e+00 8.246547221252677543e-04 -5.036236446577155822e-05
-4.227006177560639344e-01 -1.173690515578853510e+00 8.246547221252677543e-04 -5.036236446577155822e-05
-4.227006177560639344e-01 -1.173690515578853510e+00 8.246547221252677543e-04 -5.036236446577155822e-05
-4.227006177560639344e-01 -1.173690515578853510e+00 8.246547221252677543e-04 -5.036236446577155822e-05
-4.253827760688637660e-01 -1.161003776891357475e+00 2.670298514244462754e-03 1.605149905131216664e-04
-4.253827760688637660e-01 -1.161003776891357475e+00 2.670298514244462754e-03 1.605149905131216664e-04
-4.253827760688637660e-01 -1.161003776891357475e+00 2.670298514244462754e-03 1.605149905131216664e-04
-4.258753323860386963e-01 -1.160316951142023711e+00 1.345628218172129423e-03 -1.102548430443525131e-04
-4.258753323860386963e-01 -1.160316951142023711e+00 1.345628218172129423e-03 -1.102548430443525131e-04
-4.307080789284857270e-01 -1.140713314600446893e+00 1.211759611490254018e-03 2.735366257711278459e-04
-4.322849596417729368e-01 -1.132295957455055291e+00 2.708072776558310447e-03 1.526941045638710288e-04
-4.360271546529901343e-01 -1.118836901832231057e+00 1.380623999767770400e-03 -1.979253893536457327e-05
-4.360271546529901343e-01 -1.118836901832231057e+00 1.380623999767770400e-03 -1.979253893536457327e-05
-4.492088736753474532e-01 -1.064462111801109945e+00 1.004242008172490271e-03 5.721515586487673465e-04
-4.534189766505996033e-01 -1.046480982784760538e+00 1.116341019047918486e-03 2.852982067603625389e-05
-4.534189766505996033e-01 -1.046480982784760538e+00 1.116341019047918486e-03 2.852982067603625389e-05
-4.739353082216670732e-01 -9.616558632621314828e-01 2.514131656691556346e-03 4.375507041594861287e-04
-5.014971635054963350e-01 -8.493266371217145227e-01 -1.432358570724835342e-04 9.449784917122510666e-04
-5.143499428333933032e-01 -7.967246111744104020e-01 -2.510802728156536281e-04 4.071049634159999014e-05
-5.143499428333933032e-01 -7.967246111744104020e-01 -2.510802728156536281e-04 4.071049634159999014e-05
-5.498531758319571416e-01 -6.492187816466716832e-01 1.324621794463903303e-03 9.615528361674391747e-04
-6.139760129882185780e-01 -3.859101089112906280e-01 -2.258951489786120009e-03 1.003024175952205643e-03
-6.432114395326018474e-01 -2.630061650343065160e-01 1.468996813206732612e-03 3.170286402664188909e-05
-6.432114395326018474e-01 -2.630061650343065160e-01 1.468996813206732612e-03 3.170286402664188909e-05
-6.432114395326018474e-01 -2.630061650343065160e-01 1.468996813206732612e-03 3.170286402664188909e-05
-6.432114395326018474e-01 -2.630061650343065160e-01 1.468996813206732612e-03 3.170286402664188909e-05
-6.432114395326018474e-01 -2.630061650343065160e-01 1.468996813206732612e-03 3.170286402664188909e-05
-6.432114395326018474e-01 -2.630061650343065160e-01 1.468996813206732612e-03 3.170286402664188909e-05
-6.432114395326018474e-01 -2.630061650343065160e-01 1.468996813206732612e-03 3.170286402664188909e-05
-6.432114395326018474e-01 -2.630061650343065160e-01 1.468996813206732612e-03 3.170286402664188909e-05
-6.432114395326018474e-01 -2.630061650343065160e-01 1.468996813206732612e-03 3.170286402664188909e-05
-6.432114395326018474e-01 -2.630061650343065160e-01 1.468996813206732612e-03 3.170286402664188909e-05
-6.432114395326018474e-01 -2.630061650343065160e-01 1.468996813206732612e-03 3.170286402664188909e-05
-6.557868362897240067e-01 -2.127680797968825588e-01 -9.592852516478729379e-04 6.695519860805595731e-05
-6.557868362897240067e-01 -2.127680797968825588e-01 -9.592852516478729379e-04 6.695519860805595731e-05
-6.515385605459887985e-01 -2.296751066656651519e-01 -1.703544761877608289e-04 -1.340941578185408088e-04
-6.540288693308253798e-01 -2.184707373158439325e-01 1.006324976395007662e-03 4.965717948915678915e-05
-6.470612523399863480e-01 -2.475797461325621174e-01 7.053158950246639532e-04 2.178431582359452762e-05
-6.471969370247883102e-01 -2.474114013113087873e-01 1.767747235350841260e-05 3.301024211454166952e-05
-6.471969370247883102e-01 -2.474114013113087873e-01 1.767747235350841260e-05 3.301024211454166952e-05
-6.509141151787019020e-01 -2.320548094061236633e-01 9.539103708079720891e-05 -5.026907463646853062e-05
-6.509141151787019020e-01 -2.320548094061236633e-01 9.539103708079720891e-05 -5.026907463646853062e-05
-6.510535890057279618e-01 -2.315376557373684530e-01 3.114498198922982519e-05 1.909131032172909560e-05
-6.510535890057279618e-01 -2.315376557373684530e-01 3.114498198922982519e-05 1.909131032172909560e-05
-6.512062966666640751e-01 -2.307004881738600188e-01 2.594240545526515281e-04 1.399819450108197366e-05
-6.512062966666640751e-01 -2.307004881738600188e-01 2.594240545526515281e-04 1.399819450108197366e-05
-6.512062966666640751e-01 -2.307004881738600188e-01 2.594240545526515281e-04 1.399819450108197366e-05
-6.504035968277415147e-01 -2.341211707440547796e-01 1.542142518810465219e-04 -1.873913157634865407e-05
-6.504035968277415147e-01 -2.341211707440547796e-01 1.542142518810465219e-04 -1.873913157634865407e-05
-6.504035968277415147e-01 -2.341211707440547796e-01 1.542142518810465219e-04 -1.873913157634865407e-05
-6.504035968277415147e-01 -2.341211707440547796e-01 1.542142518810465219e-04 -1.873913157634865407e-05
-6.504035968277415147e-01 -2.341211707440547796e-01 1.542142518810465219e-04 -1.873913157634865407e-05
-6.504035968277415147e-01 -2.341211707440547796e-01 1.542142518810465219e-04 -1.873913157634865407e-05
-6.512858039706088675e-01 -2.304190207685086755e-01 1.468198990487506669e-04 -3.942681179840673404e-06
-6.497389020498364198e-01 -2.368289166773955845e-01 1.521173194923733200e-04 -1.870147652503582683e-05
-6.497389020498364198e-01 -2.368289166773955845e-01 1.521173194923733200e-04 -1.870147652503582683e-05
-6.497389020498364198e-01 -2.368289166773955845e-01 1.521173194923733200e-04 -1.870147652503582683e-05
-6.499133525455620397e-01 -2.360241082370953813e-01 2.072729129064365791e-04 -3.325551416824025757e-07
-6.506593765567572074e-01 -2.329075768649265243e-01 2.250717451793546103e-04 -1.804462326766585663e-05
-6.506593765567572074e-01 -2.329075768649265243e-01 2.250717451793546103e-04 -1.804462326766585663e-05
-6.503553068338228105e-01 -2.341967480246655020e-01 1.142387218208454043e-04 -1.687728239919464009e-05
-6.507392376563763126e-01 -2.324111762788495517e-01 2.859503117907207220e-04 -1.241107460282389163e-06
-6.507392376563763126e-01 -2.324111762788495517e-01 2.859503117907207220e-04 -1.241107460282389163e-06
-6.530759480267789296e-01 -2.227043739279873091e-01 1.574276237947300856e-04 -1.399367445322239012e-05
-6.522923296596274678e-01 -2.258306440984302332e-01 1.372108179855257995e-04 -7.408122717583071634e-06
-6.522923296596274678e-01 -2.258306440984302332e-01 1.372108179855257995e-04 -7.408122717583071634e-06
-6.522923296596274678e-01 -2.258306440984302332e-01 1.372108179855257995e-04 -7.408122717583071634e-06
-6.552344715364297745e-01 -2.135115365174113378e-01 4.081522456414910394e-05 -2.088625201260699845e-06
-6.547102550993837422e-01 -2.156444226168303391e-01 1.643361726721035104e-04 -1.356054702624200762e-05
-6.550385871833321882e-01 -2.140994453253553531e-01 1.322541406259540760e-04 6.774025649849618981e-06
-6.550385871833321882e-01 -2.140994453253553531e-01 1.322541406259540760e-04 6.774025649849618981e-06
-6.550385871833321882e-01 -2.140994453253553531e-01 1.322541406259540760e-04 6.774025649849618981e-06
-6.530268981069058398e-01 -2.224606918497841201e-01 2.241570285211322354e-04 -1.866367112867384860e-05
-6.528128132366397551e-01 -2.233071215756614047e-01 2.198077419199496617e-05 4.528294444648853581e-07
-6.544434695880472219e-01 -2.162169433522713735e-01 6.238518720537168097e-05 -7.330518656752323090e-06
-6.544434695880472219e-01 -2.162169433522713735e-01 6.238518720537168097e-05 -7.330518656752323090e-06
-6.498965186641731950e-01 -2.348797609674788678e-01 1.319452369129285770e-04 -2.717209807511834253e-05
-6.515721122349762418e-01 -2.274715697568925332e-01 -1.210193825835804721e-04 1.732197527209522556e-05
-6.510697562242606651e-01 -2.289020464410612687e-01 1.760830084930124740e-04 -8.259166503459489737e-06
-6.510697562242606651e-01 -2.289020464410612687e-01 1.760830084930124740e-04 -8.259166503459489737e-06
-6.470636499300936872e-01 -2.452172693366030387e-01 -1.657309377123336450e-05 -1.177206030749895452e-05
-6.503429903983053428e-01 -2.301449283751970665e-01 -3.065610816877711387e-04 3.724035602957431431e-05
-6.460699618791960752e-01 -2.469663297600981355e-01 6.021188297710395958e-05 -3.680900509674350871e-05
-6.449580649981485614e-01 -2.501928340100872949e-01 1.256398889165018565e-04 2.549183033544417059e-05
-6.449580649981485614e-01 -2.501928340100872949e-01 1.256398889165018565e-04 2.549183033544417059e-05
-6.442616461305084030e-01 -2.480625061607795168e-01 -2.409289525099411278e-04 5.448755180408976174e-05
-6.442616461305084030e-01 -2.480625061607795168e-01 -2.409289525099411278e-04 5.448755180408976174e-05
-6.442616461305084030e-01 -2.480625061607795168e-01 -2.409289525099411278e-04 5.448755180408976174e-05
-6.394399795143916876e-01 -2.621431063425455621e-01 3.990606674445506012e-04 8.367834786249383626e-05
-6.394399795143916876e-01 -2.621431063425455621e-01 3.990606674445506012e-04 8.367834786249383626e-05
-6.394399795143916876e-01 -2.621431063425455621e-01 3.990606674445506012e-04 8.367834786249383626e-05
-6.413560201211578882e-01 -2.456012047071998161e-01 2.681349187159922298e-04 1.204726923095823235e-04
-6.413560201211578882e-01 -2.456012047071998161e-01 2.681349187159922298e-04 1.204726923095823235e-04
-6.413560201211578882e-01 -2.456012047071998161e-01 2.681349187159922298e-04 1.204726923095823235e-04
-6.405351716610956370e-01 -2.393267555240661260e-01 1.483537254994504295e-03 1.689041045201990221e-04
-6.346892369577710191e-01 -2.453067172939437102e-01 1.400397357320415934e-03 2.251333189182366822e-04
-6.346892369577710191e-01 -2.453067172939437102e-01 1.400397357320415934e-03 2.251333189182366822e-04
-6.346892369577710191e-01 -2.453067172939437102e-01 1.400397357320415934e-03 2.251333189182366822e-04
-6.346892369577710191e-01 -2.453067172939437102e-01 1.400397357320415934e-03 2.251333189182366822e-04
-6.378790268697556165e-01 -1.983368234788807083e-01 2.419831118385811462e-03 3.125834867653418591e-04
-6.378790268697556165e-01 -1.983368234788807083e-01 2.419831118385811462e-03 3.125834867653418591e-04
-6.319442616708987881e-01 -2.498295950266307131e-01 3.618207430717539780e-04 1.259443870152886441e-04
-6.202995857276025760e-01 -2.351787892253012213e-01 1.987655894566166866e-03 4.066077407083609307e-04
-6.224690430715744682e-01 -1.994240163851904724e-01 2.583961501821935205e-03 3.425511870906561935e-04
-6.224690430715744682e-01 -1.994240163851904724e-01 2.583961501821935205e-03 3.425511870906561935e-04
-5.982432218295585802e-01 -2.701605673886131598e-01 -1.898830599295735222e-04 3.175769491120272216e-04
-5.982432218295585802e-01 -2.701605673886131598e-01 -1.898830599295735222e-04 3.175769491120272216e-04
-5.933061865280158109e-01 -1.890097987872407792e-01 6.165827195258061916e-04 4.170729391134387004e-04
-5.933061865280158109e-01 -1.890097987872407792e-01 6.165827195258061916e-04 4.170729391134387004e-04
-5.366211090807371242e-01 -2.694962597618049127e-01 -1.898648238174473375e-03 6.565828314686003066e-04
-5.325416712012920328e-01 -3.070133937106948041e-01 -4.925706798131065760e-03 1.886107624820870972e-04
-4.878578688132633179e-01 -2.041159467789168680e-01 -3.173448201945140885e-03 6.534679092086870950e-04
-4.878578688132633179e-01 -2.041159467789168680e-01 -3.173448201945140885e-03 6.534679092086870950e-04
-4.878578688132633179e-01 -2.041159467789168680e-01 -3.173448201945140885e-03 6.534679092086870950e-04
-4.878578688132633179e-01 -2.041159467789168680e-01 -3.173448201945140885e-03 6.534679092086870950e-04
-3.903996611741731293e-01 -2.290297093413528051e-01 -8.878954103215187799e-03 8.342625659868230584e-04
-4.916204089010389744e-01 -6.784141539334265225e-02 -3.452575212585830278e-03 5.560873345122595030e-04
-3.700240476303273685e-01 -7.025832096624762269e-02 -6.491639208622040219e-03 7.592186078210828339e-04
-3.700240476303273685e-01 -7.025832096624762269e-02 -6.491639208622040219e-03 7.592186078210828339e-04
-3.700240476303273685e-01 -7.025832096624762269e-02 -6.491639208622040219e-03 7.592186078210828339e-04
-3.700240476303273685e-01 -7.025832096624762269e-02 -6.491639208622040219e-03 7.592186078210828339e-04
-3.915727965926359966e-01 2.844859640089392183e-02 -7.165136688863392445e-03 4.749150737438203110e-04
-3.915727965926359966e-01 2.844859640089392183e-02 -7.165136688863392445e-03 4.749150737438203110e-04
-3.915727965926359966e-01 2.844859640089392183e-02 -7.165136688863392445e-03 4.749150737438203110e-04
-3.045355202166188935e-01 7.275200919298729918e-03 -9.244829237559997262e-03 2.905253957697418767e-04
-3.045355202166188935e-01 7.275200919298729918e-03 -9.244829237559997262e-03 2.905253957697418767e-04
-3.045355202166188935e-01 7.275200919298729918e-03 -9.244829237559997262e-03 2.905253957697418767e-04
-3.045355202166188935e-01 7.275200919298729918e-03 -9.244829237559997262e-03 2.905253957697418767e-04
-2.484216992741059560e-01 1.905445458862949359e-01 -7.366169320954824018e-03 -2.317967424938706823e-04
-2.484216992741059560e-01 1.905445458862949359e-01 -7.366169320954824018e-03 -2.317967424938706823e-04
-2.484216992741059560e-01 1.905445458862949359e-01 -7.366169320954824018e-03 -2.317967424938706823e-04
-9.196070102680875546e-02 6.995076994936755277e-02 -1.080017262917875795e-02 -1.740490156342144228e-04
-9.196070102680875546e-02 6.995076994936755277e-02 -1.080017262917875795e-02 -1.740490156342144228e-04
-9.196070102680875546e-02 6.995076994936755277e-02 -1.080017262917875795e-02 -1.740490156342144228e-04
-9.490892265682887574e-02 1.744084668947230576e-01 -4.658204626702109469e-03 -3.096867308995518084e-04
-9.490892265682887574e-02 1.744084668947230576e-01 -4.658204626702109469e-03 -3.096867308995518084e-04
-5.863802325107531077e-02 2.871841577412492796e-02 -7.863901178341113976e-03 7.663531264455027765e-05
-5.863802325107531077e-02 2.871841577412492796e-02 -7.863901178341113976e-03 7.663531264455027765e-05
-1.452025777603201395e-01 -2.024075252335799657e-02 -2.190467092965768525e-03 -2.161683402280718791e-04
-1.452025777603201395e-01 -2.024075252335799657e-02 -2.190467092965768525e-03 -2.161683402280718791e-04
-1.452025777603201395e-01 -2.024075252335799657e-02 -2.190467092965768525e-03 -2.161683402280718791e-04
2.686523708215662887e-03 -3.138270103900786534e-02 -3.681991324089761014e-03 7.018582716202594616e-05
2.686523708215662887e-03 -3.138270103900786534e-02 -3.681991324089761014e-03 7.018582716202594616e-05
2.686523708215662887e-03 -3.138270103900786534e-02 -3.681991324089761014e-03 7.018582716202594616e-05
2.686523708215662887e-03 -3.138270103900786534e-02 -3.681991324089761014e-03 7.018582716202594616e-05
2.686523708215662887e-03 -3.138270103900786534e-02 -3.681991324089761014e-03 7.018582716202594616e-05
-7.505838876722303876e-02 3.895075615328492252e-02 -1.562260934518385847e-04 3.498949444486084120e-05
-8.224745777834410049e-03 7.146302644015581351e-02 7.694276092773811963e-05 -1.422400678525145075e-04
1.834359931610880096e-02 -2.340828512443085541e-02 6.314051787615440094e-04 1.177173045231575700e-04
1.834359931610880096e-02 -2.340828512443085541e-02 6.314051787615440094e-04 1.177173045231575700e-04
-4.542541169420891145e-03 2.894491350225528170e-03 -1.799752917134463375e-03 4.476968659821745371e-05
-3.460051645741497178e-02 3.355418684598950041e-02 -2.423111547758302999e-04 2.839404425880447271e-05
-4.480666297668228944e-03 4.507171704015415503e-02 -1.656334670489880171e-04 -3.889147287596832659e-05
-4.480666297668228944e-03 4.507171704015415503e-02 -1.656334670489880171e-04 -3.889147287596832659e-05
-9.281250062317600302e-05 -5.592240961776360000e-03 -3.100538963223345174e-05 6.427360053795719850e-05
-9.281250062317600302e-05 -5.592240961776360000e-03 -3.100538963223345174e-05 6.427360053795719850e-05
-9.281250062317600302e-05 -5.592240961776360000e-03 -3.100538963223345174e-05 6.427360053795719850e-05
-9.281250062317600302e-05 -5.592240961776360000e-03 -3.100538963223345174e-05 6.427360053795719850e-05
-9.281250062317600302e-05 -5.592240961776360000e-03 -3.100538963223345174e-05 6.427360053795719850e-05
-4.296728854647927608e-03 2.232828044891033842e-02 -2.664735899422975766e-04 -5.872167343182209588e-06
-4.296728854647927608e-03 2.232828044891033842e-02 -2.664735899422975766e-04 -5.872167343182209588e-06
-1.020188316676447389e-02 -3.272930947110451981e-03 -1.166024129024766337e-04 1.333904748053258633e-05
6.521389794112804859e-03 -4.134375098673510364e-03 -1.871159394200967935e-04 1.183208056633807180e-05
1.930497827111884394e-04 -6.304775503764555554e-03 1.502712779641493090e-04 1.329865783967864395e-05
1.930497827111884394e-04 -6.304775503764555554e-03 1.502712779641493090e-04 1.329865783967864395e-05
-3.059204091275402430e-03 1.068767258219376244e-02 -1.747870470807177208e-04 -4.124209344056648140e-06
-2.717967820987499290e-03 4.572119084809290156e-03 -1.305067364389564345e-04 -1.969419856532524544e-05
-2.717967820987499290e-03 4.572119084809290156e-03 -1.305067364389564345e-04 -1.969419856532524544e-05
-2.717967820987499290e-03 4.572119084809290156e-03 -1.305067364389564345e-04 -1.969419856532524544e-05
4.139969188407776647e-03 5.392691375099937894e-03 -3.631480775589928923e-05 -1.058558446448265324e-05
-6.053994940470653653e-04 8.608612433792495709e-04 4.273097530383638274e-05 -5.803447165559062163e-07
-6.053994940470653653e-04 8.608612433792495709e-04 4.273097530383638274e-05 -5.803447165559062163e-07
-6.053994940470653653e-04 8.608612433792495709e-04 4.273097530383638274e-05 -5.803447165559062163e-07
-6.053994940470653653e-04 8.608612433792495709e-04 4.273097530383638274e-05 -5.803447165559062163e-07
-6.053994940470653653e-04 8.608612433792495709e-04 4.273097530383638274e-05 -5.803447165559062163e-07
3.771727841464761043e-04 5.570955523631112259e-03 6.996426569314440243e-05 -3.484251123685346725e-06
-5.303453194131931524e-05 5.295410343085945465e-03 -5.785318884963548393e-05 -3.942797738924078874e-06
-5.303453194131931524e-05 5.295410343085945465e-03 -5.785318884963548393e-05 -3.942797738924078874e-06
-5.303453194131931524e-05 5.295410343085945465e-03 -5.785318884963548393e-05 -3.942797738924078874e-06
-5.303453194131931524e-05 5.295410343085945465e-03 -5.785318884963548393e-05 -3.942797738924078874e-06
-2.855929376167053451e-04 4.429408448752822358e-03 3.080067348936513092e-05 7.321525431342719422e-07
5.335611641653683615e-04 6.373144230452550997e-03 1.124756434268819408e-06 -1.245167280259378699e-06
5.335611641653683615e-04 6.373144230452550997e-03 1.124756434268819408e-06 -1.245167280259378699e-06
5.335611641653683615e-04 6.373144230452550997e-03 1.124756434268819408e-06 -1.245167280259378699e-06
1.287831770801606648e-04 5.216384587622564448e-03 -2.113973579019073724e-05 -2.360862796536151802e-06
1.287831770801606648e-04 5.216384587622564448e-03 -2.113973579019073724e-05 -2.360862796536151802e-06
-3.035263511648250093e-04 5.827321145890502693e-03 -1.492837877867792448e-05 -3.056632931775631259e-07
-1.320474883355809211e-04 5.159714077506018237e-03 1.378504031857698622e-05 -3.884630486007186956e-07
-1.320474883355809211e-04 5.159714077506018237e-03 1.378504031857698622e-05 -3.884630486007186956e-07
-1.320474883355809211e-04 5.159714077506018237e-03 1.378504031857698622e-05 -3.884630486007186956e-07
-1.320474883355809211e-04 5.159714077506018237e-03 1.378504031857698622e-05 -3.884630486007186956e-07
-1.574838294581260272e-04 5.698335503933250716e-03 -6.664755239147469348e-06 -2.927161422909635178e-07
-1.012633745993360705e-04 5.705960796298327128e-03 4.184660495702496397e-06 2.356492782961082632e-07
6.009487333653663795e-05 5.716344359124810558e-03 -7.180781308278506434e-07 -7.606553835490050572e-07
5.782400174930200465e-06 5.408610191263112446e-03 -8.260661433474091671e-06 -4.305598772358824657e-07
5.782400174930200465e-06 5.408610191263112446e-03 -8.260661433474091671e-06 -4.305598772358824657e-07
6.310869690100289506e-05 5.663155014376706001e-03 -2.661495665411152440e-06 -3.146820244723270047e-07
-3.529625097147904081e-05 5.685070597523405288e-03 -7.613970339495867855e-07 -1.046468055706031937e-07
-3.529625097147904081e-05 5.685070597523405288e-03 -7.613970339495867855e-07 -1.046468055706031937e-07
-3.529625097147904081e-05 5.685070597523405288e-03 -7.613970339495867855e-07 -1.046468055706031937e-07
-3.529625097147904081e-05 5.685070597523405288e-03 -7.613970339495867855e-07 -1.046468055706031937e-07
-3.529625097147904081e-05 5.685070597523405288e-03 -7.613970339495867855e-07 -1.046468055706031937e-07
-1.612073628816615314e-05 5.671160322489628494e-03 4.359879830572846966e-06 -1.184825845481960071e-07
1.281339883545829915e-05 5.740616384750756897e-03 3.315706542454256238e-06 -2.266187345846246685e-07
5.525469881033686696e-06 5.589090066516730175e-03 1.260937715733467412e-06 -2.823280918379128090e-07
1.383929567349663286e-05 5.654654840661143406e-03 9.408141755927310207e-07 -6.544311057371017316e-08
1.383929567349663286e-05 5.654654840661143406e-03 9.408141755927310207e-07 -6.544311057371017316e-08
