1.000000000000000000e+00 5.000000000000000278e-02
1.074999999999999734e+00 4.500000000000001221e-02
1.187500000000000000e+00 4.250000000000000999e-02
1.293749999999999734e+00 3.125000000000002776e-02
1.571875000000000355e+00 2.062500000000003220e-02
1.923437500000000355e+00 -7.187499999999930056e-03
2.655468750000001599e+00 -4.234374999999990230e-02
3.724609375000001776e+00 -1.155468749999998129e-01
3.724609375000001776e+00 -1.155468749999998129e-01
3.724609375000001776e+00 -1.155468749999998129e-01
3.724609375000001776e+00 -1.155468749999998129e-01
3.724609375000001776e+00 -1.155468749999998129e-01
4.085205078125002665e+00 -1.369628906249997780e-01
4.085205078125002665e+00 -1.369628906249997780e-01
4.085205078125002665e+00 -1.369628906249997780e-01
3.997766113281252309e+00 -1.296899414062497868e-01
3.997766113281252309e+00 -1.296899414062497868e-01
3.997766113281252309e+00 -1.296899414062497868e-01
4.016915893554689809e+00 -1.334271240234372879e-01
4.016915893554689809e+00 -1.334271240234372879e-01
4.007047462463381393e+00 -1.306853103637693192e-01
4.010101652145388940e+00 -1.331172084808347755e-01
4.012745225429537044e+00 -1.326641917228696677e-01
4.012745225429537044e+00 -1.326641917228696677e-01
4.012745225429537044e+00 -1.326641917228696677e-01
4.012745225429537044e+00 -1.326641917228696677e-01
4.013299433141948924e+00 -1.335850973427293586e-01
4.012604657746853931e+00 -1.333116595819590633e-01
4.012604657746853931e+00 -1.333116595819590633e-01
4.012604657746853931e+00 -1.333116595819590633e-01
4.012604657746853931e+00 -1.333116595819590633e-01
4.012925437034576603e+00 -1.336794904689302677e-01
4.012927822381609388e+00 -1.335870899463769135e-01
4.012927822381609388e+00 -1.335870899463769135e-01
4.012927822381609388e+00 -1.335870899463769135e-01
4.013107962562574293e+00 -1.338055448856173557e-01
4.013012358501057975e+00 -1.337107826726967597e-01
4.013012358501057975e+00 -1.337107826726967597e-01
4.013012358501057975e+00 -1.337107826726967597e-01
4.013078998681135268e+00 -1.337843174844958183e-01
4.013078998681135268e+00 -1.337843174844958183e-01
