1.000000000000000000e+00 5.000000000000000278e-02
1.074999999999999734e+00 4.500000000000001221e-02
1.187500000000000000e+00 4.250000000000000999e-02
1.293749999999999734e+00 3.125000000000002776e-02
1.571875000000000355e+00 2.062500000000003220e-02
1.571875000000000355e+00 2.062500000000003220e-02
1.571875000000000355e+00 2.062500000000003220e-02
1.707812500000000400e+00 1.093750000000004441e-02
1.707812500000000400e+00 1.093750000000004441e-02
1.737500000000000711e+00 1.250000000000003886e-02
1.737500000000000711e+00 1.250000000000003886e-02
1.691796875000000755e+00 1.851562500000002859e-02
1.819726562500000533e+00 1.261718750000002942e-02
1.792285156250000178e+00 2.169921875000001277e-02
2.034423828124999556e+00 1.444335937500000611e-02
2.100610351562498757e+00 2.897949218749996947e-02
2.342749023437497691e+00 2.172363281249996281e-02
2.342749023437497691e+00 2.172363281249996281e-02
2.651074218749996270e+00 2.900390624999991951e-02
2.452923583984372158e+00 3.081176757812493366e-02
2.447373962402340730e+00 2.581573486328119643e-02
2.550611495971676135e+00 2.865882873535149228e-02
2.475958156585690517e+00 2.902452468872063901e-02
2.475958156585690517e+00 2.902452468872063901e-02
2.441909915208813509e+00 2.793550848960870900e-02
2.469631715118882020e+00 2.790436118841164992e-02
2.465864485874769141e+00 2.847222976386541010e-02
2.465864485874769141e+00 2.847222976386541010e-02
2.465864485874769141e+00 2.847222976386541010e-02
2.460127933142936207e+00 2.817043681512580722e-02
2.463992720250095303e+00 2.820352341019309594e-02
2.463962406285642448e+00 2.832960493826243084e-02
2.462052748205402430e+00 2.821850049467678617e-02
2.463500148747808982e+00 2.823878806333135136e-02
2.463369427381124410e+00 2.827912460863325067e-02
2.463369427381124410e+00 2.827912460863325067e-02
2.462834822263140211e+00 2.826899573630642371e-02
2.462922946478533603e+00 2.825639429389968996e-02
2.462922946478533603e+00 2.825639429389968996e-02
2.462922946478533603e+00 2.825639429389968996e-02
2.463095884580467576e+00 2.826413057177435198e-02
2.463110847810437321e+00 2.825928540114922005e-02
2.463013156336993248e+00 2.825905114018073538e-02
2.463013156336993248e+00 2.825905114018073538e-02
