1.000000000000000000e+00 5.000000000000000278e-02
1.074999999999999734e+00 4.500000000000001221e-02
1.187500000000000000e+00 4.250000000000000999e-02
1.293749999999999734e+00 3.125000000000002776e-02
1.571875000000000355e+00 2.062500000000003220e-02
1.571875000000000355e+00 2.062500000000003220e-02
1.571875000000000355e+00 2.062500000000003220e-02
1.571875000000000355e+00 2.062500000000003220e-02
1.571875000000000355e+00 2.062500000000003220e-02
1.571875000000000355e+00 2.062500000000003220e-02
1.571875000000000355e+00 2.062500000000003220e-02
1.587500000000000133e+00 2.250000000000002692e-02
1.587500000000000133e+00 2.250000000000002692e-02
1.587500000000000133e+00 2.250000000000002692e-02
1.587500000000000133e+00 2.250000000000002692e-02
1.587500000000000133e+00 2.250000000000002692e-02
1.575775146484375000e+00 2.253051757812502692e-02
1.575775146484375000e+00 2.253051757812502692e-02
1.583240890502929599e+00 2.259437561035158859e-02
1.578167819976806552e+00 2.242017745971681963e-02
1.578239750862121538e+00 2.251889705657961552e-02
1.580722337961196766e+00 2.253195643424990222e-02
1.580137656629085230e+00 2.257805138826372848e-02
1.579334874078631268e+00 2.253695048391821804e-02
1.579334874078631268e+00 2.253695048391821804e-02
1.579334874078631268e+00 2.253695048391821804e-02
1.579804999125189902e+00 2.253250890877100607e-02
1.579804999125189902e+00 2.253250890877100607e-02
1.579804999125189902e+00 2.253250890877100607e-02
1.579804999125189902e+00 2.253250890877100607e-02
1.579804999125189902e+00 2.253250890877100607e-02
1.579684932969280142e+00 2.252787454925513078e-02
1.579702548651743532e+00 2.253252593964592126e-02
1.579702548651743532e+00 2.253252593964592126e-02
1.579702548651743532e+00 2.253252593964592126e-02
