9.726201242207023201e-01 -7.615385192510332191e-02 4.216241720620388794e-03 -1.905958753984380379e-04 7.461602793926205248e-06 -2.612737316939665145e-07 8.351581950737624273e-09 -2.471544026050266952e-10 6.841825313860560100e-12 -1.785662387175154401e-13 4.421279543507585620e-15 -1.043759055224030725e-16 2.359164678136608489e-18 -5.123127980684757944e-20 1.072061775040055635e-21 -2.167318837647653831e-23 4.242398283938129835e-25 -8.056299474315726992e-27 1.486784161054931978e-28 -2.669807648702856624e-30
-7.615385192510332191e-02 2.664885354632582498e-02 -2.620694411569375170e-03 1.702417567224357288e-04 -8.691608930001357716e-06 3.753148936563077082e-07 -1.426549019117727482e-08 4.893051914776976932e-10 -1.540363004143446387e-11 4.505277406942489195e-13 -1.235599721939380784e-14 3.200480729486353001e-16 -7.874747840970260504e-18 1.849231880858347814e-19 -4.160899656766257631e-21 9.000548671649338820e-23 -1.877043246545852237e-24 3.783337274222381817e-26 -7.385986274692005239e-28 1.398768850881528494e-29
4.216241720620389662e-03 -2.620694411569376037e-03 7.118757712746096597e-04 -7.769057440707296885e-05 5.601778884860621413e-06 -3.130648046670024288e-07 1.461571271381242008e-08 -5.947105833701513699e-10 2.166640992254280741e-11 -7.199141408707819730e-13 2.211021742680653984e-14 -6.340253260459712079e-16 1.710953248117712250e-17 -4.372408493033268541e-19 1.063621810379051156e-20 -2.473398600740331085e-22 5.518332609181946255e-24 -1.184860503654796162e-25 2.454871102015782450e-27 -4.917318725085899566e-29
-1.905958753984382005e-04 1.702417567224358643e-04 -7.769057440707302306e-05 1.865255643895684536e-05 -2.161214067715841570e-06 1.679631948438551664e-07 -1.007713915770892496e-08 5.017221233201560859e-10 -2.163453032412408125e-11 8.306943233873547898e-13 -2.895435312734808575e-14 9.291243358449595724e-16 -2.774299555704653116e-17 7.772720933728055557e-19 -2.056995082685837586e-20 5.170166926113625574e-22 -1.239818140678085671e-23 2.847449267920384913e-25 -6.283740865623329547e-27 1.335600341291176460e-28
7.461602793926212024e-06 -8.691608930001364493e-06 5.601778884860625649e-06 -2.161214067715841993e-06 4.813211786726524841e-07 -5.796690635147167801e-08 4.769698471345946302e-09 -3.031682129186182692e-10 1.593787701315676427e-11 -7.227222521230255442e-13 2.906851404733667024e-14 -1.057589658914682362e-15 3.531332843675816201e-17 -1.094161307637045606e-18 3.173275245958879982e-20 -8.674408685345845379e-22 2.247773040655277005e-23 -5.547602006716185506e-25 1.309293029974575669e-26 -2.963557088440565753e-28
-2.612737316939665145e-07 3.753148936563078141e-07 -3.130648046670024817e-07 1.679631948438550605e-07 -5.796690635147162507e-08 1.226674309493155578e-08 -1.517556185595432464e-09 1.306463132895212990e-10 -8.714145316006901376e-12 4.800893621943086622e-13 -2.275605857466159080e-14 9.540366150161233658e-16 -3.608309178339377097e-17 1.249364165777443792e-18 -4.005129216285266776e-20 1.199350047444130426e-21 -3.378997243815961566e-23 9.009391587606690746e-25 -2.284534000950211681e-26 5.528968117808269376e-28
8.351581950737627582e-09 -1.426549019117728144e-08 1.461571271381242339e-08 -1.007713915770891835e-08 4.769698471345942166e-09 -1.517556185595431844e-09 3.094039224450894100e-10 -3.903833999496823432e-11 3.487059010192127844e-12 -2.423364687779416669e-13 1.390946595016252973e-14 -6.858179836160280854e-16 2.984911918726815646e-17 -1.169567792777307501e-18 4.186982221761907441e-20 -1.385201053096854506e-21 4.273512922790978758e-23 -1.238487805804489420e-24 3.391916556515615366e-26 -8.817421471749168053e-28
-2.471544026050267986e-10 4.893051914776979000e-10 -5.947105833701514733e-10 5.017221233201558792e-10 -3.031682129186180108e-10 1.306463132895212732e-10 -3.903833999496823432e-11 7.735852300391087313e-12 -9.908098226006133892e-13 9.126635920644620328e-14 -6.572005150043925509e-15 3.911430868044595332e-16 -1.998133710843742302e-17 8.997617976472545383e-19 -3.641760681851054932e-20 1.344564970419860223e-21 -4.580579649620690646e-23 1.453089773061945266e-24 -4.324301374122420679e-26 1.213710891326691572e-27
6.841825313860568178e-12 -1.540363004143447680e-11 2.166640992254282679e-11 -2.163453032412408449e-11 1.593787701315676427e-11 -8.714145316006907839e-12 3.487059010192130268e-12 -9.908098226006141970e-13 1.919580905200235711e-13 -2.487782160253022218e-14 2.352144696772307703e-15 -1.747306043121887461e-16 1.074182454851812008e-17 -5.666444762479156153e-19 2.632346717403655103e-20 -1.097814958628163796e-21 4.171014139586299477e-23 -1.460384451888444424e-24 4.755462351723483390e-26 -1.449696033171134470e-27
-1.785662387175156421e-13 4.505277406942493234e-13 -7.199141408707825788e-13 8.306943233873547898e-13 -7.227222521230254432e-13 4.800893621943089651e-13 -2.423364687779418688e-13 9.126635920644629164e-14 -2.487782160253023165e-14 4.731955349118722985e-15 -6.191246297926913428e-16 5.986684977392147456e-17 -4.571521451452094926e-18 2.893669358494514968e-19 -1.571811687963846757e-20 7.514296762249746100e-22 -3.222046275137457620e-23 1.257334855721879282e-24 -4.516685170765379547e-26 1.505813954663112701e-27
4.421279543507586409e-15 -1.235599721939380784e-14 2.211021742680653668e-14 -2.895435312734807313e-14 2.906851404733665131e-14 -2.275605857466158764e-14 1.390946595016253604e-14 -6.572005150043927876e-15 2.352144696772306520e-15 -6.191246297926910470e-16 1.159711258728819464e-16 -1.529286702803858373e-17 1.507997707240651987e-18 -1.180233559687644305e-19 7.671169555840231346e-21 -4.280387854131884185e-22 2.101332375795094509e-23 -9.246291574620103719e-25 3.699594014257203433e-26 -1.359708763431046089e-27
-1.043759055224031218e-16 3.200480729486355466e-16 -6.340253260459715037e-16 9.291243358449593752e-16 -1.057589658914681968e-15 9.540366150161237602e-16 -6.858179836160285784e-16 3.911430868044598783e-16 -1.747306043121887214e-16 5.986684977392144991e-17 -1.529286702803858681e-17 2.827562079806445781e-18 -3.753196792480928227e-19 3.765314143254647569e-20 -3.012964983411544428e-21 2.006282680956162596e-22 -1.147561031135789761e-23 5.774255236111322266e-25 -2.602948955986478701e-26 1.064574193048017278e-27
2.359164678136610800e-18 -7.874747840970268208e-18 1.710953248117713175e-17 -2.774299555704652807e-17 3.531332843675814968e-17 -3.608309178339378946e-17 2.984911918726817495e-17 -1.998133710843744459e-17 1.074182454851812162e-17 -4.571521451452094156e-18 1.507997707240652757e-18 -3.753196792480928227e-19 6.862124402240438846e-20 -9.159500096033901984e-21 9.330922250994815992e-22 -7.617978326726474992e-23 5.186561410758577492e-24 -3.035517663681876706e-25 1.562933129934185705e-26 -7.192759554416575032e-28
-5.123127980684760953e-20 1.849231880858349259e-19 -4.372408493033270467e-19 7.772720933728055557e-19 -1.094161307637045220e-18 1.249364165777444177e-18 -1.169567792777308079e-18 8.997617976472551161e-19 -5.666444762479155190e-19 2.893669358494514005e-19 -1.180233559687645027e-19 3.765314143254649374e-20 -9.159500096033903489e-21 1.658378454905546830e-21 -2.224257292467754579e-22 2.297178239989794538e-23 -1.910115515202258975e-24 1.327367274350803461e-25 -7.936205928738550555e-27 4.164475973468810568e-28
1.072061775040056199e-21 -4.160899656766260640e-21 1.063621810379051758e-20 -2.056995082685837285e-20 3.173275245958879380e-20 -4.005129216285267980e-20 4.186982221761911052e-20 -3.641760681851057941e-20 2.632346717403655705e-20 -1.571811687963846456e-20 7.671169555840235860e-21 -3.012964983411545557e-21 9.330922250994817873e-22 -2.224257292467755049e-22 3.992571331229369943e-23 -5.377409556190875186e-24 5.622803608108303017e-25 -4.754455976177108969e-26 3.367129879069152484e-27 -2.046712084843310141e-28
-2.167318837647654418e-23 9.000548671649342346e-23 -2.473398600740332495e-22 5.170166926113624634e-22 -8.674408685345843498e-22 1.199350047444130802e-21 -1.385201053096855071e-21 1.344564970419861164e-21 -1.097814958628164172e-21 7.514296762249746100e-22 -4.280387854131887006e-22 2.006282680956163537e-22 -7.617978326726477343e-23 2.297178239989794832e-23 -5.377409556190875921e-24 9.578723541857545696e-25 -1.294875993373753943e-25 1.369236149125218538e-26 -1.175749799317158224e-27 8.434819294369538749e-29
4.242398283938133509e-25 -1.877043246545854074e-24 5.518332609181949193e-24 -1.239818140678085671e-23 2.247773040655276417e-23 -3.378997243815963917e-23 4.273512922790981697e-23 -4.580579649620694761e-23 4.171014139586299477e-23 -3.222046275137457032e-23 2.101332375795095684e-23 -1.147561031135790202e-23 5.186561410758578227e-24 -1.910115515202259342e-24 5.622803608108303935e-25 -1.294875993373754173e-25 2.290716534754610347e-26 -3.106782123547592022e-27 3.318700323828512756e-28 -2.870723362324103500e-29
-8.056299474315735602e-27 3.783337274222388131e-26 -1.184860503654797310e-25 2.847449267920386290e-25 -5.547602006716188261e-25 9.009391587606701767e-25 -1.238487805804491256e-24 1.453089773061947654e-24 -1.460384451888445343e-24 1.257334855721879465e-24 -9.246291574620114739e-25 5.774255236111326858e-25 -3.035517663681879462e-25 1.327367274350804379e-25 -4.754455976177111839e-26 1.369236149125219399e-26 -3.106782123547594174e-27 5.461914408546409052e-28 -7.427608465340966767e-29 7.921626075580997190e-30
1.486784161054933099e-28 -7.385986274692011517e-28 2.454871102015784602e-27 -6.283740865623329547e-27 1.309293029974575669e-26 -2.284534000950213403e-26 3.391916556515618236e-26 -4.324301374122426419e-26 4.755462351723485112e-26 -4.516685170765379547e-26 3.699594014257206877e-26 -2.602948955986479849e-26 1.562933129934185992e-26 -7.936205928738551990e-27 3.367129879069152484e-27 -1.175749799317158045e-27 3.318700323828512756e-28 -7.427608465340960041e-29 1.296994584844511668e-29 -1.733848044442244466e-30
-2.669807648702859426e-30 1.398768850881530175e-29 -4.917318725085905171e-29 1.335600341291176908e-28 -2.963557088440566202e-28 5.528968117808275654e-28 -8.817421471749177021e-28 1.213710891326693186e-27 -1.449696033171135187e-27 1.505813954663112880e-27 -1.359708763431047165e-27 1.064574193048017996e-27 -7.192759554416577722e-28 4.164475973468811465e-28 -2.046712084843310589e-28 8.434819294369537628e-29 -2.870723362324102940e-29 7.921626075580990183e-30 -1.733848044442243765e-30 2.873945936096105695e-31
