-7.365142187759179393e-01 7.420824488731581070e-01 9.778753260154682270e-01 2.942040494288389318e-02
-7.641335019800150619e-01 7.699105407059017026e-01 8.800877934139217373e-01 3.052367012824204473e-02
-7.641335019800150619e-01 7.699105407059017026e-01 8.800877934139217373e-01 3.052367012824204473e-02
-8.090148371866723309e-01 7.130948532140508611e-01 8.678643518387283429e-01 2.955831309105366733e-02
-8.633903009947383467e-01 7.655624013570361264e-01 7.853561212061732633e-01 2.966174420218098406e-02
-8.572766575771648689e-01 7.831723657199445299e-01 6.409667175992024291e-01 2.984274864665381610e-02
-8.572766575771648689e-01 7.831723657199445299e-01 6.409667175992024291e-01 2.984274864665381610e-02
-1.027622542625349578e+00 7.125422771718010750e-01 4.540817553909728410e-01 2.921892975766712808e-02
-1.101815651291043086e+00 8.257592201238153073e-01 1.681916912055432256e-01 3.089510633200397149e-02
-1.101815651291043086e+00 8.257592201238153073e-01 1.681916912055432256e-01 3.089510633200397149e-02
-1.149712788356350934e+00 8.023330532178218899e-01 6.113511330796383980e-02 2.916755089191833128e-02
-1.149712788356350934e+00 8.023330532178218899e-01 6.113511330796383980e-02 2.916755089191833128e-02
-1.149712788356350934e+00 8.023330532178218899e-01 6.113511330796383980e-02 2.916755089191833128e-02
-1.149712788356350934e+00 8.023330532178218899e-01 6.113511330796383980e-02 2.916755089191833128e-02
-1.149712788356350934e+00 8.023330532178218899e-01 6.113511330796383980e-02 2.916755089191833128e-02
-1.149712788356350934e+00 8.023330532178218899e-01 6.113511330796383980e-02 2.916755089191833128e-02
-1.149712788356350934e+00 8.023330532178218899e-01 6.113511330796383980e-02 2.916755089191833128e-02
-1.149712788356350934e+00 8.023330532178218899e-01 6.113511330796383980e-02 2.916755089191833128e-02
-1.180291196993917602e+00 8.090954002628047981e-01 1.852579963020063031e-03 3.023751650087733861e-02
-1.180291196993917602e+00 8.090954002628047981e-01 1.852579963020063031e-03 3.023751650087733861e-02
-1.156935145051252389e+00 8.201503622839860785e-01 7.554305764813956658e-02 2.874578239490785045e-02
-1.197290588584530191e+00 8.191567063779897628e-01 -2.468456591200408543e-02 2.952654684394675697e-02
-1.230687628803363687e+00 7.688002820849166863e-01 -1.762161829633497601e-02 2.927866808223486550e-02
-1.230687628803363687e+00 7.688002820849166863e-01 -1.762161829633497601e-02 2.927866808223486550e-02
-1.252769746361660275e+00 7.925909542498295046e-01 -1.147029480110491398e-02 2.748324450336124547e-02
-1.252769746361660275e+00 7.925909542498295046e-01 -1.147029480110491398e-02 2.748324450336124547e-02
-1.252769746361660275e+00 7.925909542498295046e-01 -1.147029480110491398e-02 2.748324450336124547e-02
-1.252769746361660275e+00 7.925909542498295046e-01 -1.147029480110491398e-02 2.748324450336124547e-02
-1.345501358488107702e+00 7.031671910521799518e-01 -4.034998174814589944e-02 2.631514385174060083e-02
-1.355580906973624433e+00 7.331962371417204416e-01 2.904832349980604467e-02 2.328473827145999264e-02
-1.355580906973624433e+00 7.331962371417204416e-01 2.904832349980604467e-02 2.328473827145999264e-02
-1.500268969157681376e+00 6.908967752480092983e-01 -9.540330242229069779e-02 2.145216533118418645e-02
-1.647923512275625058e+00 5.556127185910200161e-01 -5.057918642719049646e-02 1.630081026897356455e-02
-1.689276903363368554e+00 6.237943906404490590e-01 -4.917160423919542112e-04 1.112626138513957141e-02
-1.689276903363368554e+00 6.237943906404490590e-01 -4.917160423919542112e-04 1.112626138513957141e-02
-1.689276903363368554e+00 6.237943906404490590e-01 -4.917160423919542112e-04 1.112626138513957141e-02
-2.019852411753648269e+00 4.307477030154376330e-01 -3.181851178096961608e-02 1.922037642843238414e-03
-2.019852411753648269e+00 4.307477030154376330e-01 -3.181851178096961608e-02 1.922037642843238414e-03
-2.019852411753648269e+00 4.307477030154376330e-01 -3.181851178096961608e-02 1.922037642843238414e-03
-2.019852411753648269e+00 4.307477030154376330e-01 -3.181851178096961608e-02 1.922037642843238414e-03
-2.019852411753648269e+00 4.307477030154376330e-01 -3.181851178096961608e-02 1.922037642843238414e-03
-1.940498482683918668e+00 5.219497003607822538e-01 1.924925486540252778e-02 2.005859238258268177e-03
-1.940498482683918668e+00 5.219497003607822538e-01 1.924925486540252778e-02 2.005859238258268177e-03
-1.940498482683918668e+00 5.219497003607822538e-01 1.924925486540252778e-02 2.005859238258268177e-03
-2.003784186813493129e+00 4.923803508960178932e-01 1.681792019521724524e-02 -5.260250314897296125e-04
-2.003784186813493129e+00 4.923803508960178932e-01 1.681792019521724524e-02 -5.260250314897296125e-04
-2.003784186813493129e+00 4.923803508960178932e-01 1.681792019521724524e-02 -5.260250314897296125e-04
-2.002012997331746202e+00 5.052376326610620305e-01 -6.490092115282232801e-03 2.573153927530251830e-04
-2.002012997331746202e+00 5.052376326610620305e-01 -6.490092115282232801e-03 2.573153927530251830e-04
-1.968837198958912849e+00 5.386085760676910805e-01 1.804183516506523144e-02 8.205467526474383112e-05
-1.970867390293029375e+00 5.089769303921717336e-01 2.520303922257829780e-03 1.106694780021600126e-03
-1.971604341712491326e+00 5.418679683547502623e-01 -9.004014517560755826e-03 7.661648648722482052e-04
-1.971604341712491326e+00 5.418679683547502623e-01 -9.004014517560755826e-03 7.661648648722482052e-04
-1.950488956286051678e+00 5.493256738086270685e-01 1.297484752438642780e-02 6.169598290646639664e-04
-1.950488956286051678e+00 5.493256738086270685e-01 1.297484752438642780e-02 6.169598290646639664e-04
-1.972152025616722648e+00 5.635988356863418369e-01 5.175172195239956599e-03 -3.550847276588588175e-04
-1.938552964311369697e+00 5.748654767345369176e-01 8.165982842448635606e-03 8.836135033181326129e-04
-1.938552964311369697e+00 5.748654767345369176e-01 8.165982842448635606e-03 8.836135033181326129e-04
-1.928943894931065550e+00 6.087929807641154767e-01 -2.515255249330057563e-04 6.315048181248267452e-04
-1.928943894931065550e+00 6.087929807641154767e-01 -2.515255249330057563e-04 6.315048181248267452e-04
-1.928943894931065550e+00 6.087929807641154767e-01 -2.515255249330057563e-04 6.315048181248267452e-04
-1.874793839655756411e+00 6.907708229609279549e-01 -2.252397754925603100e-03 1.326742582298906905e-03
-1.874793839655756411e+00 6.907708229609279549e-01 -2.252397754925603100e-03 1.326742582298906905e-03
-1.874793839655756411e+00 6.907708229609279549e-01 -2.252397754925603100e-03 1.326742582298906905e-03
-1.804287055120835426e+00 7.973684177773412429e-01 -5.774935515940929007e-03 1.763567815822214210e-03
-1.804287055120835426e+00 7.973684177773412429e-01 -5.774935515940929007e-03 1.763567815822214210e-03
-1.752136660724608053e+00 8.907756699954418877e-01 6.849828199485777369e-03 1.494073644638447933e-03
-1.752136660724608053e+00 8.907756699954418877e-01 6.849828199485777369e-03 1.494073644638447933e-03
-1.667892083886258980e+00 1.017084378950248169e+00 -4.952388385582491559e-03 2.491340249119310124e-03
-1.667892083886258980e+00 1.017084378950248169e+00 -4.952388385582491559e-03 2.491340249119310124e-03
-1.700299069349423764e+00 9.613198926177386472e-01 8.561058301397313219e-03 1.762716232413197737e-03
-1.584665793434263392e+00 1.193116405900725319e+00 1.278176827311135189e-02 1.274847720921980926e-03
-1.563363431758959088e+00 1.233057453393486824e+00 -8.018804102522879979e-03 1.649416620502163443e-03
-1.563363431758959088e+00 1.233057453393486824e+00 -8.018804102522879979e-03 1.649416620502163443e-03
-1.614533851438776146e+00 1.163938058612226545e+00 9.933634636893604042e-03 4.644236752135494015e-04
-1.539244257020287332e+00 1.321011627941980349e+00 -2.893523882338054458e-03 5.439014133198378370e-04
-1.539244257020287332e+00 1.321011627941980349e+00 -2.893523882338054458e-03 5.439014133198378370e-04
-1.539244257020287332e+00 1.321011627941980349e+00 -2.893523882338054458e-03 5.439014133198378370e-04
-1.539244257020287332e+00 1.321011627941980349e+00 -2.893523882338054458e-03 5.439014133198378370e-04
-1.539244257020287332e+00 1.321011627941980349e+00 -2.893523882338054458e-03 5.439014133198378370e-04
-1.522014238729059610e+00 1.361879741241165176e+00 5.208179808016076204e-03 -1.400760261006674633e-04
-1.522014238729059610e+00 1.361879741241165176e+00 5.208179808016076204e-03 -1.400760261006674633e-04
-1.522014238729059610e+00 1.361879741241165176e+00 5.208179808016076204e-03 -1.400760261006674633e-04
-1.523101188368769954e+00 1.351564720926428542e+00 -3.873330577684617072e-03 2.985854491064184242e-04
-1.523101188368769954e+00 1.351564720926428542e+00 -3.873330577684617072e-03 2.985854491064184242e-04
-1.523101188368769954e+00 1.351564720926428542e+00 -3.873330577684617072e-03 2.985854491064184242e-04
-1.523101188368769954e+00 1.351564720926428542e+00 -3.873330577684617072e-03 2.985854491064184242e-04
-1.510771334173699465e+00 1.369888316742243539e+00 2.150227854013234911e-03 2.763607346029080345e-04
-1.510771334173699465e+00 1.369888316742243539e+00 2.150227854013234911e-03 2.763607346029080345e-04
-1.510771334173699465e+00 1.369888316742243539e+00 2.150227854013234911e-03 2.763607346029080345e-04
-1.509962314328378685e+00 1.372710355833846041e+00 2.023234919320994387e-03 1.106459305464175993e-04
-1.509962314328378685e+00 1.372710355833846041e+00 2.023234919320994387e-03 1.106459305464175993e-04
-1.509962314328378685e+00 1.372710355833846041e+00 2.023234919320994387e-03 1.106459305464175993e-04
-1.509962314328378685e+00 1.372710355833846041e+00 2.023234919320994387e-03 1.106459305464175993e-04
-1.509962314328378685e+00 1.372710355833846041e+00 2.023234919320994387e-03 1.106459305464175993e-04
-1.509962314328378685e+00 1.372710355833846041e+00 2.023234919320994387e-03 1.106459305464175993e-04
-1.514276187089663495e+00 1.368182925569942476e+00 -6.088434845777708927e-04 5.818351338951108752e-05
-1.517045618985078725e+00 1.360081815357904844e+00 1.995497989682546575e-04 3.700272370016957071e-05
-1.517045618985078725e+00 1.360081815357904844e+00 1.995497989682546575e-04 3.700272370016957071e-05
-1.517045618985078725e+00 1.360081815357904844e+00 1.995497989682546575e-04 3.700272370016957071e-05
-1.517045618985078725e+00 1.360081815357904844e+00 1.995497989682546575e-04 3.700272370016957071e-05
-1.519704065347720512e+00 1.351869833246442276e+00 -1.494460573289507418e-05 1.798491070692672896e-04
-1.509834435668110153e+00 1.371130195416026876e+00 3.416735143729119598e-04 8.903422654169175238e-05
-1.509834435668110153e+00 1.371130195416026876e+00 3.416735143729119598e-04 8.903422654169175238e-05
-1.519350428014411669e+00 1.350129300804023380e+00 5.846127424682307557e-04 3.931657618437876074e-05
-1.519350428014411669e+00 1.350129300804023380e+00 5.846127424682307557e-04 3.931657618437876074e-05
-1.519350428014411669e+00 1.350129300804023380e+00 5.846127424682307557e-04 3.931657618437876074e-05
-1.507804011026023794e+00 1.369311529471568534e+00 -8.221244569672509633e-04 -2.189958265376218058e-05
-1.526020451903679742e+00 1.329426805674056133e+00 -2.408209175683987020e-03 7.652982150479847130e-05
-1.516867338182670721e+00 1.341604233106761690e+00 7.194277359735797364e-04 -6.374628516389593759e-05
-1.516867338182670721e+00 1.341604233106761690e+00 7.194277359735797364e-04 -6.374628516389593759e-05
-1.516867338182670721e+00 1.341604233106761690e+00 7.194277359735797364e-04 -6.374628516389593759e-05
-1.542242297675545437e+00 1.275906710047119752e+00 -1.504652922603853978e-03 -1.711220220079099860e-04
-1.542242297675545437e+00 1.275906710047119752e+00 -1.504652922603853978e-03 -1.711220220079099860e-04
-1.533717139307759325e+00 1.276519991306611423e+00 -6.729325605176578965e-04 -1.900248508934245222e-04
-1.533717139307759325e+00 1.276519991306611423e+00 -6.729325605176578965e-04 -1.900248508934245222e-04
-1.533717139307759325e+00 1.276519991306611423e+00 -6.729325605176578965e-04 -1.900248508934245222e-04
-1.533717139307759325e+00 1.276519991306611423e+00 -6.729325605176578965e-04 -1.900248508934245222e-04
-1.558910189373668764e+00 1.178879997276902625e+00 2.404476065590311837e-03 -4.334097408362955726e-04
-1.546892715693729770e+00 1.234646371834775991e+00 1.654877282611863292e-03 -1.094142103203420407e-04
-1.546892715693729770e+00 1.234646371834775991e+00 1.654877282611863292e-03 -1.094142103203420407e-04
-1.541769032407434459e+00 1.190761841291295475e+00 1.981670129751133495e-03 -2.801871161086014585e-04
-1.541769032407434459e+00 1.190761841291295475e+00 1.981670129751133495e-03 -2.801871161086014585e-04
-1.541769032407434459e+00 1.190761841291295475e+00 1.981670129751133495e-03 -2.801871161086014585e-04
-1.541769032407434459e+00 1.190761841291295475e+00 1.981670129751133495e-03 -2.801871161086014585e-04
-1.539318869299735937e+00 1.095069571765044714e+00 7.625543762752991228e-03 -4.536160162630256502e-04
-1.516125226946497762e+00 1.187070479448843141e+00 1.233972069361514642e-03 3.828053105070527463e-05
-1.516125226946497762e+00 1.187070479448843141e+00 1.233972069361514642e-03 3.828053105070527463e-05
-1.497484364900532050e+00 1.105572570723810433e+00 4.450591686665798276e-03 -5.008172774748541551e-04
-1.495129961041353539e+00 9.515739548708710416e-01 8.058447411370316116e-03 -3.481116104970357521e-04
-1.495129961041353539e+00 9.515739548708710416e-01 8.058447411370316116e-03 -3.481116104970357521e-04
-1.395904205032975298e+00 1.111763414683106355e+00 5.323447839051653058e-03 -9.212963615820482077e-05
-1.377412464694566019e+00 7.939772798782867014e-01 1.136049594569584105e-02 -8.568217121965855752e-04
-1.324640263632023363e+00 7.232766291942098746e-01 1.010968490535980695e-02 -4.562942118676530795e-05
-1.324640263632023363e+00 7.232766291942098746e-01 1.010968490535980695e-02 -4.562942118676530795e-05
-1.062341342980895220e+00 6.199010289922552985e-01 1.659378035129090156e-02 -4.787552416789630626e-04
-1.062341342980895220e+00 6.199010289922552985e-01 1.659378035129090156e-02 -4.787552416789630626e-04
-8.688312461020246680e-01 2.139681435211704397e-01 2.651118710736416126e-02 2.279354354388588716e-04
-6.851232049066049434e-01 -5.898299077812763080e-02 2.285890592229174179e-02 2.584008345200138491e-04
-6.851232049066049434e-01 -5.898299077812763080e-02 2.285890592229174179e-02 2.584008345200138491e-04
-4.456153081885925182e-01 -2.372719201623119112e-02 2.782893618321345339e-02 6.918770880914629738e-04
-4.456153081885925182e-01 -2.372719201623119112e-02 2.782893618321345339e-02 6.918770880914629738e-04
-3.981769019649923358e-01 -1.898306527883258377e-01 2.689268238807317538e-02 -1.981446341149068293e-05
-6.365487435178649456e-01 1.897189581079230802e-01 1.595270661198678469e-02 7.874604436196907045e-04
-6.365487435178649456e-01 1.897189581079230802e-01 1.595270661198678469e-02 7.874604436196907045e-04
-1.712903718980981482e-01 -1.259667686586508628e-01 2.476745069554723427e-02 9.714440968470845154e-04
-1.876460466119989068e-01 -3.066499376045201397e-01 1.348554844458189211e-02 6.706884774344379178e-04
-1.876460466119989068e-01 -3.066499376045201397e-01 1.348554844458189211e-02 6.706884774344379178e-04
-1.876460466119989068e-01 -3.066499376045201397e-01 1.348554844458189211e-02 6.706884774344379178e-04
-1.876460466119989068e-01 -3.066499376045201397e-01 1.348554844458189211e-02 6.706884774344379178e-04
-2.356126093511233810e-01 -1.094017925724810325e-01 -2.148765659616483359e-04 1.411396386001516649e-03
-1.935897865877662660e-01 -1.473207084872195649e-01 2.294451355892748734e-03 -1.376015025692125908e-04
-1.935897865877662660e-01 -1.473207084872195649e-01 2.294451355892748734e-03 -1.376015025692125908e-04
-1.935897865877662660e-01 -1.473207084872195649e-01 2.294451355892748734e-03 -1.376015025692125908e-04
-1.935897865877662660e-01 -1.473207084872195649e-01 2.294451355892748734e-03 -1.376015025692125908e-04
-1.935897865877662660e-01 -1.473207084872195649e-01 2.294451355892748734e-03 -1.376015025692125908e-04
-1.935897865877662660e-01 -1.473207084872195649e-01 2.294451355892748734e-03 -1.376015025692125908e-04
-1.935897865877662660e-01 -1.473207084872195649e-01 2.294451355892748734e-03 -1.376015025692125908e-04
-1.935897865877662660e-01 -1.473207084872195649e-01 2.294451355892748734e-03 -1.376015025692125908e-04
-1.935897865877662660e-01 -1.473207084872195649e-01 2.294451355892748734e-03 -1.376015025692125908e-04
-5.080365382551194076e-02 -1.404159798718228602e-01 3.135847306772739790e-03 -2.002840238131999018e-04
-5.080365382551194076e-02 -1.404159798718228602e-01 3.135847306772739790e-03 -2.002840238131999018e-04
-5.080365382551194076e-02 -1.404159798718228602e-01 3.135847306772739790e-03 -2.002840238131999018e-04
-5.080365382551194076e-02 -1.404159798718228602e-01 3.135847306772739790e-03 -2.002840238131999018e-04
-1.061508308326261085e-01 1.294980434990904705e-01 2.280529664223181555e-03 -2.334008225750276049e-05
-1.061508308326261085e-01 1.294980434990904705e-01 2.280529664223181555e-03 -2.334008225750276049e-05
-3.270707438401959655e-02 -8.333588776462448611e-02 -2.861570621299474454e-04 9.965586812188403790e-05
-3.270707438401959655e-02 -8.333588776462448611e-02 -2.861570621299474454e-04 9.965586812188403790e-05
-3.270707438401959655e-02 -8.333588776462448611e-02 -2.861570621299474454e-04 9.965586812188403790e-05
-3.270707438401959655e-02 -8.333588776462448611e-02 -2.861570621299474454e-04 9.965586812188403790e-05
-3.270707438401959655e-02 -8.333588776462448611e-02 -2.861570621299474454e-04 9.965586812188403790e-05
-5.257034758078784481e-02 3.927656107108611072e-02 -1.353706469272981895e-03 -6.040094117597059181e-05
-5.257034758078784481e-02 3.927656107108611072e-02 -1.353706469272981895e-03 -6.040094117597059181e-05
9.911988299300181909e-03 -4.573741327147448632e-02 3.677842584391430390e-04 -1.740533064127815633e-04
2.937580281972593937e-02 -5.236876334531768984e-02 -1.862525210069426447e-04 -5.544249893795249247e-05
-2.002650910622617159e-03 -1.380809970172341972e-03 1.310818193981484140e-03 3.091039375916669824e-05
-2.002650910622617159e-03 -1.380809970172341972e-03 1.310818193981484140e-03 3.091039375916669824e-05
-2.029683321092277601e-02 9.588536501404721496e-03 -4.659257645388132350e-04 -7.339212408052731105e-05
-1.063036736527073547e-03 3.320141202136075304e-02 5.907061046258970088e-05 5.161728360874063572e-05
-1.063036736527073547e-03 3.320141202136075304e-02 5.907061046258970088e-05 5.161728360874063572e-05
-9.161005901950777797e-03 -9.993814738386719992e-04 2.580460433389741219e-04 6.004432227528319784e-05
-3.179524391983309505e-03 2.205652137985620546e-03 6.423395641680425955e-04 1.462040931106418585e-05
-1.018695193976595567e-02 6.767464828346764390e-03 -1.074992490037491200e-04 -2.652928293483388316e-05
3.598827306733920137e-03 -4.164161592944427490e-03 1.286210451985588584e-04 -1.000479964329315132e-05
3.598827306733920137e-03 -4.164161592944427490e-03 1.286210451985588584e-04 -1.000479964329315132e-05
3.598827306733920137e-03 -4.164161592944427490e-03 1.286210451985588584e-04 -1.000479964329315132e-05
3.598827306733920137e-03 -4.164161592944427490e-03 1.286210451985588584e-04 -1.000479964329315132e-05
-7.426624037537186626e-05 9.063136094457874964e-03 1.387734776706869616e-04 -2.865158656600974343e-05
-2.584340244410633734e-03 1.062871136951428624e-02 1.373683102950497086e-04 7.089416183946083486e-06
-2.584340244410633734e-03 1.062871136951428624e-02 1.373683102950497086e-04 7.089416183946083486e-06
-2.584340244410633734e-03 1.062871136951428624e-02 1.373683102950497086e-04 7.089416183946083486e-06
8.388386056879394270e-04 1.834796966857221538e-03 8.695612470763520855e-05 -1.285706530003276326e-05
-3.311481527309054294e-03 2.990205395059536420e-03 -7.409974571878972073e-05 5.130185285453483981e-06
-1.165611230836905788e-03 5.519558452533691872e-03 -4.440987389840085641e-05 -1.424461931678370637e-05
2.167392436872718313e-03 4.529987864710777017e-03 1.104214233423374822e-05 9.819332785113846283e-06
-1.476027836653479768e-03 7.173674269652296695e-03 6.612023607560964667e-05 2.025687273691899535e-06
-5.379671689687047856e-05 3.444076731173148411e-03 3.830965720289920649e-05 -6.087209396581940987e-06
-5.379671689687047856e-05 3.444076731173148411e-03 3.830965720289920649e-05 -6.087209396581940987e-06
-7.183279027648874172e-04 5.163060942244937154e-03 -1.129182032824537113e-05 -6.214553130500533570e-06
5.874588886352239032e-04 4.747409783025249852e-03 1.364244245526204021e-05 3.813187180996445591e-06
5.874588886352239032e-04 4.747409783025249852e-03 1.364244245526204021e-05 3.813187180996445591e-06
-1.005995733358587378e-03 4.429322103783124749e-03 -4.673295765885770723e-06 -2.914758985950589719e-07
-7.655441996597040812e-04 5.817622667058777730e-03 -7.042669294748063214e-06 2.086214722890743097e-06
-6.292135078636755877e-04 5.176571030939316684e-03 -1.077379849368342559e-06 -2.388810575376433124e-06
6.966813134341568771e-05 4.319492867735605889e-03 -3.419721635077660677e-05 1.469755801259307876e-06
2.343780625293058820e-06 4.841580975202227841e-03 9.474010700336732557e-07 2.016054096770542470e-06
2.343780625293058820e-06 4.841580975202227841e-03 9.474010700336732557e-07 2.016054096770542470e-06
2.343780625293058820e-06 4.841580975202227841e-03 9.474010700336732557e-07 2.016054096770542470e-06
2.343780625293058820e-06 4.841580975202227841e-03 9.474010700336732557e-07 2.016054096770542470e-06
2.343780625293058820e-06 4.841580975202227841e-03 9.474010700336732557e-07 2.016054096770542470e-06
5.001130415768361044e-05 5.517984498064235771e-03 -7.879900330332167217e-06 1.454014091617549221e-06
5.001130415768361044e-05 5.517984498064235771e-03 -7.879900330332167217e-06 1.454014091617549221e-06
5.001130415768361044e-05 5.517984498064235771e-03 -7.879900330332167217e-06 1.454014091617549221e-06
-1.494246398340824699e-04 5.243788228034479415e-03 -2.361079272946725678e-06 4.646935620238807353e-07
-4.853561799785863890e-05 6.103994179731920058e-03 3.800206596493254655e-06 -2.402771560081503478e-07
-4.853561799785863890e-05 6.103994179731920058e-03 3.800206596493254655e-06 -2.402771560081503478e-07
-4.853561799785863890e-05 6.103994179731920058e-03 3.800206596493254655e-06 -2.402771560081503478e-07
-4.853561799785863890e-05 6.103994179731920058e-03 3.800206596493254655e-06 -2.402771560081503478e-07
-4.853561799785863890e-05 6.103994179731920058e-03 3.800206596493254655e-06 -2.402771560081503478e-07
-4.251792760351890533e-05 5.660135493736300275e-03 3.692543290636693410e-06 -3.586269249675122548e-07
2.803370991950371088e-05 5.593110966851829596e-03 -2.709697268588872459e-06 1.263724342221886280e-07
1.950096084069906431e-06 5.620296525913132807e-03 3.524444531442740255e-06 2.946190816810692046e-07
1.950096084069906431e-06 5.620296525913132807e-03 3.524444531442740255e-06 2.946190816810692046e-07
-2.019486460502521597e-05 5.913289193845689892e-03 3.002931786705449673e-06 -1.476674491428246662e-07
1.846771509996775044e-05 5.856750945211657185e-03 3.096446469614509717e-06 -1.519606372987556409e-07
-1.772688173944493242e-05 5.702998700845939364e-03 2.710537335215074945e-06 -1.641430338010464467e-07
1.182886306469779443e-05 5.683222404152967963e-03 1.869463810777856471e-07 4.204221229089962364e-08
1.182886306469779443e-05 5.683222404152967963e-03 1.869463810777856471e-07 4.204221229089962364e-08
1.182886306469779443e-05 5.683222404152967963e-03 1.869463810777856471e-07 4.204221229089962364e-08
1.182886306469779443e-05 5.683222404152967963e-03 1.869463810777856471e-07 4.204221229089962364e-08
1.182886306469779443e-05 5.683222404152967963e-03 1.869463810777856471e-07 4.204221229089962364e-08
-2.387962545584220459e-07 5.782111234864568267e-03 2.233575099107586395e-06 -3.462128808972126542e-08
-2.387962545584220459e-07 5.782111234864568267e-03 2.233575099107586395e-06 -3.462128808972126542e-08
