1.000000000000000000e+00 5.429150257027125247e-16
2.000000000000000000e+00 -1.603240099444663711e-05
3.000000000000000000e+00 -2.747681708250429913e-02
4.000000000000000000e+00 -1.603240099444663711e-05
5.000000000000000000e+00 -5.374135496322258836e-03
1.000000000000000000e+01 5.429150257027125247e-16
2.000000000000000000e+01 6.621008543777432437e-07
3.000000000000000000e+01 6.621008543777432437e-07
4.000000000000000000e+01 6.621008543777432437e-07
5.000000000000000000e+01 1.262286571564648747e-12
