1.000000000000000000e+00 5.917399954957008934e-16
2.000000000000000000e+00 8.903497106263937852e-06
3.000000000000000000e+00 1.491557348657583659e-01
4.000000000000000000e+00 8.903497106263937852e-06
5.000000000000000000e+00 6.721676140828058976e-02
1.000000000000000000e+01 5.917399954957008934e-16
2.000000000000000000e+01 2.622124557372056408e-01
3.000000000000000000e+01 3.066968674046632315e-01
4.000000000000000000e+01 2.622124557372056408e-01
5.000000000000000000e+01 9.837766966914348599e-01
