9.054767702773629523e-01 8.757309212615937977e-01 -1.399666114788775673e-01 -7.109462602160148137e-01
9.394321491627639631e-01 9.085708308089039953e-01 -1.452153594093354427e-01 -6.398516341944133767e-01
9.394321491627639631e-01 9.085708308089039953e-01 -1.452153594093354427e-01 -6.398516341944133767e-01
9.394321491627639631e-01 9.085708308089039953e-01 -1.452153594093354427e-01 -6.398516341944133767e-01
9.146730187254923372e-01 1.005038065104126854e+00 -1.475116866289107320e-01 -5.909740788045629856e-01
1.012117882089325516e+00 9.816054213125573469e-01 -1.531704929914356472e-01 -5.009949427459738924e-01
1.012117882089325516e+00 9.816054213125573469e-01 -1.531704929914356472e-01 -5.009949427459738924e-01
9.477220365859571061e-01 1.055131755253442272e+00 -1.667536785536557487e-01 -3.731079299219606238e-01
1.004872520481453702e+00 1.214312312907810831e+00 -1.697855480857511923e-01 -2.085974647284223327e-01
1.004872520481453702e+00 1.214312312907810831e+00 -1.697855480857511923e-01 -2.085974647284223327e-01
1.072283812535007375e+00 1.278386616405056575e+00 -2.027376941861872561e-01 6.909422181041857680e-02
1.023114676815172874e+00 1.259846936736635170e+00 -1.895571320773015989e-01 -2.049600703032444793e-02
1.023114676815172874e+00 1.259846936736635170e+00 -1.895571320773015989e-01 -2.049600703032444793e-02
1.023114676815172874e+00 1.259846936736635170e+00 -1.895571320773015989e-01 -2.049600703032444793e-02
1.023114676815172874e+00 1.259846936736635170e+00 -1.895571320773015989e-01 -2.049600703032444793e-02
1.023114676815172874e+00 1.259846936736635170e+00 -1.895571320773015989e-01 -2.049600703032444793e-02
1.059533126962032501e+00 1.262621920854325008e+00 -1.939357196477872747e-01 9.686845303609626506e-03
1.059533126962032501e+00 1.262621920854325008e+00 -1.939357196477872747e-01 9.686845303609626506e-03
1.059533126962032501e+00 1.262621920854325008e+00 -1.939357196477872747e-01 9.686845303609626506e-03
1.059533126962032501e+00 1.262621920854325008e+00 -1.939357196477872747e-01 9.686845303609626506e-03
1.059533126962032501e+00 1.262621920854325008e+00 -1.939357196477872747e-01 9.686845303609626506e-03
1.059533126962032501e+00 1.262621920854325008e+00 -1.939357196477872747e-01 9.686845303609626506e-03
1.059533126962032501e+00 1.262621920854325008e+00 -1.939357196477872747e-01 9.686845303609626506e-03
1.039846485437501800e+00 1.263161398887975739e+00 -1.905359986640663417e-01 -7.882004384839056202e-03
1.052124678682398340e+00 1.262713527708025696e+00 -1.905611568914018505e-01 -4.802583576702288380e-03
1.052124678682398340e+00 1.262713527708025696e+00 -1.905611568914018505e-01 -4.802583576702288380e-03
1.057690103543318383e+00 1.270337572046902563e+00 -1.906567726223420411e-01 3.626338577205377462e-03
1.057690103543318383e+00 1.270337572046902563e+00 -1.906567726223420411e-01 3.626338577205377462e-03
1.057690103543318383e+00 1.270337572046902563e+00 -1.906567726223420411e-01 3.626338577205377462e-03
1.062050414661625641e+00 1.266531036443034441e+00 -1.912741979772165091e-01 2.588970728759294130e-03
1.055183326131618138e+00 1.265267849246477283e+00 -1.909091724496137510e-01 -2.173827052022898280e-03
1.054824700618917088e+00 1.264613826321120182e+00 -1.909188102631421136e-01 -1.517495956703253726e-03
1.059699226592557775e+00 1.269455100028322736e+00 -1.896137651658000023e-01 -1.766891250622091040e-03
1.059699226592557775e+00 1.269455100028322736e+00 -1.896137651658000023e-01 -1.766891250622091040e-03
1.059699226592557775e+00 1.269455100028322736e+00 -1.896137651658000023e-01 -1.766891250622091040e-03
1.059699226592557775e+00 1.269455100028322736e+00 -1.896137651658000023e-01 -1.766891250622091040e-03
1.061724472074596415e+00 1.270414757363047098e+00 -1.900370586321234734e-01 1.560328173837842057e-03
1.062989192140997963e+00 1.269566212253852022e+00 -1.896786616862738972e-01 -3.328330900180635765e-04
1.064917810385610064e+00 1.275611901899267320e+00 -1.878016014639485864e-01 -7.506664170172895004e-04
1.064917810385610064e+00 1.275611901899267320e+00 -1.878016014639485864e-01 -7.506664170172895004e-04
1.064917810385610064e+00 1.275611901899267320e+00 -1.878016014639485864e-01 -7.506664170172895004e-04
1.064917810385610064e+00 1.275611901899267320e+00 -1.878016014639485864e-01 -7.506664170172895004e-04
1.064917810385610064e+00 1.275611901899267320e+00 -1.878016014639485864e-01 -7.506664170172895004e-04
1.074406827639176498e+00 1.287196186674359311e+00 -1.841127522485241919e-01 -7.945177705146236856e-04
1.074406827639176498e+00 1.287196186674359311e+00 -1.841127522485241919e-01 -7.945177705146236856e-04
1.074406827639176498e+00 1.287196186674359311e+00 -1.841127522485241919e-01 -7.945177705146236856e-04
1.074406827639176498e+00 1.287196186674359311e+00 -1.841127522485241919e-01 -7.945177705146236856e-04
1.084595605699047116e+00 1.302017224511029081e+00 -1.796731199425950498e-01 7.866703870787215619e-04
1.084595605699047116e+00 1.302017224511029081e+00 -1.796731199425950498e-01 7.866703870787215619e-04
1.093379462069075991e+00 1.316484142459131590e+00 -1.751103899167935629e-01 -1.468690944820879446e-03
1.106823499929325383e+00 1.329570818455895864e+00 -1.706752635800786733e-01 -6.264216628214481705e-04
1.126305860316108465e+00 1.362489107303651359e+00 -1.604299210475504944e-01 -1.079067657041004463e-03
1.126305860316108465e+00 1.362489107303651359e+00 -1.604299210475504944e-01 -1.079067657041004463e-03
1.168333976021496579e+00 1.418006745332763607e+00 -1.429623559907602370e-01 -3.162520644124123658e-03
1.206982148745753936e+00 1.465214861591782380e+00 -1.279767905978381748e-01 7.782974519764465637e-05
1.255213059637576567e+00 1.540774541950169940e+00 -1.048231885345876635e-01 -1.078520262786898058e-03
1.255213059637576567e+00 1.540774541950169940e+00 -1.048231885345876635e-01 -1.078520262786898058e-03
1.411454738758045835e+00 1.747317724924808857e+00 -3.938709034368148565e-02 -3.721582942781735681e-03
1.509739079399681660e+00 1.883265683560618520e+00 3.359228778047063102e-03 2.602630739129488391e-05
1.509739079399681660e+00 1.883265683560618520e+00 3.359228778047063102e-03 2.602630739129488391e-05
1.509739079399681660e+00 1.883265683560618520e+00 3.359228778047063102e-03 2.602630739129488391e-05
1.509739079399681660e+00 1.883265683560618520e+00 3.359228778047063102e-03 2.602630739129488391e-05
1.509739079399681660e+00 1.883265683560618520e+00 3.359228778047063102e-03 2.602630739129488391e-05
1.509739079399681660e+00 1.883265683560618520e+00 3.359228778047063102e-03 2.602630739129488391e-05
1.509739079399681660e+00 1.883265683560618520e+00 3.359228778047063102e-03 2.602630739129488391e-05
1.442403315730171443e+00 1.794495725517071705e+00 -2.489615265926917176e-02 -1.472584369773056231e-04
1.442403315730171443e+00 1.794495725517071705e+00 -2.489615265926917176e-02 -1.472584369773056231e-04
1.442403315730171443e+00 1.794495725517071705e+00 -2.489615265926917176e-02 -1.472584369773056231e-04
1.442403315730171443e+00 1.794495725517071705e+00 -2.489615265926917176e-02 -1.472584369773056231e-04
1.442403315730171443e+00 1.794495725517071705e+00 -2.489615265926917176e-02 -1.472584369773056231e-04
1.493548833486633809e+00 1.865144420882212994e+00 -2.623334042460789828e-03 3.671581420566037007e-04
1.483466119328933130e+00 1.849368859802892340e+00 -7.400828398671082178e-03 3.232810837567619668e-05
1.483466119328933130e+00 1.849368859802892340e+00 -7.400828398671082178e-03 3.232810837567619668e-05
1.483466119328933130e+00 1.849368859802892340e+00 -7.400828398671082178e-03 3.232810837567619668e-05
1.460891812395007427e+00 1.819524243648595441e+00 -1.697479932398531649e-02 1.509606653314608555e-04
1.460891812395007427e+00 1.819524243648595441e+00 -1.697479932398531649e-02 1.509606653314608555e-04
1.479997363875235061e+00 1.846215386685921889e+00 -8.517437900762611300e-03 2.162915209682449093e-04
1.463715367634191189e+00 1.823787523200471661e+00 -1.551859849883141865e-02 1.738708185540375540e-04
1.463715367634191189e+00 1.823787523200471661e+00 -1.551859849883141865e-02 1.738708185540375540e-04
1.463715367634191189e+00 1.823787523200471661e+00 -1.551859849883141865e-02 1.738708185540375540e-04
1.467035977007592029e+00 1.827929274940971238e+00 -1.429410147156959070e-02 1.967285662994861092e-04
1.472476537307896072e+00 1.835114535176895156e+00 -1.203647997800047845e-02 3.424362004303204516e-04
1.474859156762117873e+00 1.838892991824427448e+00 -1.081105854206671976e-02 2.042208511683636760e-04
1.472588838162136371e+00 1.835441067909542534e+00 -1.186729820384944262e-02 1.424396246515688153e-04
1.467727747472063360e+00 1.829065995331715211e+00 -1.388541652385148761e-02 1.976635645957361517e-04
1.469474523466822724e+00 1.831278961250808024e+00 -1.322208239175581140e-02 2.092093132554916914e-04
1.469474523466822724e+00 1.831278961250808024e+00 -1.322208239175581140e-02 2.092093132554916914e-04
1.472384541471646102e+00 1.835447870596390807e+00 -1.188443489256060977e-02 1.750657979476889000e-04
1.472384541471646102e+00 1.835447870596390807e+00 -1.188443489256060977e-02 1.750657979476889000e-04
1.468624230872914271e+00 1.830395547503596454e+00 -1.348293654909429526e-02 1.873993882584120601e-04
1.468948817479132085e+00 1.830737885506798612e+00 -1.336459348208743347e-02 1.837551604504347226e-04
1.470602398511733799e+00 1.833270052240951298e+00 -1.253671403405675483e-02 1.177571229522464109e-04
1.470083740034292319e+00 1.832408954547136037e+00 -1.284871155101674836e-02 2.242762090454504705e-04
1.470083740034292319e+00 1.832408954547136037e+00 -1.284871155101674836e-02 2.242762090454504705e-04
1.470083740034292319e+00 1.832408954547136037e+00 -1.284871155101674836e-02 2.242762090454504705e-04
1.471778612260239205e+00 1.834826735062141889e+00 -1.206189222784177784e-02 1.640787695460054884e-04
1.471159661175063693e+00 1.834178808676922845e+00 -1.223862063829374985e-02 1.490979705310032191e-04
1.471159661175063693e+00 1.834178808676922845e+00 -1.223862063829374985e-02 1.490979705310032191e-04
1.471159661175063693e+00 1.834178808676922845e+00 -1.223862063829374985e-02 1.490979705310032191e-04
1.471159661175063693e+00 1.834178808676922845e+00 -1.223862063829374985e-02 1.490979705310032191e-04
1.471112064226457239e+00 1.834290493370345665e+00 -1.220580431051274117e-02 2.438993758359925398e-04
1.470693864481384061e+00 1.834133656843499161e+00 -1.220407754789441801e-02 1.145418486347837155e-04
1.470693864481384061e+00 1.834133656843499161e+00 -1.220407754789441801e-02 1.145418486347837155e-04
1.470231654795867371e+00 1.833880666695370643e+00 -1.221973287178932527e-02 9.174582541811499882e-05
1.468626076820942927e+00 1.832250172373185215e+00 -1.272383621153175270e-02 1.932047512577824257e-04
1.468626076820942927e+00 1.832250172373185215e+00 -1.272383621153175270e-02 1.932047512577824257e-04
1.468626076820942927e+00 1.832250172373185215e+00 -1.272383621153175270e-02 1.932047512577824257e-04
1.466229815951310300e+00 1.830782181229051453e+00 -1.296169397402169299e-02 4.632648492484741851e-05
1.466229815951310300e+00 1.830782181229051453e+00 -1.296169397402169299e-02 4.632648492484741851e-05
1.466493685065800356e+00 1.832334629842927498e+00 -1.237637278600882407e-02 1.327362692641822920e-04
1.466493685065800356e+00 1.832334629842927498e+00 -1.237637278600882407e-02 1.327362692641822920e-04
1.459980236437515622e+00 1.827397894276678869e+00 -1.350490691963332490e-02 -5.264883792968985546e-05
1.460224980831628550e+00 1.828288169979592759e+00 -1.315393845295365766e-02 1.041079818602394730e-04
1.455619967371726275e+00 1.826059473448735204e+00 -1.350369464917700046e-02 1.930937196418109616e-04
1.455619967371726275e+00 1.826059473448735204e+00 -1.350369464917700046e-02 1.930937196418109616e-04
1.441695671965915082e+00 1.817811641090937513e+00 -1.492058276894660251e-02 -8.817459563084743259e-05
1.441009145868784813e+00 1.820495422334127866e+00 -1.372527138868256946e-02 2.559513004810286523e-04
1.426107780858425933e+00 1.812870310194202084e+00 -1.485570802383858607e-02 5.632014986676190695e-05
1.426107780858425933e+00 1.812870310194202084e+00 -1.485570802383858607e-02 5.632014986676190695e-05
1.389217572933848288e+00 1.794056153469444581e+00 -1.744433032459732913e-02 -5.555162807962854598e-05
1.389217572933848288e+00 1.794056153469444581e+00 -1.744433032459732913e-02 -5.555162807962854598e-05
1.347601494991281790e+00 1.772816584739137724e+00 -2.058186203894704636e-02 -1.050805742985819061e-04
1.321211359561639043e+00 1.764848944069378867e+00 -2.010845872707058002e-02 -2.680533613368432351e-04
1.240584971625414035e+00 1.723871152827261000e+00 -2.587140033841878184e-02 -1.904720073629747202e-04
1.240584971625414035e+00 1.723871152827261000e+00 -2.587140033841878184e-02 -1.904720073629747202e-04
1.091316285705934419e+00 1.653067005945207057e+00 -3.455307139688555684e-02 -7.874677554006426737e-04
9.823345346270566658e-01 1.605733959310374104e+00 -3.875641498664000872e-02 -1.200200248789281719e-03
9.823345346270566658e-01 1.605733959310374104e+00 -3.875641498664000872e-02 -1.200200248789281719e-03
7.059167787455704612e-01 1.475978021200424983e+00 -5.420286421175314617e-02 -1.218323290986995672e-03
7.059167787455704612e-01 1.475978021200424983e+00 -5.420286421175314617e-02 -1.218323290986995672e-03
9.784933831541549054e-01 1.610792162110916692e+00 -3.628306035240422278e-02 -6.066721001666188634e-04
6.333274569167519630e-01 1.452628649498554303e+00 -5.346563350007918491e-02 -1.172661875900495119e-03
6.333274569167519630e-01 1.452628649498554303e+00 -5.346563350007918491e-02 -1.172661875900495119e-03
4.576179758530425357e-01 1.373992285509520350e+00 -6.180300955436257571e-02 -1.028958992535548714e-03
5.618711060596117690e-01 1.441144023060813240e+00 -4.813351739495463910e-02 -7.650690561746692486e-04
5.618711060596117690e-01 1.441144023060813240e+00 -4.813351739495463910e-02 -7.650690561746692486e-04
5.618711060596117690e-01 1.441144023060813240e+00 -4.813351739495463910e-02 -7.650690561746692486e-04
5.618711060596117690e-01 1.441144023060813240e+00 -4.813351739495463910e-02 -7.650690561746692486e-04
5.618711060596117690e-01 1.441144023060813240e+00 -4.813351739495463910e-02 -7.650690561746692486e-04
4.281785145731160647e-01 1.412979209184372920e+00 -4.088952224704808791e-02 3.702567103166605391e-04
4.281785145731160647e-01 1.412979209184372920e+00 -4.088952224704808791e-02 3.702567103166605391e-04
4.281785145731160647e-01 1.412979209184372920e+00 -4.088952224704808791e-02 3.702567103166605391e-04
1.688743107054804238e-01 1.327109171355582262e+00 -3.969711559279007207e-02 2.799646041162395685e-04
-8.336093628113161458e-02 1.257562930109517474e+00 -3.321089602174243094e-02 1.837357504151088030e-03
-8.336093628113161458e-02 1.257562930109517474e+00 -3.321089602174243094e-02 1.837357504151088030e-03
-4.960112992336512816e-01 1.133074826464191442e+00 -2.611095431867307970e-02 3.008531957548425586e-03
-4.875030229059364451e-01 1.152163370912102636e+00 -1.922117300133809048e-02 2.909526305769961387e-03
-4.875030229059364451e-01 1.152163370912102636e+00 -1.922117300133809048e-02 2.909526305769961387e-03
-4.875030229059364451e-01 1.152163370912102636e+00 -1.922117300133809048e-02 2.909526305769961387e-03
-4.875030229059364451e-01 1.152163370912102636e+00 -1.922117300133809048e-02 2.909526305769961387e-03
-4.875030229059364451e-01 1.152163370912102636e+00 -1.922117300133809048e-02 2.909526305769961387e-03
-4.875030229059364451e-01 1.152163370912102636e+00 -1.922117300133809048e-02 2.909526305769961387e-03
-6.584959044994838084e-01 1.064957252948008914e+00 -3.108189575851225128e-02 2.023683583468599903e-03
-4.622271957787920105e-01 1.129469876026981900e+00 -3.226571263578408705e-02 1.413414110372603841e-03
-4.724341665735907192e-01 1.177649542021922180e+00 -9.977662466563994026e-03 2.506211160386325257e-03
-7.467953450882236499e-01 1.068067573917754309e+00 -1.683627403365696440e-02 2.401832978586037302e-03
-6.824732830641084824e-01 1.067908751545231016e+00 -2.585959944592056137e-02 1.263044610636821982e-03
-4.559556838795684186e-01 1.202407301737899559e+00 -1.540644919419714709e-03 1.641009978049142240e-03
-4.559556838795684186e-01 1.202407301737899559e+00 -1.540644919419714709e-03 1.641009978049142240e-03
-8.284790112043363131e-01 1.055815625870731189e+00 -9.561285631432891313e-03 1.393050249977955280e-03
-8.284790112043363131e-01 1.055815625870731189e+00 -9.561285631432891313e-03 1.393050249977955280e-03
-5.663275062115888936e-01 1.136773948463999151e+00 -1.302123477118613537e-02 3.796114681161493268e-04
-5.663275062115888936e-01 1.136773948463999151e+00 -1.302123477118613537e-02 3.796114681161493268e-04
-5.663275062115888936e-01 1.136773948463999151e+00 -1.302123477118613537e-02 3.796114681161493268e-04
-8.039017727835446880e-01 1.079385048614730280e+00 -2.588708072109460225e-03 2.733592262672661366e-04
-8.039017727835446880e-01 1.079385048614730280e+00 -2.588708072109460225e-03 2.733592262672661366e-04
-8.039017727835446880e-01 1.079385048614730280e+00 -2.588708072109460225e-03 2.733592262672661366e-04
-8.039017727835446880e-01 1.079385048614730280e+00 -2.588708072109460225e-03 2.733592262672661366e-04
-6.207099634141605149e-01 1.146845368066121917e+00 -6.339060257979582235e-04 4.663275313763580584e-04
-5.573400471334307715e-01 1.168420880078112845e+00 -5.716397304957052464e-04 5.152389046305222680e-05
-5.573400471334307715e-01 1.168420880078112845e+00 -5.716397304957052464e-04 5.152389046305222680e-05
-6.497444075392816432e-01 1.127010051097688370e+00 -4.653645729572174032e-03 -4.768771479036893585e-05
-6.497444075392816432e-01 1.127010051097688370e+00 -4.653645729572174032e-03 -4.768771479036893585e-05
-6.261447554879175925e-01 1.140924325791053739e+00 -2.318422377935354991e-03 2.924463386144030355e-04
-6.261447554879175925e-01 1.140924325791053739e+00 -2.318422377935354991e-03 2.924463386144030355e-04
-6.605909767408518762e-01 1.127217530068348905e+00 -3.094388088971479055e-03 1.734737637354012805e-04
-5.986876306865482888e-01 1.150477623767907964e+00 -2.195524097110647561e-03 1.014780531340146372e-04
-5.986876306865482888e-01 1.150477623767907964e+00 -2.195524097110647561e-03 1.014780531340146372e-04
-5.986876306865482888e-01 1.150477623767907964e+00 -2.195524097110647561e-03 1.014780531340146372e-04
-5.986876306865482888e-01 1.150477623767907964e+00 -2.195524097110647561e-03 1.014780531340146372e-04
-5.986876306865482888e-01 1.150477623767907964e+00 -2.195524097110647561e-03 1.014780531340146372e-04
-5.986876306865482888e-01 1.150477623767907964e+00 -2.195524097110647561e-03 1.014780531340146372e-04
-5.986876306865482888e-01 1.150477623767907964e+00 -2.195524097110647561e-03 1.014780531340146372e-04
-6.150943348641224606e-01 1.143980867914471844e+00 -2.578460199680518081e-03 1.536624084272633032e-04
-6.150943348641224606e-01 1.143980867914471844e+00 -2.578460199680518081e-03 1.536624084272633032e-04
-5.997164402085652934e-01 1.149667228628502791e+00 -2.376387386901845401e-03 1.028863552547380929e-04
-6.143193859747929642e-01 1.143769148284456527e+00 -2.764318880414761044e-03 1.099228560342248106e-04
-6.143193859747929642e-01 1.143769148284456527e+00 -2.764318880414761044e-03 1.099228560342248106e-04
-6.042149978986832703e-01 1.147228289547557178e+00 -2.769324920067069498e-03 1.170729687258506959e-04
-6.042149978986832703e-01 1.147228289547557178e+00 -2.769324920067069498e-03 1.170729687258506959e-04
-6.054599803443743156e-01 1.147190250275095025e+00 -2.598208199304096952e-03 1.137036869349915068e-04
-6.054599803443743156e-01 1.147190250275095025e+00 -2.598208199304096952e-03 1.137036869349915068e-04
-6.022303095050055566e-01 1.148083951679648607e+00 -2.696610110025600936e-03 1.367402836823908329e-04
-6.088292064273697068e-01 1.145604816991685926e+00 -2.786415991410653645e-03 1.265635933280665295e-04
-6.084200263044727830e-01 1.145982512893589433e+00 -2.688005693292555998e-03 1.292945145519552831e-04
-6.082547633919279662e-01 1.146202476372452317e+00 -2.615295076949383617e-03 1.360780705228513735e-04
-6.061967783757842287e-01 1.146829344879719548e+00 -2.647394958611822696e-03 1.229364012281537592e-04
-6.061967783757842287e-01 1.146829344879719548e+00 -2.647394958611822696e-03 1.229364012281537592e-04
-6.079082681683263267e-01 1.146069121480563835e+00 -2.723350464317778486e-03 1.284115717387875402e-04
-6.037381185167935982e-01 1.147700208561377000e+00 -2.631352003358513984e-03 1.315274142347392186e-04
-6.037381185167935982e-01 1.147700208561377000e+00 -2.631352003358513984e-03 1.315274142347392186e-04
-6.037381185167935982e-01 1.147700208561377000e+00 -2.631352003358513984e-03 1.315274142347392186e-04
-6.067927026551747094e-01 1.146569799331614403e+00 -2.668420036225254040e-03 1.357545392478828124e-04
-6.045234301060569138e-01 1.147580361656294956e+00 -2.564999316473036677e-03 1.339508524917966403e-04
-6.028107552370800537e-01 1.148103013085690183e+00 -2.584682305558297019e-03 1.296603469812938241e-04
-6.028107552370800537e-01 1.148103013085690183e+00 -2.584682305558297019e-03 1.296603469812938241e-04
-6.028107552370800537e-01 1.148103013085690183e+00 -2.584682305558297019e-03 1.296603469812938241e-04
-6.028107552370800537e-01 1.148103013085690183e+00 -2.584682305558297019e-03 1.296603469812938241e-04
-6.044195814502497655e-01 1.147496546357670955e+00 -2.601272493483037379e-03 1.204713459091451104e-04
-6.005474229944052222e-01 1.149096627815151983e+00 -2.470246384105489329e-03 1.244212727672847183e-04
-6.046121473215224640e-01 1.147274157718534138e+00 -2.659529539885795678e-03 1.268306673019941829e-04
-6.046121473215224640e-01 1.147274157718534138e+00 -2.659529539885795678e-03 1.268306673019941829e-04
-6.015013873527892407e-01 1.148497697581049692e+00 -2.555594906648694931e-03 1.080596841426349894e-04
-5.960950893533547568e-01 1.150461494454622535e+00 -2.488156340673456507e-03 1.171289399620498530e-04
-6.005001560342559941e-01 1.148284981519263059e+00 -2.763641026854527991e-03 1.037598366418444884e-04
-6.021954943735978727e-01 1.147746815564668843e+00 -2.712396148121397690e-03 1.055999097126468500e-04
-6.021954943735978727e-01 1.147746815564668843e+00 -2.712396148121397690e-03 1.055999097126468500e-04
-6.021954943735978727e-01 1.147746815564668843e+00 -2.712396148121397690e-03 1.055999097126468500e-04
-6.021954943735978727e-01 1.147746815564668843e+00 -2.712396148121397690e-03 1.055999097126468500e-04
-5.946800745907738772e-01 1.149997024331878670e+00 -2.687341707822591547e-03 7.704963680759774293e-05
-6.039721729548059859e-01 1.145956079305826769e+00 -3.079127196424672613e-03 9.363686339610181528e-05
-5.956811833413739876e-01 1.149979890233610913e+00 -2.577388577682337631e-03 1.165678185844161094e-04
-6.060748126543071823e-01 1.145540623859265583e+00 -2.838821848923013536e-03 9.382783541670678155e-05
-5.959151939087501404e-01 1.148111582168598765e+00 -2.962217201896665680e-03 7.461179622832310974e-05
-5.959151939087501404e-01 1.148111582168598765e+00 -2.962217201896665680e-03 7.461179622832310974e-05
-5.949152516478450892e-01 1.149409711173282389e+00 -2.406643107007732513e-03 1.106862508837630141e-04
-6.109227821045624118e-01 1.140934455022467819e+00 -3.282061241486448205e-03 6.041316473164455017e-05
-5.937715005663872780e-01 1.146358361143560156e+00 -3.091624243427673266e-03 8.083212805326658651e-05
-5.937715005663872780e-01 1.146358361143560156e+00 -3.091624243427673266e-03 8.083212805326658651e-05
-6.015923308777917367e-01 1.142011224643922240e+00 -2.783189934349439981e-03 7.797442775235122214e-05
-6.015923308777917367e-01 1.142011224643922240e+00 -2.783189934349439981e-03 7.797442775235122214e-05
-5.714217026531971388e-01 1.149401251434400528e+00 -2.654400943630045098e-03 5.484533811581316027e-05
-5.948764613461690054e-01 1.137393623974135792e+00 -3.427271855587081181e-03 7.655800882182533119e-05
-5.914036953480861225e-01 1.133173331414311313e+00 -3.155433462388303884e-03 1.368646317835616063e-05
-5.914036953480861225e-01 1.133173331414311313e+00 -3.155433462388303884e-03 1.368646317835616063e-05
-5.467982287664798768e-01 1.137410513967242576e+00 -3.179026001919542377e-03 1.820020301552619240e-05
-5.886718798006311815e-01 1.113637407285917202e+00 -3.830072777075456403e-03 3.697453096338708346e-05
-5.371089262555341914e-01 1.119835499690283065e+00 -2.586431644277664352e-03 -3.613841884246593063e-05
-5.371089262555341914e-01 1.119835499690283065e+00 -2.586431644277664352e-03 -3.613841884246593063e-05
-4.889139132233615292e-01 1.094380376875166316e+00 -3.849816175386402278e-03 -6.615634906955815203e-05
-4.889139132233615292e-01 1.094380376875166316e+00 -3.849816175386402278e-03 -6.615634906955815203e-05
-4.135157598666971968e-01 1.077120899815393607e+00 -3.078693956997568398e-03 -2.684063675759477659e-04
-3.709439040919657593e-01 1.059499984596014688e+00 -2.179730608965447028e-03 -2.012063314254694773e-04
-2.848676924316877468e-01 9.947492795512991037e-01 -4.605935631148654411e-03 -3.942255190182738893e-04
-2.848676924316877468e-01 9.947492795512991037e-01 -4.605935631148654411e-03 -3.942255190182738893e-04
-2.848676924316877468e-01 9.947492795512991037e-01 -4.605935631148654411e-03 -3.942255190182738893e-04
3.043282753843712385e-02 9.001543570802414962e-01 -3.036431372459800007e-03 -6.101918106488689406e-04
3.043282753843712385e-02 9.001543570802414962e-01 -3.036431372459800007e-03 -6.101918106488689406e-04
5.047603667163672037e-02 8.581627040816544039e-01 -4.356084002603264477e-03 -7.849957054885907523e-04
5.047603667163672037e-02 8.581627040816544039e-01 -4.356084002603264477e-03 -7.849957054885907523e-04
9.773703549964873893e-03 8.205666280801606760e-01 -6.077910610029662805e-03 -5.350130092646430708e-04
9.773703549964873893e-03 8.205666280801606760e-01 -6.077910610029662805e-03 -5.350130092646430708e-04
-2.172690361588022756e-02 7.742963725941707231e-01 -6.605687090157697991e-03 -6.526418857138848589e-04
-2.172690361588022756e-02 7.742963725941707231e-01 -6.605687090157697991e-03 -6.526418857138848589e-04
-7.399544571370209045e-03 7.337380741545191931e-01 -6.500979433559242807e-03 -3.095558825386189941e-04
-7.399544571370209045e-03 7.337380741545191931e-01 -6.500979433559242807e-03 -3.095558825386189941e-04
-5.362324597782272551e-02 5.863676261821291202e-01 -1.236105327782656589e-02 -2.183553933902220284e-04
-5.362324597782272551e-02 5.863676261821291202e-01 -1.236105327782656589e-02 -2.183553933902220284e-04
-5.362324597782272551e-02 5.863676261821291202e-01 -1.236105327782656589e-02 -2.183553933902220284e-04
-4.072878540122859548e-02 3.265047540096279732e-01 -1.646824921885811990e-02 4.510192507324196215e-04
-4.072878540122859548e-02 3.265047540096279732e-01 -1.646824921885811990e-02 4.510192507324196215e-04
-4.072878540122859548e-02 3.265047540096279732e-01 -1.646824921885811990e-02 4.510192507324196215e-04
-4.072878540122859548e-02 3.265047540096279732e-01 -1.646824921885811990e-02 4.510192507324196215e-04
-4.072878540122859548e-02 3.265047540096279732e-01 -1.646824921885811990e-02 4.510192507324196215e-04
-4.072878540122859548e-02 3.265047540096279732e-01 -1.646824921885811990e-02 4.510192507324196215e-04
-4.072878540122859548e-02 3.265047540096279732e-01 -1.646824921885811990e-02 4.510192507324196215e-04
-4.072878540122859548e-02 3.265047540096279732e-01 -1.646824921885811990e-02 4.510192507324196215e-04
-4.937412582577890841e-02 4.425079968481708814e-01 -1.314030012074076520e-02 3.201986717899756984e-04
-4.937412582577890841e-02 4.425079968481708814e-01 -1.314030012074076520e-02 3.201986717899756984e-04
-4.937412582577890841e-02 4.425079968481708814e-01 -1.314030012074076520e-02 3.201986717899756984e-04
-4.937412582577890841e-02 4.425079968481708814e-01 -1.314030012074076520e-02 3.201986717899756984e-04
-4.937412582577890841e-02 4.425079968481708814e-01 -1.314030012074076520e-02 3.201986717899756984e-04
2.595433111700582232e-02 3.939209228528484097e-01 -1.273584729413133193e-02 5.354219221494478480e-04
2.595433111700582232e-02 3.939209228528484097e-01 -1.273584729413133193e-02 5.354219221494478480e-04
2.595433111700582232e-02 3.939209228528484097e-01 -1.273584729413133193e-02 5.354219221494478480e-04
2.595433111700582232e-02 3.939209228528484097e-01 -1.273584729413133193e-02 5.354219221494478480e-04
-3.814284531576690729e-02 4.187412795961574785e-01 -1.259133873578480514e-02 3.661535552659000211e-04
-3.814284531576690729e-02 4.187412795961574785e-01 -1.259133873578480514e-02 3.661535552659000211e-04
-3.814284531576690729e-02 4.187412795961574785e-01 -1.259133873578480514e-02 3.661535552659000211e-04
1.825029223923411992e-02 3.996052305254907955e-01 -1.139467790181771661e-02 5.863936534153300299e-04
-1.532005061371009835e-02 3.402912859664415368e-01 -1.285496997454142060e-02 4.691692520416409964e-04
-1.532005061371009835e-02 3.402912859664415368e-01 -1.285496997454142060e-02 4.691692520416409964e-04
-1.532005061371009835e-02 3.402912859664415368e-01 -1.285496997454142060e-02 4.691692520416409964e-04
-1.761666484633954421e-02 3.514287628663972374e-01 -9.644006404242011499e-03 7.482808832717509177e-04
-1.761666484633954421e-02 3.514287628663972374e-01 -9.644006404242011499e-03 7.482808832717509177e-04
-1.997628865339184934e-02 3.173389633807808252e-01 -1.016800795955821735e-02 4.199326763257085759e-04
-1.997628865339184934e-02 3.173389633807808252e-01 -1.016800795955821735e-02 4.199326763257085759e-04
-8.013463260765769924e-02 2.837367356138313923e-01 -5.682308802855154384e-03 8.256278912978321990e-04
-8.013463260765769924e-02 2.837367356138313923e-01 -5.682308802855154384e-03 8.256278912978321990e-04
-2.264521954516701685e-02 1.075397840953451478e-01 -6.432873669574422359e-03 6.139923716933278625e-04
-2.264521954516701685e-02 1.075397840953451478e-01 -6.432873669574422359e-03 6.139923716933278625e-04
-2.264521954516701685e-02 1.075397840953451478e-01 -6.432873669574422359e-03 6.139923716933278625e-04
-2.264521954516701685e-02 1.075397840953451478e-01 -6.432873669574422359e-03 6.139923716933278625e-04
-2.176784630087243155e-02 -2.686615660496771696e-03 -7.453961726361967369e-04 7.013209839122327895e-04
-6.666688789608332666e-02 1.222861331260031992e-01 -4.666124073297015819e-03 2.823846575052469700e-04
-8.135724937713982585e-02 -4.450197858449567168e-02 -2.843715876123115160e-03 4.958109819647520903e-04
-8.135724937713982585e-02 -4.450197858449567168e-02 -2.843715876123115160e-03 4.958109819647520903e-04
-5.161651702079098070e-02 -8.817891961575544113e-02 -7.263709924383333905e-04 2.913484506459465334e-04
-5.161651702079098070e-02 -8.817891961575544113e-02 -7.263709924383333905e-04 2.913484506459465334e-04
-5.161651702079098070e-02 -8.817891961575544113e-02 -7.263709924383333905e-04 2.913484506459465334e-04
-5.161651702079098070e-02 -8.817891961575544113e-02 -7.263709924383333905e-04 2.913484506459465334e-04
-5.161651702079098070e-02 -8.817891961575544113e-02 -7.263709924383333905e-04 2.913484506459465334e-04
-5.161651702079098070e-02 -8.817891961575544113e-02 -7.263709924383333905e-04 2.913484506459465334e-04
-1.802284510678164864e-02 -2.090233711517696866e-02 -1.616572351213918773e-03 1.778221922312507803e-04
-1.802284510678164864e-02 -2.090233711517696866e-02 -1.616572351213918773e-03 1.778221922312507803e-04
-1.802284510678164864e-02 -2.090233711517696866e-02 -1.616572351213918773e-03 1.778221922312507803e-04
-1.802284510678164864e-02 -2.090233711517696866e-02 -1.616572351213918773e-03 1.778221922312507803e-04
-6.468739809500836935e-02 3.157938035603033433e-02 -6.596047683145199111e-04 -5.100809567039183931e-05
-1.190995298348529463e-02 -4.850318322462505299e-02 -1.423411072939741347e-03 -1.426629802086691395e-04
-4.596058380307957436e-02 -4.884447581904191593e-02 -2.604783331314708362e-04 1.755210437277726393e-05
3.256844377064180285e-03 -3.107768898041692041e-02 -1.608223683567451979e-04 -3.309402941040480808e-05
3.256844377064180285e-03 -3.107768898041692041e-02 -1.608223683567451979e-04 -3.309402941040480808e-05
3.256844377064180285e-03 -3.107768898041692041e-02 -1.608223683567451979e-04 -3.309402941040480808e-05
3.256844377064180285e-03 -3.107768898041692041e-02 -1.608223683567451979e-04 -3.309402941040480808e-05
-6.695684990739310394e-03 1.834667637457947434e-02 -5.799646029553937087e-04 5.234044768083768984e-05
-6.695684990739310394e-03 1.834667637457947434e-02 -5.799646029553937087e-04 5.234044768083768984e-05
-6.695684990739310394e-03 1.834667637457947434e-02 -5.799646029553937087e-04 5.234044768083768984e-05
1.749601979662225235e-02 -4.629612029075894433e-03 -4.027212724511897374e-04 -3.310828169149238623e-05
1.121260110825631102e-02 7.832254404820122168e-03 4.625058591728817021e-04 -6.048766650415955378e-08
4.218734814920534724e-03 -1.177958322437058780e-02 -1.648463978208455070e-04 -2.669869615580762939e-05
2.633741389616624760e-03 5.483602628933772864e-03 -1.632791482098591598e-04 -5.113344219296229342e-05
1.097294643307310594e-03 8.786670909828164094e-03 -3.235249213913234285e-04 1.229511037707303804e-05
1.097294643307310594e-03 8.786670909828164094e-03 -3.235249213913234285e-04 1.229511037707303804e-05
5.610667682787231006e-03 5.451349040294184087e-03 1.883152421995143932e-04 -8.183681845665206518e-06
5.610667682787231006e-03 5.451349040294184087e-03 1.883152421995143932e-04 -8.183681845665206518e-06
-9.115502002613024533e-04 5.443849097127825484e-03 1.160359270449308206e-04 2.002892475982510784e-05
-2.946899625481441166e-03 7.080687920094827156e-03 1.415258049830979588e-04 7.737549349064104941e-07
1.053640321859551383e-03 6.365233306951427472e-03 -1.161797990790693389e-04 5.326378756976165622e-06
1.494595344664345063e-03 1.942288299949495494e-03 6.043062461571257538e-07 -7.351032575019259529e-06
1.494595344664345063e-03 1.942288299949495494e-03 6.043062461571257538e-07 -7.351032575019259529e-06
-1.754134610639368356e-04 5.311660970458698811e-03 7.524999016613197244e-05 9.640026558489649437e-06
-8.466524031218181914e-04 5.908952013237683820e-03 7.971045228309479999e-05 1.120725598978205764e-06
-7.484648598688267577e-04 4.658209547392719654e-03 -4.118359439345543031e-05 4.148330721407560601e-06
4.923282385059960875e-04 5.410255507355538757e-03 -4.379225525179360928e-05 3.607945666470102504e-06
5.875223616385993192e-04 3.632278904780327985e-03 9.050227223575780329e-06 -1.360887719341439818e-06
-1.055182680353002013e-04 4.697805504558002360e-03 -3.620568388503291014e-05 -2.001470428926914195e-06
-3.950927675308505533e-04 5.254294689629665505e-03 2.583881285320912882e-05 1.109602579440266624e-06
-3.950927675308505533e-04 5.254294689629665505e-03 2.583881285320912882e-05 1.109602579440266624e-06
3.309589433434704077e-04 5.002410541508139213e-03 -2.160121309577629016e-05 1.326632252870537296e-06
3.309589433434704077e-04 5.002410541508139213e-03 -2.160121309577629016e-05 1.326632252870537296e-06
-3.392305051269066277e-05 5.010466064743729353e-03 -2.001318312453205810e-05 -7.925413216869381111e-07
-3.392305051269066277e-05 5.010466064743729353e-03 -2.001318312453205810e-05 -7.925413216869381111e-07
-1.779464405664718746e-04 5.294693900201424309e-03 4.438882734453854036e-06 6.612093072145851070e-07
-1.779464405664718746e-04 5.294693900201424309e-03 4.438882734453854036e-06 6.612093072145851070e-07
-1.779464405664718746e-04 5.294693900201424309e-03 4.438882734453854036e-06 6.612093072145851070e-07
4.744594689287583915e-05 5.214272932904377711e-03 -5.843001310389515397e-06 -2.832016266323494460e-07
4.744594689287583915e-05 5.214272932904377711e-03 -5.843001310389515397e-06 -2.832016266323494460e-07
4.744594689287583915e-05 5.214272932904377711e-03 -5.843001310389515397e-06 -2.832016266323494460e-07
4.744594689287583915e-05 5.214272932904377711e-03 -5.843001310389515397e-06 -2.832016266323494460e-07
4.924073567799761584e-05 5.571705018634429650e-03 -1.112173365332070590e-05 1.817138778541477450e-07
4.924073567799761584e-05 5.571705018634429650e-03 -1.112173365332070590e-05 1.817138778541477450e-07
-6.707416475568254164e-05 5.473862393359023651e-03 -6.812626984015749998e-06 3.242580675111709328e-07
-9.754669468079659809e-06 5.426652097101438560e-03 -3.929016854796513715e-06 7.058978217738977121e-07
-4.142279249072476090e-05 5.464651737018630211e-03 -4.554700463645157335e-06 3.180878635786957040e-07
1.509661206687675105e-05 5.349245372216379114e-03 -6.223760399667023674e-06 4.964389052356428872e-08
1.509661206687675105e-05 5.349245372216379114e-03 -6.223760399667023674e-06 4.964389052356428872e-08
1.509661206687675105e-05 5.349245372216379114e-03 -6.223760399667023674e-06 4.964389052356428872e-08
1.509661206687675105e-05 5.349245372216379114e-03 -6.223760399667023674e-06 4.964389052356428872e-08
-1.247599708540200096e-05 5.445266056545649061e-03 -5.760462704129374511e-06 2.135589788138031694e-07
-1.247599708540200096e-05 5.445266056545649061e-03 -5.760462704129374511e-06 2.135589788138031694e-07
