1.000000000000000000e+00 5.000000000000000278e-02
1.074999999999999734e+00 4.500000000000001221e-02
1.187500000000000000e+00 4.250000000000000999e-02
1.293749999999999734e+00 3.125000000000002776e-02
1.571875000000000355e+00 2.062500000000003220e-02
1.923437500000000355e+00 -7.187499999999930056e-03
2.201562500000000977e+00 -1.781249999999992562e-02
2.553125000000001421e+00 -4.562499999999988787e-02
2.553125000000001421e+00 -4.562499999999988787e-02
2.490820312500001688e+00 -3.785156249999990091e-02
2.361767578125001599e+00 -2.977539062499991174e-02
2.361767578125001599e+00 -2.977539062499991174e-02
2.410717773437501599e+00 -3.187011718749990785e-02
2.410717773437501599e+00 -3.187011718749990785e-02
2.407937622070313921e+00 -3.302795410156240952e-02
2.385547637939454901e+00 -3.111221313476553521e-02
2.385547637939454901e+00 -3.111221313476553521e-02
2.385547637939454901e+00 -3.111221313476553521e-02
2.386782550811769266e+00 -3.200296401977530125e-02
2.391106343269350010e+00 -3.195856571197500107e-02
2.391106343269350010e+00 -3.195856571197500107e-02
2.391106343269350010e+00 -3.195856571197500107e-02
2.391106343269350010e+00 -3.195856571197500107e-02
2.390218300372363824e+00 -3.220765843987455357e-02
2.390218300372363824e+00 -3.220765843987455357e-02
2.390623780712487267e+00 -3.195646278560151932e-02
2.390623780712487267e+00 -3.195646278560151932e-02
2.390459581650794973e+00 -3.220870990306129444e-02
2.390459581650794973e+00 -3.220870990306129444e-02
2.390532673068812120e+00 -3.200349625432854367e-02
2.390532673068812120e+00 -3.200349625432854367e-02
2.390505135472632325e+00 -3.218519316869778574e-02
2.390505135472632325e+00 -3.218519316869778574e-02
2.390509896157893444e+00 -3.201525462151029455e-02
2.390509896157893444e+00 -3.201525462151029455e-02
2.390516523928091885e+00 -3.217931398510691376e-02
2.390496850759884495e+00 -3.198011896420202560e-02
2.390508291750940817e+00 -3.204748554808238559e-02
2.390508291750940817e+00 -3.204748554808238559e-02
2.390497652963360586e+00 -3.196400350091598008e-02
2.390497652963360586e+00 -3.196400350091598008e-02
2.390507890649202771e+00 -3.205554327972540141e-02
2.390495494643638086e+00 -3.193306082457060546e-02
2.390499672804890618e+00 -3.197915277653198829e-02
2.390499672804890618e+00 -3.197915277653198829e-02
