1.000000000000000000e+00
1.150000000000000355e+00
1.350000000000000977e+00
1.750000000000001776e+00
2.550000000000003375e+00
3.350000000000004974e+00
3.350000000000004974e+00
3.350000000000004974e+00
3.450000000000005063e+00
3.450000000000005063e+00
3.425000000000005151e+00
3.437500000000005329e+00
3.431250000000005240e+00
3.434375000000005507e+00
3.432812500000005151e+00
3.433593750000005329e+00
3.433203125000005240e+00
3.433398437500005507e+00
3.433300781250005151e+00
3.433300781250005151e+00
