1.000000000000000000e+00 5.000000000000000278e-02
1.074999999999999734e+00 4.500000000000001221e-02
1.187500000000000000e+00 4.250000000000000999e-02
1.293749999999999734e+00 3.125000000000002776e-02
1.571875000000000355e+00 2.062500000000003220e-02
1.678125000000000089e+00 9.375000000000049960e-03
1.678125000000000089e+00 9.375000000000049960e-03
1.653125000000000400e+00 1.437500000000004052e-02
1.653125000000000400e+00 1.437500000000004052e-02
1.715625000000000178e+00 1.687500000000002887e-02
1.715625000000000178e+00 1.687500000000002887e-02
1.760937499999999378e+00 2.468750000000000805e-02
1.889843749999998934e+00 2.484374999999999778e-02
1.889843749999998934e+00 2.484374999999999778e-02
2.215624999999996625e+00 3.687499999999994948e-02
2.287890624999996625e+00 2.726562499999997391e-02
2.613671874999994316e+00 3.929687499999992562e-02
2.685937499999994316e+00 2.968749999999995004e-02
2.685937499999994316e+00 2.968749999999995004e-02
2.685937499999994316e+00 2.968749999999995004e-02
2.685937499999994316e+00 2.968749999999995004e-02
2.685937499999994316e+00 2.968749999999995004e-02
2.753204345703119227e+00 2.852661132812495115e-02
2.835066223144524944e+00 3.083038330078119102e-02
2.835066223144524944e+00 3.083038330078119102e-02
2.835066223144524944e+00 3.083038330078119102e-02
2.784259319305413705e+00 3.054578781127924303e-02
2.784259319305413705e+00 3.054578781127924303e-02
2.784259319305413705e+00 3.054578781127924303e-02
2.784259319305413705e+00 3.054578781127924303e-02
2.806921580061310095e+00 3.083610974252218653e-02
2.801965653803192957e+00 3.085880434140557405e-02
2.794351468118832393e+00 3.069662242662156079e-02
2.794351468118832393e+00 3.069662242662156079e-02
2.794351468118832393e+00 3.069662242662156079e-02
2.797386292971707711e+00 3.074122415149753082e-02
2.796941918664645144e+00 3.075480493380376712e-02
2.795757786968504632e+00 3.072231848463610748e-02
2.795831632739008032e+00 3.073723048808114228e-02
2.796368314259200627e+00 3.074228971008119427e-02
2.796368314259200627e+00 3.074228971008119427e-02
2.796014426866454627e+00 3.073539969546990047e-02
2.796011501650918163e+00 3.073803759542834482e-02
2.796190639258943733e+00 3.073950417776515759e-02
2.796190639258943733e+00 3.073950417776515759e-02
2.796100339151046832e+00 3.073943036158636316e-02
2.796100339151046832e+00 3.073943036158636316e-02
