1.000000000000000000e+00 5.000000000000000278e-02
1.074999999999999734e+00 4.500000000000001221e-02
1.187500000000000000e+00 4.250000000000000999e-02
1.293749999999999734e+00 3.125000000000002776e-02
1.571875000000000355e+00 2.062500000000003220e-02
1.571875000000000355e+00 2.062500000000003220e-02
1.571875000000000355e+00 2.062500000000003220e-02
1.707812500000000400e+00 1.093750000000004441e-02
1.601562500000000444e+00 2.218750000000002665e-02
1.737500000000000711e+00 1.250000000000003886e-02
1.737500000000000711e+00 1.250000000000003886e-02
1.767187500000000799e+00 1.406250000000003331e-02
1.767187500000000799e+00 1.406250000000003331e-02
1.721484375000001066e+00 2.007812500000002304e-02
1.849414062500001510e+00 1.417968750000002387e-02
1.821972656250002487e+00 2.326171875000000722e-02
2.064111328125004086e+00 1.600585937500000056e-02
2.130297851562507283e+00 3.054199218749996392e-02
2.130297851562507283e+00 3.054199218749996392e-02
2.344995117187509859e+00 3.236816406249994060e-02
2.305041503906258615e+00 2.737060546874995476e-02
2.305041503906258615e+00 2.737060546874995476e-02
2.187704467773444517e+00 2.520812988281247169e-02
2.237015533447273441e+00 2.824752807617183364e-02
2.258700752258309130e+00 2.704921722412105545e-02
2.258700752258309130e+00 2.704921722412105545e-02
2.258700752258309130e+00 2.704921722412105545e-02
2.238547402620323812e+00 2.636153578758236235e-02
2.233202691376217075e+00 2.656681388616558351e-02
2.247287899628289676e+00 2.675669603049751419e-02
2.241094241943218712e+00 2.681186454370614036e-02
2.238696881080985523e+00 2.667554708663370799e-02
2.238696881080985523e+00 2.667554708663370799e-02
2.241169337766776959e+00 2.666337873524750324e-02
2.241762419997038513e+00 2.670983191688716327e-02
2.240081379981446297e+00 2.668107620635052149e-02
2.240081379981446297e+00 2.668107620635052149e-02
2.241070170546807905e+00 2.670706735702875478e-02
2.241070170546807905e+00 2.670706735702875478e-02
2.241070170546807905e+00 2.670706735702875478e-02
2.240838452775075762e+00 2.669615404183343227e-02
2.240709411986423483e+00 2.669830789403675880e-02
2.240709411986423483e+00 2.669830789403675880e-02
2.240793010675126151e+00 2.670430301468525169e-02
2.240836631397276513e+00 2.670172730842146347e-02
2.240762116511312296e+00 2.670066152779505819e-02
2.240762116511312296e+00 2.670066152779505819e-02
