1.000000000000000000e+00 1.000000000000000000e+00
1.074999999999999734e+00 1.074999999999999734e+00
1.012499999999999734e+00 1.187500000000000000e+00
1.131249999999999201e+00 1.293749999999999734e+00
1.065624999999998934e+00 1.571875000000000355e+00
1.270312499999997513e+00 1.923437500000000355e+00
1.241406249999996270e+00 2.655468750000001599e+00
1.636328124999992806e+00 3.724609375000001776e+00
1.775976562499988809e+00 5.723242187500003908e+00
2.635644531249980105e+00 8.860839843750005329e+00
3.344775390624968203e+00 1.442690429687501208e+01
5.418676757812445288e+00 2.348513183593751208e+01
5.418676757812445288e+00 2.348513183593751208e+01
5.418676757812445288e+00 2.348513183593751208e+01
4.559008789062453104e+00 2.034753417968750711e+01
4.559008789062453104e+00 2.034753417968750711e+01
4.704101562499953815e+00 2.013261718750000995e+01
5.025115966796824374e+00 2.186260375976563353e+01
5.017408752441357755e+00 2.132264862060548083e+01
4.862681961059521996e+00 2.086262168884278267e+01
4.862681961059521996e+00 2.086262168884278267e+01
4.862681961059521996e+00 2.086262168884278267e+01
4.862681961059521996e+00 2.086262168884278267e+01
4.862681961059521996e+00 2.086262168884278267e+01
4.862681961059521996e+00 2.086262168884278267e+01
4.862681961059521996e+00 2.086262168884278267e+01
4.862681961059521996e+00 2.086262168884278267e+01
4.862681961059521996e+00 2.086262168884278267e+01
4.862681961059521996e+00 2.086262168884278267e+01
4.863083500368473366e+00 2.073490256541409593e+01
4.862503052863710096e+00 2.072496392825852496e+01
4.862503052863710096e+00 2.072496392825852496e+01
4.862503052863710096e+00 2.072496392825852496e+01
4.862770167162805635e+00 2.069168287528865591e+01
4.862758178506007667e+00 2.071145646150176844e+01
4.862758178506007667e+00 2.071145646150176844e+01
4.862830951409180535e+00 2.069324940515274491e+01
4.862830951409180535e+00 2.069324940515274491e+01
4.862756627363759243e+00 2.070765100597030539e+01
4.862756627363759243e+00 2.070765100597030539e+01
4.862817403436226371e+00 2.069690106918890393e+01
4.862817403436226371e+00 2.069690106918890393e+01
4.862763401350235881e+00 2.070582517395222766e+01
4.862824129971246023e+00 2.069649587501615429e+01
4.862805584548484106e+00 2.069903079683654568e+01
4.862805584548484106e+00 2.069903079683654568e+01
4.862805584548484106e+00 2.069903079683654568e+01
4.862842062575647439e+00 2.069346620095745592e+01
4.862826931488591242e+00 2.069583975504466622e+01
4.862826931488591242e+00 2.069583975504466622e+01
4.862843616538910396e+00 2.069326182903128597e+01
4.862843616538910396e+00 2.069326182903128597e+01
4.862829671444710122e+00 2.069540748689869858e+01
4.862829671444710122e+00 2.069540748689869858e+01
4.862829671444710122e+00 2.069540748689869858e+01
4.862829671444710122e+00 2.069540748689869858e+01
4.862839546232059718e+00 2.069389378233397281e+01
4.862839546232059718e+00 2.069389378233397281e+01
4.862839546232059718e+00 2.069389378233397281e+01
4.862831696691303662e+00 2.069509562247642620e+01
4.862831696691303662e+00 2.069509562247642620e+01
4.862837905672618533e+00 2.069414511606253981e+01
4.862837905672618533e+00 2.069414511606253981e+01
4.862832516971024255e+00 2.069496995561214447e+01
4.862832516971024255e+00 2.069496995561214447e+01
4.862837495532757792e+00 2.069420794949468245e+01
4.862837495532757792e+00 2.069420794949468245e+01
4.862832722040954181e+00 2.069493853889607493e+01
4.862831733737933426e+00 2.069508976953035173e+01
4.862834861711100132e+00 2.069461105185394700e+01
4.862833009882735702e+00 2.069489447479411126e+01
4.862833009882735702e+00 2.069489447479411126e+01
4.862834717790208927e+00 2.069463308390492884e+01
4.862834717790208927e+00 2.069463308390492884e+01
4.862833295331615346e+00 2.069485078490747654e+01
4.862833508221823919e+00 2.069481820460015697e+01
4.862833508221823919e+00 2.069481820460015697e+01
4.862833046162071682e+00 2.069488892000445190e+01
4.862833046162071682e+00 2.069488892000445190e+01
4.862833575049126722e+00 2.069480797647720749e+01
4.862833575049126722e+00 2.069480797647720749e+01
