1.000000000000000000e+00 5.000000000000000278e-02
1.074999999999999734e+00 4.500000000000001221e-02
1.187500000000000000e+00 4.250000000000000999e-02
1.293749999999999734e+00 3.125000000000002776e-02
1.571875000000000355e+00 2.062500000000003220e-02
1.571875000000000355e+00 2.062500000000003220e-02
1.790625000000000577e+00 6.875000000000047740e-03
1.687500000000000888e+00 2.250000000000001998e-02
1.906250000000000888e+00 8.750000000000035527e-03
1.803125000000001199e+00 2.437500000000000777e-02
2.021875000000001421e+00 1.062500000000002331e-02
1.918750000000001954e+00 2.624999999999999556e-02
1.918750000000001954e+00 2.624999999999999556e-02
2.034375000000002487e+00 2.812499999999998335e-02
2.034375000000002487e+00 2.812499999999998335e-02
2.299609375000002842e+00 1.945312499999998779e-02
2.386914062500003375e+00 3.167968749999995615e-02
2.386914062500003375e+00 3.167968749999995615e-02
2.959375000000004974e+00 4.312499999999989952e-02
2.959375000000004974e+00 4.312499999999989952e-02
2.959375000000004974e+00 4.312499999999989952e-02
2.959375000000004974e+00 4.312499999999989952e-02
2.959375000000004974e+00 4.312499999999989952e-02
2.959375000000004974e+00 4.312499999999989952e-02
2.959375000000004974e+00 4.312499999999989952e-02
2.959375000000004974e+00 4.312499999999989952e-02
2.885758209228520776e+00 4.158493041992179090e-02
2.917702674865727985e+00 4.055522918701162660e-02
2.917702674865727985e+00 4.055522918701162660e-02
2.943312442302709275e+00 4.119711160659780824e-02
2.943312442302709275e+00 4.119711160659780824e-02
2.927311982959514225e+00 4.094860628247251610e-02
2.932921176217501369e+00 4.127985704690208257e-02
2.932921176217501369e+00 4.127985704690208257e-02
2.932921176217501369e+00 4.127985704690208257e-02
2.934353777844813216e+00 4.116859640751490551e-02
2.932351195150846301e+00 4.115370601954045082e-02
2.933136831357665564e+00 4.122050413021487864e-02
2.933136831357665564e+00 4.122050413021487864e-02
2.933136831357665564e+00 4.122050413021487864e-02
2.933136831357665564e+00 4.122050413021487864e-02
2.933136831357665564e+00 4.122050413021487864e-02
2.933334620629809208e+00 4.120697381156735589e-02
2.933076400024381858e+00 4.120535142735328588e-02
2.933171170842380437e+00 4.121333337483759629e-02
2.933171170842380437e+00 4.121333337483759629e-02
2.933171170842380437e+00 4.121333337483759629e-02
