9.121825326999677408e-01 -1.726692601895001289e-01 2.282118834995598353e-02 -2.432117770237503251e-03 2.217138128334863198e-04 -1.785821951276193495e-05 1.297313688000861378e-06 -8.621623436500339565e-08 5.296696213450454877e-09 -3.032301778947109025e-10 1.631858273875561947e-11 -1.492439075334678893e-12 1.214413429538633221e-11 -2.325415493399356774e-10 4.720598425609281727e-09 -1.009055751695254493e-07 2.264281263976152081e-06 -5.319783961133770926e-05 1.305561233937725966e-03 -3.339999521691082440e-02
-1.726692601894998513e-01 8.111026582644648153e-02 -1.698532338013520812e-02 2.463924466663797597e-03 -2.829763990221317925e-04 2.739724019559716865e-05 -2.317981839682268477e-06 1.753874439695156846e-07 -1.205982294262150669e-08 7.625114895723480429e-10 -4.473879739990421757e-11 2.573521687283973270e-12 -2.343598447444086774e-12 4.288383356664444698e-11 -8.752651485292917126e-10 1.879791931890225132e-08 -4.235402299219950220e-07 9.986195988939899573e-06 -2.458434423835036738e-04 6.306791970282170541e-03
2.282118834995576495e-02 -1.698532338013513873e-02 6.251181188642028833e-03 -1.326130584544331359e-03 2.009519221289084092e-04 -2.413642736261646698e-05 2.433164268879877320e-06 -2.132386600028236955e-07 1.663233425917877772e-08 -1.173980555439376632e-09 7.592014885278602985e-11 -4.556423548644952258e-12 5.369503364151472165e-13 -5.537208755832697357e-12 1.133709533070755054e-10 -2.446054106095525687e-09 5.533178219224330453e-08 -1.309131225036017291e-06 3.232688855266699314e-05 -8.315450317981511836e-04
-2.432117770237446873e-03 2.463924466663775046e-03 -1.326130584544328106e-03 4.280680742567631548e-04 -8.968966040491551501e-05 1.384948410806184238e-05 -1.708034342773567930e-06 1.768743353244524470e-07 -1.589359289389996072e-08 1.267885026135846696e-09 -9.129290780316333954e-11 6.009426855742678755e-12 -3.941966659815814065e-13 5.948333404934618346e-13 -1.184789138121861611e-11 2.567503213748823797e-10 -5.830409226241146554e-09 1.384118920660521727e-07 -3.428028170031663313e-06 8.841185666439982241e-05
2.217138128334757217e-04 -2.829763990221266967e-04 2.009519221289072166e-04 -8.968966040491536593e-05 2.639550673556735995e-05 -5.406954941147136389e-06 8.386751889987481992e-07 -1.049105733026533342e-07 1.105131047914737286e-08 -1.010326760978128879e-09 8.191847333596685417e-11 -5.986763614850510344e-12 4.018337267725873620e-13 -7.562491274696540784e-14 1.060838136562350877e-12 -2.306101818129121542e-11 5.256567287744271128e-10 -1.252006356120572661e-08 3.109832239694366075e-07 -8.041194748711867017e-06
-1.785821951276008165e-05 2.739724019559606073e-05 -2.413642736261602991e-05 1.384948410806171194e-05 -5.406954941147105896e-06 1.477528442092860946e-06 -2.944740399893676783e-07 4.546609536482712123e-08 -5.718970522844854443e-09 6.083350752374130077e-10 -5.623822199752005981e-11 4.611263785925880594e-12 -3.407942042046170189e-13 2.695503475715760522e-14 -8.517290367417463390e-14 1.830854120682637802e-12 -4.188472296081951207e-11 1.000818308796787612e-09 -2.492960487684139826e-08 6.462352527710979559e-07
1.297313687999582570e-06 -2.317981839681906794e-06 2.433164268879762970e-06 -1.708034342773531931e-06 8.386751889987390936e-07 -2.944740399893668313e-07 7.548443989321324355e-08 -1.459932888333637495e-08 2.230026573465945314e-09 -2.802709140441374297e-10 2.993304180777253001e-11 -2.784488432577363245e-12 2.299386521473745581e-13 -1.738824427900260483e-14 7.133465693520043610e-15 -1.312021534447893095e-13 3.010787238327402714e-12 -7.216739970040338249e-11 1.802611910588199522e-09 -4.684293867267274839e-08
-8.621623435228076226e-08 1.753874439673143519e-07 -2.132386600025440423e-07 1.768743353244190951e-07 -1.049105733026488873e-07 4.546609536482657860e-08 -1.459932888333631705e-08 3.532920909846564570e-09 -6.621017079922332883e-10 9.962275003487488961e-11 -1.244978044188601306e-11 1.328943891740839903e-12 -1.238956608597866758e-13 1.028494272371858435e-14 -1.156748290118391874e-15 8.647259927641142632e-15 -1.980400539003742743e-13 4.761428063596244463e-12 -1.192536549562693377e-10 3.106390785778284875e-09
5.296696043317848175e-09 -1.205982291287461948e-08 1.663233425553402142e-08 -1.589359289353797987e-08 1.105131047911631554e-08 -5.718970522842464718e-09 2.230026573465773674e-09 -6.621017079922219145e-10 1.519078485924008993e-10 -2.756075763971113257e-11 4.071992230795333972e-12 -5.040893178106020545e-13 5.358240748012235486e-14 -4.990598586083732908e-15 4.372079508961283208e-16 -5.519010593308223706e-16 1.204653323845077416e-14 -2.904532366534947845e-13 7.293853516462464204e-12 -1.904410508246438199e-10
-3.032276884423023197e-10 7.625110471918388769e-10 -1.173980500434686997e-09 1.267885020609974975e-09 -1.010326760502348860e-09 6.083350752011503402e-10 -2.802709140416400164e-10 9.962275003471727293e-11 -2.756075763970198512e-11 6.013611642172187515e-12 -1.055644381011390138e-12 1.527853384619865487e-13 -1.868006397092429742e-14 1.971310333627616334e-15 -1.841455914075562299e-16 4.455958108201709158e-17 -6.838969852928647889e-16 1.651326884136571271e-14 -4.157504066887941247e-13 1.088009688417587805e-11
1.627919667161105400e-11 -4.473171045431936964e-11 7.591925711830976777e-11 -9.129281719410650610e-11 8.191846544963450674e-11 -5.623822139023467268e-11 2.993304176554238772e-11 -1.244978043919625273e-11 4.071992230636791559e-12 -1.055644381002699087e-12 2.195590493065078923e-13 -3.727743985661468563e-14 5.275499273745300920e-15 -6.354882653542474705e-16 6.647709081729854344e-17 -7.679084648061768692e-18 3.680806503455993229e-17 -8.805844777219519177e-16 2.222541165208423173e-14 -5.829409215408472700e-13
-8.238225476919261514e-13 2.452021515372447636e-12 -4.540989834429336260e-12 6.007844265566169923e-12 -5.986624655244908360e-12 4.611252994309137418e-12 -2.784487675974533724e-12 1.328943843168249881e-12 -5.040893149254119308e-13 1.527853383021508590e-13 -3.727743984832590953e-14 7.403698775398191157e-15 -1.215501453345548514e-15 1.679595423822582997e-16 -1.989788887874708093e-17 2.132221662400086321e-18 -2.007647643396840345e-18 4.428180495992124094e-17 -1.120066238483949720e-15 2.944228975778653505e-14
3.946624637637850857e-14 -1.263160843390248351e-13 2.531162928588804233e-13 -3.648741919100044678e-13 3.992404248002066159e-13 -3.405913970664358817e-13 2.299243368007221124e-13 -1.238947357950714011e-13 5.358235218118992397e-14 -1.868006088844442537e-14 5.275499112509435167e-15 -1.215501445409583353e-15 2.308625502314114617e-16 -3.664473074564478870e-17 4.938693071608563737e-18 -5.779338999772657996e-19 1.448739118214994314e-19 -2.112218147610174136e-18 5.344047036308477568e-17 -1.407758502447588767e-15
-1.796281439716277705e-15 6.144274432480740295e-15 -1.322830335568674542e-14 2.060966655053932380e-14 -2.453372644400929901e-14 2.293609144740690027e-14 -1.710294997663695656e-14 1.026640501512699992e-14 -4.989484479899509331e-15 1.971247906681486026e-15 -6.354849833660687082e-16 1.679593796597086128e-16 -3.664472312101415940e-17 6.663794363178407213e-18 -1.022589159984648371e-18 1.344501126423883996e-19 -1.920408368865929121e-20 9.682418926115166343e-20 -2.422750355588318362e-18 6.395267711151723316e-17
7.791458856540634360e-17 -2.833238147930206382e-16 6.514572389578554250e-16 -1.089526275476417414e-15 1.400116911688646229e-15 -1.421836528287632333e-15 1.159504889885013775e-15 -7.667520591114936454e-16 4.136621984064530964e-16 -1.828203701872505948e-16 6.640711720460319932e-17 -1.989440485723313369e-17 4.938528795091781394e-18 -1.022581812706614317e-18 1.782202683902352346e-19 -2.644576292764041951e-20 3.548073122364737803e-21 -4.484947462259499393e-21 1.047099202850257164e-19 -2.768869576512187172e-18
-3.229382386961492770e-18 1.242693254973355862e-17 -3.035975867695351602e-17 5.418886089901760930e-17 -7.468226090442500957e-17 8.177286050478533694e-17 -7.232240424308730386e-17 5.219498107303048851e-17 -3.093772858058066294e-17 1.512576051088985047e-17 -6.119116852506906346e-18 2.054266275581875762e-18 -5.742450679203002095e-19 1.342842290630046512e-19 -2.643866478269717179e-20 4.420277342558579765e-21 -6.407742019160138761e-22 2.480892285956884613e-22 -4.330506166345984138e-21 1.145568920619488074e-19
1.282013089627164568e-19 -5.199712814670759321e-19 1.343698373441280230e-18 -2.546800063218983032e-18 3.743151036306827318e-18 -4.391257159318702102e-18 4.182286878943305099e-18 -3.268179347185466219e-18 2.109749454877039641e-18 -1.130222711038147208e-18 5.040885769398716844e-19 -1.876757933024803520e-19 5.848546268714961274e-20 -1.530745218570664381e-20 3.380539855394698566e-21 -6.339014526274178140e-22 1.020005122997976831e-22 -2.078247063840683247e-23 1.726377666196855598e-22 -4.539831065946680228e-21
-4.884672480796660498e-21 2.080814315725845223e-20 -5.665535237396418711e-20 1.135318691809625766e-19 -1.770832669163826729e-19 2.213725138301458059e-19 -2.256683552525763693e-19 1.896540799255684397e-19 -1.323439966820660833e-19 7.705239231386281646e-20 -3.755547016794484783e-20 1.536364418930136046e-20 -5.287893214409732381e-21 1.535321424077091150e-21 -3.773470868079075061e-22 7.887153624859913134e-23 -1.411492446069668258e-23 2.427309720272172408e-24 -6.780278098294491423e-24 1.727019909498253278e-22
1.789564350136890012e-22 -7.981723663596761971e-22 2.281842348099911349e-21 -4.815920989104112401e-21 7.937903633983001870e-21 -1.052423682211814796e-20 1.142288403511469453e-20 -1.026442206069152960e-20 7.693028886214504921e-21 -4.833511724595074395e-21 2.554899639909770497e-21 -1.139155783481491671e-21 4.294023630444293301e-22 -1.371518207016614813e-22 3.721907424254679996e-23 -8.611468436380404414e-24 1.706965206465777338e-24 -3.005879284788952284e-25 2.800147693422715000e-25 -6.320674982747107128e-24
-6.306867287006945818e-24 2.936660589405679368e-23 -8.786854597238029162e-23 1.946287522060153302e-22 -3.376744469164384431e-22 4.727531067020043710e-22 -5.437056436544810434e-22 5.195980731574443704e-22 -4.157962375525845141e-22 2.800883882624649380e-22 -1.594138336244611306e-22 7.687045405700290139e-23 -3.147337841102081454e-23 1.096351429241195676e-23 -3.256294488564116946e-24 8.268389173298513115e-25 -1.801167048561720159e-25 3.412112193666605127e-26 -1.380769574017713473e-26 2.229536318251840256e-25
