-1.281702641305131340e-01 9.102996612269047549e-01 -9.270605767256285823e-01 6.096920131591998526e-02
-1.329766490354074016e-01 9.444358985229137637e-01 -9.618253483528400594e-01 5.487228118432799229e-02
-1.365814377140781022e-01 9.700380764949199097e-01 -8.604280977734743985e-01 5.639651121722599747e-02
-1.365814377140781022e-01 9.700380764949199097e-01 -8.604280977734743985e-01 5.639651121722599747e-02
-1.382336325251355413e-01 1.067113001305445508e+00 -8.912094059850681482e-01 4.896588980684826731e-02
-1.457811588211023746e-01 1.059556802945651466e+00 -8.643210279296478227e-01 3.996340617504448578e-02
-1.457717713505850554e-01 1.168654972793377489e+00 -7.216632443578303580e-01 4.097559018126581409e-02
-1.457717713505850554e-01 1.168654972793377489e+00 -7.216632443578303580e-01 4.097559018126581409e-02
-1.652871491223860678e-01 1.395932640591097229e+00 -7.053021868773505787e-01 1.277286905497840297e-02
-1.822728969482090844e-01 1.448397520434284491e+00 -5.043091561233752351e-01 4.893463118314511640e-04
-1.945466479516054781e-01 1.755140455270347566e+00 -2.880770083795112235e-01 -1.111123132197075480e-02
-1.945466479516054781e-01 1.755140455270347566e+00 -2.880770083795112235e-01 -1.111123132197075480e-02
-1.945466479516054781e-01 1.755140455270347566e+00 -2.880770083795112235e-01 -1.111123132197075480e-02
-1.945466479516054781e-01 1.755140455270347566e+00 -2.880770083795112235e-01 -1.111123132197075480e-02
-1.945466479516054781e-01 1.755140455270347566e+00 -2.880770083795112235e-01 -1.111123132197075480e-02
-1.945466479516054781e-01 1.755140455270347566e+00 -2.880770083795112235e-01 -1.111123132197075480e-02
-1.945466479516054781e-01 1.755140455270347566e+00 -2.880770083795112235e-01 -1.111123132197075480e-02
-2.077094846318312260e-01 1.899985748760119941e+00 -9.703384821099003688e-03 -1.765152906214872974e-02
-2.077094846318312260e-01 1.899985748760119941e+00 -9.703384821099003688e-03 -1.765152906214872974e-02
-2.077094846318312260e-01 1.899985748760119941e+00 -9.703384821099003688e-03 -1.765152906214872974e-02
-2.077094846318312260e-01 1.899985748760119941e+00 -9.703384821099003688e-03 -1.765152906214872974e-02
-2.077094846318312260e-01 1.899985748760119941e+00 -9.703384821099003688e-03 -1.765152906214872974e-02
-2.000153419380240605e-01 1.839137250811237578e+00 7.213430409563459378e-03 -8.560019797030610222e-03
-2.000153419380240605e-01 1.839137250811237578e+00 7.213430409563459378e-03 -8.560019797030610222e-03
-2.000153419380240605e-01 1.839137250811237578e+00 7.213430409563459378e-03 -8.560019797030610222e-03
-2.035906390422814738e-01 1.674554667802609309e+00 6.431813649140250000e-03 9.615306296457959423e-06
-2.035906390422814738e-01 1.674554667802609309e+00 6.431813649140250000e-03 9.615306296457959423e-06
-2.035906390422814738e-01 1.674554667802609309e+00 6.431813649140250000e-03 9.615306296457959423e-06
-2.035906390422814738e-01 1.674554667802609309e+00 6.431813649140250000e-03 9.615306296457959423e-06
-2.035906390422814738e-01 1.674554667802609309e+00 6.431813649140250000e-03 9.615306296457959423e-06
-2.035906390422814738e-01 1.674554667802609309e+00 6.431813649140250000e-03 9.615306296457959423e-06
-2.035906390422814738e-01 1.674554667802609309e+00 6.431813649140250000e-03 9.615306296457959423e-06
-2.035906390422814738e-01 1.674554667802609309e+00 6.431813649140250000e-03 9.615306296457959423e-06
-2.035906390422814738e-01 1.674554667802609309e+00 6.431813649140250000e-03 9.615306296457959423e-06
-2.035906390422814738e-01 1.674554667802609309e+00 6.431813649140250000e-03 9.615306296457959423e-06
-2.035906390422814738e-01 1.674554667802609309e+00 6.431813649140250000e-03 9.615306296457959423e-06
-2.035906390422814738e-01 1.674554667802609309e+00 6.431813649140250000e-03 9.615306296457959423e-06
-2.035906390422814738e-01 1.674554667802609309e+00 6.431813649140250000e-03 9.615306296457959423e-06
-2.035906390422814738e-01 1.674554667802609309e+00 6.431813649140250000e-03 9.615306296457959423e-06
-2.035906390422814738e-01 1.674554667802609309e+00 6.431813649140250000e-03 9.615306296457959423e-06
-2.035906390422814738e-01 1.674554667802609309e+00 6.431813649140250000e-03 9.615306296457959423e-06
-2.035906390422814738e-01 1.674554667802609309e+00 6.431813649140250000e-03 9.615306296457959423e-06
-2.035906390422814738e-01 1.674554667802609309e+00 6.431813649140250000e-03 9.615306296457959423e-06
-2.035906390422814738e-01 1.674554667802609309e+00 6.431813649140250000e-03 9.615306296457959423e-06
-2.035906390422814738e-01 1.674554667802609309e+00 6.431813649140250000e-03 9.615306296457959423e-06
-2.056265390992909059e-01 1.653090489331019430e+00 5.028838457793933722e-03 1.938486733827850163e-04
-2.094942341188545942e-01 1.610139048689317232e+00 9.321313464018588651e-03 4.186781298478675032e-04
-2.094942341188545942e-01 1.610139048689317232e+00 9.321313464018588651e-03 4.186781298478675032e-04
-2.094942341188545942e-01 1.610139048689317232e+00 9.321313464018588651e-03 4.186781298478675032e-04
-2.142821246764645693e-01 1.559750152908813803e+00 3.956849025402865705e-03 6.250399292468515351e-04
-2.142821246764645693e-01 1.559750152908813803e+00 3.956849025402865705e-03 6.250399292468515351e-04
-2.142821246764645693e-01 1.559750152908813803e+00 3.956849025402865705e-03 6.250399292468515351e-04
-2.244863804818491015e-01 1.448498264181867334e+00 1.303219314954490171e-02 1.427693439464343015e-03
-2.244863804818491015e-01 1.448498264181867334e+00 1.303219314954490171e-02 1.427693439464343015e-03
-2.377184013813313790e-01 1.310737554030922958e+00 8.522721758205349663e-03 1.838537208735880907e-03
-2.377184013813313790e-01 1.310737554030922958e+00 8.522721758205349663e-03 1.838537208735880907e-03
-2.377184013813313790e-01 1.310737554030922958e+00 8.522721758205349663e-03 1.838537208735880907e-03
-2.377184013813313790e-01 1.310737554030922958e+00 8.522721758205349663e-03 1.838537208735880907e-03
-2.377184013813313790e-01 1.310737554030922958e+00 8.522721758205349663e-03 1.838537208735880907e-03
-2.415046637378739369e-01 1.278851843132036148e+00 2.067996564153434802e-03 1.673105695002204477e-03
-2.415046637378739369e-01 1.278851843132036148e+00 2.067996564153434802e-03 1.673105695002204477e-03
-2.415046637378739369e-01 1.278851843132036148e+00 2.067996564153434802e-03 1.673105695002204477e-03
-2.468537812530932629e-01 1.247396733940129288e+00 -1.589510725894846543e-03 4.954959053577153230e-04
-2.693274936682763521e-01 1.029360319272584423e+00 1.336361767239925558e-03 8.755566537598262131e-04
-2.693274936682763521e-01 1.029360319272584423e+00 1.336361767239925558e-03 8.755566537598262131e-04
-2.693274936682763521e-01 1.029360319272584423e+00 1.336361767239925558e-03 8.755566537598262131e-04
-2.693274936682763521e-01 1.029360319272584423e+00 1.336361767239925558e-03 8.755566537598262131e-04
-2.974850941846294283e-01 7.487803694264010268e-01 -1.086186027747420776e-02 1.054414342650775854e-03
-2.974850941846294283e-01 7.487803694264010268e-01 -1.086186027747420776e-02 1.054414342650775854e-03
-2.974850941846294283e-01 7.487803694264010268e-01 -1.086186027747420776e-02 1.054414342650775854e-03
-2.974850941846294283e-01 7.487803694264010268e-01 -1.086186027747420776e-02 1.054414342650775854e-03
-3.230571153428624109e-01 5.000928805666602361e-01 -4.166313542819174640e-03 1.490781825242228770e-03
-3.230571153428624109e-01 5.000928805666602361e-01 -4.166313542819174640e-03 1.490781825242228770e-03
-3.230571153428624109e-01 5.000928805666602361e-01 -4.166313542819174640e-03 1.490781825242228770e-03
-3.297343212090286246e-01 4.558705162233185337e-01 -1.471416897715668512e-02 2.183256930653435131e-04
-3.477298463508533555e-01 2.829037093765955913e-01 -1.654548568377116335e-02 4.377035219386401013e-04
-3.155931943434131526e-01 5.962729261497989874e-01 -2.543310092396163652e-03 3.073516447186614656e-04
-3.560765736823350847e-01 1.947405935698358626e-01 -5.141615552713238446e-03 8.876984521712273516e-04
-3.560765736823350847e-01 1.947405935698358626e-01 -5.141615552713238446e-03 8.876984521712273516e-04
-3.687134577018583714e-01 9.229763344537156300e-02 -2.239529999966405338e-04 3.639822010192402067e-04
-3.687134577018583714e-01 9.229763344537156300e-02 -2.239529999966405338e-04 3.639822010192402067e-04
-3.687134577018583714e-01 9.229763344537156300e-02 -2.239529999966405338e-04 3.639822010192402067e-04
-3.687134577018583714e-01 9.229763344537156300e-02 -2.239529999966405338e-04 3.639822010192402067e-04
-3.687134577018583714e-01 9.229763344537156300e-02 -2.239529999966405338e-04 3.639822010192402067e-04
-3.687134577018583714e-01 9.229763344537156300e-02 -2.239529999966405338e-04 3.639822010192402067e-04
-3.839504681617521009e-01 -4.907939385796406678e-02 -9.419877362440993562e-04 -1.009910834817525260e-06
-3.839504681617521009e-01 -4.907939385796406678e-02 -9.419877362440993562e-04 -1.009910834817525260e-06
-3.839504681617521009e-01 -4.907939385796406678e-02 -9.419877362440993562e-04 -1.009910834817525260e-06
-3.839504681617521009e-01 -4.907939385796406678e-02 -9.419877362440993562e-04 -1.009910834817525260e-06
-3.691180619884750769e-01 9.429759239357109191e-02 1.222435198474616964e-03 -1.735111522658811843e-05
-3.714288716315404248e-01 7.001821117769801983e-02 -4.356189258495166573e-04 1.228088235061024149e-04
-3.714288716315404248e-01 7.001821117769801983e-02 -4.356189258495166573e-04 1.228088235061024149e-04
-3.714288716315404248e-01 7.001821117769801983e-02 -4.356189258495166573e-04 1.228088235061024149e-04
-3.714288716315404248e-01 7.001821117769801983e-02 -4.356189258495166573e-04 1.228088235061024149e-04
-3.714288716315404248e-01 7.001821117769801983e-02 -4.356189258495166573e-04 1.228088235061024149e-04
-3.719818205959012358e-01 6.622605982758125731e-02 -8.478695682024293447e-04 -7.141815537184616647e-06
-3.712026126236922519e-01 7.319500972460678268e-02 2.737864834049869760e-04 3.232022928133731305e-05
-3.712026126236922519e-01 7.319500972460678268e-02 2.737864834049869760e-04 3.232022928133731305e-05
-3.712026126236922519e-01 7.319500972460678268e-02 2.737864834049869760e-04 3.232022928133731305e-05
-3.721865197862050945e-01 6.365877704416735006e-02 -3.683237981170451539e-04 5.886874422101632187e-05
-3.731695776234121853e-01 5.575416536969821091e-02 -2.480131335809288690e-04 -2.347925832153470536e-05
-3.731695776234121853e-01 5.575416536969821091e-02 -2.480131335809288690e-04 -2.347925832153470536e-05
-3.736788967181410848e-01 4.961418329755422352e-02 -2.354498007603436009e-04 3.046821263899902649e-05
-3.736788967181410848e-01 4.961418329755422352e-02 -2.354498007603436009e-04 3.046821263899902649e-05
-3.736788967181410848e-01 4.961418329755422352e-02 -2.354498007603436009e-04 3.046821263899902649e-05
-3.735001684411534129e-01 5.158954529112183551e-02 2.131591502967300413e-04 3.133850729953454407e-05
-3.736583228027757220e-01 5.045611852111420159e-02 1.686282055403116170e-04 2.876230891486247757e-06
-3.732135278289797631e-01 5.482274643062813591e-02 -9.519017170255704072e-05 2.697968317462279660e-07
-3.732135278289797631e-01 5.482274643062813591e-02 -9.519017170255704072e-05 2.697968317462279660e-07
-3.732135278289797631e-01 5.482274643062813591e-02 -9.519017170255704072e-05 2.697968317462279660e-07
-3.732135278289797631e-01 5.482274643062813591e-02 -9.519017170255704072e-05 2.697968317462279660e-07
-3.734125386691072856e-01 5.272446605669899033e-02 4.523242430796107762e-05 6.439324081541526711e-06
-3.731755701091359345e-01 5.499300034172996399e-02 -1.047205657675378946e-04 3.332234818341642198e-06
-3.730880839898016998e-01 5.565355752423525870e-02 -4.569548046052678724e-06 1.597802902895388786e-05
-3.730880839898016998e-01 5.565355752423525870e-02 -4.569548046052678724e-06 1.597802902895388786e-05
-3.733033083582134593e-01 5.340888239821768579e-02 3.424859208761059045e-05 1.986160579244401845e-05
-3.731403964392560613e-01 5.506814472135438537e-02 -7.244133394782180835e-05 1.691224556896034876e-05
-3.731989436037695396e-01 5.464935246821932963e-02 -6.493375283758485745e-05 1.007425462290853111e-05
-3.731989436037695396e-01 5.464935246821932963e-02 -6.493375283758485745e-05 1.007425462290853111e-05
-3.732371835054072995e-01 5.405849968015338791e-02 -4.500497512667584929e-05 1.589594905674754363e-05
-3.732371835054072995e-01 5.405849968015338791e-02 -4.500497512667584929e-05 1.589594905674754363e-05
-3.732371835054072995e-01 5.405849968015338791e-02 -4.500497512667584929e-05 1.589594905674754363e-05
-3.732371835054072995e-01 5.405849968015338791e-02 -4.500497512667584929e-05 1.589594905674754363e-05
-3.732371835054072995e-01 5.405849968015338791e-02 -4.500497512667584929e-05 1.589594905674754363e-05
-3.731758542632162001e-01 5.467193333681323597e-02 -1.006867183462395830e-05 1.655052858944888641e-05
-3.731908596808775069e-01 5.440106989161175299e-02 2.902326092232518519e-06 1.518602679797329132e-05
-3.731908596808775069e-01 5.440106989161175299e-02 2.902326092232518519e-06 1.518602679797329132e-05
-3.731908596808775069e-01 5.440106989161175299e-02 2.902326092232518519e-06 1.518602679797329132e-05
-3.731908596808775069e-01 5.440106989161175299e-02 2.902326092232518519e-06 1.518602679797329132e-05
-3.731908596808775069e-01 5.440106989161175299e-02 2.902326092232518519e-06 1.518602679797329132e-05
-3.730853971394878510e-01 5.521155039004593812e-02 -2.380374188399755244e-05 1.460110037251210503e-05
-3.730853971394878510e-01 5.521155039004593812e-02 -2.380374188399755244e-05 1.460110037251210503e-05
-3.731004620809780237e-01 5.476317662297801314e-02 1.023365385686775741e-04 2.231673165111113059e-05
-3.731617348642789489e-01 5.416780374076797522e-02 1.942275120761861645e-05 1.332103662820231246e-05
-3.729888004614685393e-01 5.525270648787616867e-02 5.541520490693487526e-05 2.280957254766691536e-05
-3.729594312172203052e-01 5.535189938256912523e-02 1.476862081402893008e-04 1.344639848696780156e-05
-3.729594312172203052e-01 5.535189938256912523e-02 1.476862081402893008e-04 1.344639848696780156e-05
-3.728964136246335492e-01 5.497013600774122710e-02 1.018956160255952395e-04 8.558619408251992924e-06
-3.728964136246335492e-01 5.497013600774122710e-02 1.018956160255952395e-04 8.558619408251992924e-06
-3.728964136246335492e-01 5.497013600774122710e-02 1.018956160255952395e-04 8.558619408251992924e-06
-3.725558306160241528e-01 5.690376514881767545e-02 1.910546581245663633e-04 -4.809373225972589307e-06
-3.723739020756562379e-01 5.647635116246524367e-02 3.006767659237110030e-04 -2.702460415689537378e-06
-3.723739020756562379e-01 5.647635116246524367e-02 3.006767659237110030e-04 -2.702460415689537378e-06
-3.723739020756562379e-01 5.647635116246524367e-02 3.006767659237110030e-04 -2.702460415689537378e-06
-3.715932487583635258e-01 5.970041272528428533e-02 4.153928075532279524e-04 -4.563854965521173918e-05
-3.715524783823367372e-01 5.793064012548138075e-02 4.053283354267818829e-04 -4.952444670869193035e-05
-3.707892789864681848e-01 6.161219145253010732e-02 5.182918572134640996e-04 -5.541312963104526394e-05
-3.707892789864681848e-01 6.161219145253010732e-02 5.182918572134640996e-04 -5.541312963104526394e-05
-3.707892789864681848e-01 6.161219145253010732e-02 5.182918572134640996e-04 -5.541312963104526394e-05
-3.705003982129853046e-01 5.962117410854919641e-02 6.861266504169646549e-04 -5.401275782713365779e-05
-3.705003982129853046e-01 5.962117410854919641e-02 6.861266504169646549e-04 -5.401275782713365779e-05
-3.705003982129853046e-01 5.962117410854919641e-02 6.861266504169646549e-04 -5.401275782713365779e-05
-3.683770194385327379e-01 6.607400770008439728e-02 1.016511265952434228e-03 -8.933060415005398636e-05
-3.680942235693183129e-01 6.205726723165266856e-02 1.164248778933297526e-03 -1.029913441946038525e-04
-3.681315886041371943e-01 6.194348633032822904e-02 1.018220160808057644e-03 -6.508925688739370806e-05
-3.681315886041371943e-01 6.194348633032822904e-02 1.018220160808057644e-03 -6.508925688739370806e-05
-3.681315886041371943e-01 6.194348633032822904e-02 1.018220160808057644e-03 -6.508925688739370806e-05
-3.681315886041371943e-01 6.194348633032822904e-02 1.018220160808057644e-03 -6.508925688739370806e-05
-3.633921798155208549e-01 6.928417058300251341e-02 1.979644104961462720e-03 -8.512680855881203808e-05
-3.676762128460975276e-01 5.821290262813982874e-02 1.275947261567123361e-03 -1.736119518883213683e-05
-3.649499069171455723e-01 5.847216774782376669e-02 1.507589903402678771e-03 -1.152840023789449171e-05
-3.649499069171455723e-01 5.847216774782376669e-02 1.507589903402678771e-03 -1.152840023789449171e-05
-3.604448337199375185e-01 6.161368281874657349e-02 2.485117384659786890e-03 5.562062091458098089e-05
-3.604448337199375185e-01 6.161368281874657349e-02 2.485117384659786890e-03 5.562062091458098089e-05
-3.580925318463774598e-01 5.757307431968017308e-02 2.357405951043780971e-03 1.580924120556549272e-04
-3.580925318463774598e-01 5.757307431968017308e-02 2.357405951043780971e-03 1.580924120556549272e-04
-3.547847575740422643e-01 6.194662431060700414e-02 3.169681005966415444e-03 8.778643372595635751e-05
-3.547847575740422643e-01 6.194662431060700414e-02 3.169681005966415444e-03 8.778643372595635751e-05
-3.538175000613668075e-01 6.350931711328000606e-02 2.618135917429837561e-03 9.930406325537441859e-05
-3.538175000613668075e-01 6.350931711328000606e-02 2.618135917429837561e-03 9.930406325537441859e-05
-3.538175000613668075e-01 6.350931711328000606e-02 2.618135917429837561e-03 9.930406325537441859e-05
-3.538175000613668075e-01 6.350931711328000606e-02 2.618135917429837561e-03 9.930406325537441859e-05
-3.538175000613668075e-01 6.350931711328000606e-02 2.618135917429837561e-03 9.930406325537441859e-05
-3.515719777323089712e-01 5.491747154946677312e-02 2.146518933534347084e-03 1.667559020979055018e-04
-3.515719777323089712e-01 5.491747154946677312e-02 2.146518933534347084e-03 1.667559020979055018e-04
-3.395098518718993041e-01 6.093104209152595818e-02 3.057650832844894910e-03 2.811559639026107245e-04
-3.486512320187193925e-01 6.459335909768187944e-02 1.047383417514424764e-03 1.443075138576775315e-04
-3.346603873690021658e-01 5.891286202809042916e-02 1.589428853621598255e-03 2.698742337195104046e-04
-3.346603873690021658e-01 5.891286202809042916e-02 1.589428853621598255e-03 2.698742337195104046e-04
-3.346603873690021658e-01 5.891286202809042916e-02 1.589428853621598255e-03 2.698742337195104046e-04
-3.346603873690021658e-01 5.891286202809042916e-02 1.589428853621598255e-03 2.698742337195104046e-04
-3.356340200705874022e-01 7.973628266216531424e-02 3.234230528556124480e-04 3.507758629166918794e-05
-3.029738526652057118e-01 6.632791403854382262e-02 -1.720941529814775522e-04 4.617861922485415761e-04
-3.242965431381247265e-01 7.089283223242795473e-02 -1.606133816539578180e-03 5.112356208394029655e-05
-3.032390246958983626e-01 8.964125354523308498e-02 1.272079801800370200e-03 -1.732115216626455272e-05
-2.984113329159059358e-01 9.438627921109465913e-02 -1.680791411054134796e-03 -4.541139490567150730e-06
-2.504225249201762482e-01 8.146364394614402649e-02 -2.287050789792340142e-03 2.981304244233992781e-04
-2.504225249201762482e-01 8.146364394614402649e-02 -2.287050789792340142e-03 2.981304244233992781e-04
-2.043697207501211643e-01 1.337307858836774832e-01 -2.936946323139452870e-04 -1.186137832104206425e-04
-2.043697207501211643e-01 1.337307858836774832e-01 -2.936946323139452870e-04 -1.186137832104206425e-04
-2.043697207501211643e-01 1.337307858836774832e-01 -2.936946323139452870e-04 -1.186137832104206425e-04
-1.479240033212473882e-01 1.190956543395550460e-01 -9.479113298407940667e-04 4.293920513118124494e-04
-9.178406331618083058e-02 1.855196202287447971e-01 1.635402063205945895e-03 1.394617390513793517e-04
-7.646244488897335767e-02 1.784374125654746845e-01 -1.867620138013190894e-03 -5.163684610900065759e-06
-7.646244488897335767e-02 1.784374125654746845e-01 -1.867620138013190894e-03 -5.163684610900065759e-06
-7.646244488897335767e-02 1.784374125654746845e-01 -1.867620138013190894e-03 -5.163684610900065759e-06
-7.646244488897335767e-02 1.784374125654746845e-01 -1.867620138013190894e-03 -5.163684610900065759e-06
-3.509814965784584240e-02 1.916509947443475470e-01 7.210461475867829990e-04 2.240279686931135857e-04
-2.525653482353923396e-02 1.685248006935434750e-01 -2.376994188076222460e-03 3.338675036334675652e-05
-2.525653482353923396e-02 1.685248006935434750e-01 -2.376994188076222460e-03 3.338675036334675652e-05
-2.525653482353923396e-02 1.685248006935434750e-01 -2.376994188076222460e-03 3.338675036334675652e-05
-2.525653482353923396e-02 1.685248006935434750e-01 -2.376994188076222460e-03 3.338675036334675652e-05
-2.525653482353923396e-02 1.685248006935434750e-01 -2.376994188076222460e-03 3.338675036334675652e-05
-2.525653482353923396e-02 1.685248006935434750e-01 -2.376994188076222460e-03 3.338675036334675652e-05
-1.266763051102114124e-02 1.518265416264936163e-01 -3.674370151683144931e-04 8.931642421027206316e-05
-1.266763051102114124e-02 1.518265416264936163e-01 -3.674370151683144931e-04 8.931642421027206316e-05
-1.266763051102114124e-02 1.518265416264936163e-01 -3.674370151683144931e-04 8.931642421027206316e-05
-1.266763051102114124e-02 1.518265416264936163e-01 -3.674370151683144931e-04 8.931642421027206316e-05
-1.266763051102114124e-02 1.518265416264936163e-01 -3.674370151683144931e-04 8.931642421027206316e-05
-1.266763051102114124e-02 1.518265416264936163e-01 -3.674370151683144931e-04 8.931642421027206316e-05
2.715092327201171912e-02 1.001356325187616747e-01 -2.289741333116021831e-03 1.402706173084255245e-04
2.715092327201171912e-02 1.001356325187616747e-01 -2.289741333116021831e-03 1.402706173084255245e-04
2.827576996227341294e-02 9.138380116336619619e-02 1.158864624932259705e-03 1.039519639943347912e-04
2.827576996227341294e-02 9.138380116336619619e-02 1.158864624932259705e-03 1.039519639943347912e-04
1.267484073692731056e-02 8.465761575263383576e-02 -1.665817941596755419e-03 -2.676707359319257140e-06
1.267484073692731056e-02 8.465761575263383576e-02 -1.665817941596755419e-03 -2.676707359319257140e-06
1.267484073692731056e-02 8.465761575263383576e-02 -1.665817941596755419e-03 -2.676707359319257140e-06
4.356404506785466896e-02 3.029903196948494082e-02 6.794276061605677292e-04 6.206126930717186007e-06
4.356404506785466896e-02 3.029903196948494082e-02 6.794276061605677292e-04 6.206126930717186007e-06
4.356404506785466896e-02 3.029903196948494082e-02 6.794276061605677292e-04 6.206126930717186007e-06
4.356404506785466896e-02 3.029903196948494082e-02 6.794276061605677292e-04 6.206126930717186007e-06
4.356404506785466896e-02 3.029903196948494082e-02 6.794276061605677292e-04 6.206126930717186007e-06
2.177595091269837746e-02 1.597483491735601779e-02 -5.276124951068783498e-04 4.736079332380723449e-05
2.177595091269837746e-02 1.597483491735601779e-02 -5.276124951068783498e-04 4.736079332380723449e-05
2.177595091269837746e-02 1.597483491735601779e-02 -5.276124951068783498e-04 4.736079332380723449e-05
2.177595091269837746e-02 1.597483491735601779e-02 -5.276124951068783498e-04 4.736079332380723449e-05
-6.384486184641963158e-04 -4.154381048022862122e-03 6.653206055987391856e-04 -2.707465577224129027e-06
-6.384486184641963158e-04 -4.154381048022862122e-03 6.653206055987391856e-04 -2.707465577224129027e-06
-6.384486184641963158e-04 -4.154381048022862122e-03 6.653206055987391856e-04 -2.707465577224129027e-06
-6.384486184641963158e-04 -4.154381048022862122e-03 6.653206055987391856e-04 -2.707465577224129027e-06
-6.384486184641963158e-04 -4.154381048022862122e-03 6.653206055987391856e-04 -2.707465577224129027e-06
-9.217011929550843197e-03 6.127521922113316616e-03 2.349093883421383912e-04 1.909777511265624286e-05
-2.877392732982017847e-03 1.705106912395160101e-02 -1.030018102104408102e-04 8.709088759404801875e-06
5.741929413303255986e-04 2.555307959298810678e-03 -2.796963118979017794e-04 5.384140166224834787e-07
5.741929413303255986e-04 2.555307959298810678e-03 -2.796963118979017794e-04 5.384140166224834787e-07
5.741929413303255986e-04 2.555307959298810678e-03 -2.796963118979017794e-04 5.384140166224834787e-07
5.741929413303255986e-04 2.555307959298810678e-03 -2.796963118979017794e-04 5.384140166224834787e-07
5.741929413303255986e-04 2.555307959298810678e-03 -2.796963118979017794e-04 5.384140166224834787e-07
1.551639399599132486e-03 7.273465037590203311e-03 -1.503757704699616574e-04 -1.115044209654220890e-05
1.551639399599132486e-03 7.273465037590203311e-03 -1.503757704699616574e-04 -1.115044209654220890e-05
-2.593620872051638840e-03 1.057454783971138040e-02 -5.175064237555172228e-05 6.089667905901892993e-07
-2.593620872051638840e-03 1.057454783971138040e-02 -5.175064237555172228e-05 6.089667905901892993e-07
-5.680041519743985520e-04 4.186862173969763470e-03 7.770252370856576738e-05 -2.588706476646992643e-07
-5.680041519743985520e-04 4.186862173969763470e-03 7.770252370856576738e-05 -2.588706476646992643e-07
-5.680041519743985520e-04 4.186862173969763470e-03 7.770252370856576738e-05 -2.588706476646992643e-07
-5.680041519743985520e-04 4.186862173969763470e-03 7.770252370856576738e-05 -2.588706476646992643e-07
-5.680041519743985520e-04 4.186862173969763470e-03 7.770252370856576738e-05 -2.588706476646992643e-07
-5.680041519743985520e-04 4.186862173969763470e-03 7.770252370856576738e-05 -2.588706476646992643e-07
-5.680041519743985520e-04 4.186862173969763470e-03 7.770252370856576738e-05 -2.588706476646992643e-07
5.423785995131945575e-04 5.985229048552033818e-03 -4.459360414926053797e-05 -3.040070169940082920e-06
5.423785995131945575e-04 5.985229048552033818e-03 -4.459360414926053797e-05 -3.040070169940082920e-06
5.423785995131945575e-04 5.985229048552033818e-03 -4.459360414926053797e-05 -3.040070169940082920e-06
5.423785995131945575e-04 5.985229048552033818e-03 -4.459360414926053797e-05 -3.040070169940082920e-06
-1.112580541305965278e-04 4.995785046808261243e-03 2.706260418045763349e-05 -3.244274612090142756e-07
-1.112580541305965278e-04 4.995785046808261243e-03 2.706260418045763349e-05 -3.244274612090142756e-07
-2.412174861494506702e-04 6.100425498546401676e-03 6.656258481687123043e-06 -2.058670325870215298e-07
-2.412174861494506702e-04 6.100425498546401676e-03 6.656258481687123043e-06 -2.058670325870215298e-07
-2.412174861494506702e-04 6.100425498546401676e-03 6.656258481687123043e-06 -2.058670325870215298e-07
-2.412174861494506702e-04 6.100425498546401676e-03 6.656258481687123043e-06 -2.058670325870215298e-07
2.033008653247972853e-04 5.863151129097628027e-03 -2.166283858642004822e-06 -9.044451041063290022e-07
-1.136402017516013766e-04 4.982815177562943329e-03 -8.280227851484508203e-06 -2.957926842150135157e-07
-2.734046060565123825e-05 5.342089798695916214e-03 1.260351990907254479e-05 -3.399408249665616673e-07
-2.734046060565123825e-05 5.342089798695916214e-03 1.260351990907254479e-05 -3.399408249665616673e-07
-9.199740311266009420e-05 5.784926437324202156e-03 3.508462293796034223e-06 -3.237198020455489976e-07
-9.199740311266009420e-05 5.784926437324202156e-03 3.508462293796034223e-06 -3.237198020455489976e-07
-3.924733311574473787e-05 5.300555188931443604e-03 -2.239592323213684722e-06 -3.341701514560214679e-07
-3.924733311574473787e-05 5.300555188931443604e-03 -2.239592323213684722e-06 -3.341701514560214679e-07
2.763356070357481548e-05 5.709203781574979583e-03 -5.391223200918238380e-06 -4.192089940552856386e-07
2.763356070357481548e-05 5.709203781574979583e-03 -5.391223200918238380e-06 -4.192089940552856386e-07
-4.522843465504065304e-05 5.665819321483173306e-03 8.517297196381219627e-07 -3.227640231737269289e-07
2.329076065464218443e-05 5.583584901785489107e-03 -2.887750949128117924e-07 -3.185634833802938616e-07
1.341783283159829227e-05 5.964625227816095290e-03 -6.454867350461559435e-07 -3.066065369199538001e-07
1.341783283159829227e-05 5.964625227816095290e-03 -6.454867350461559435e-07 -3.066065369199538001e-07
1.341783283159829227e-05 5.964625227816095290e-03 -6.454867350461559435e-07 -3.066065369199538001e-07
1.341783283159829227e-05 5.964625227816095290e-03 -6.454867350461559435e-07 -3.066065369199538001e-07
8.703746012390416788e-06 5.669994093748270680e-03 -7.497098478268731747e-07 -3.182056951722859616e-07
8.703746012390416788e-06 5.669994093748270680e-03 -7.497098478268731747e-07 -3.182056951722859616e-07
-1.432508324680561205e-05 5.806105428119550868e-03 1.490812122338249599e-06 -2.613034566299622062e-07
-1.432508324680561205e-05 5.806105428119550868e-03 1.490812122338249599e-06 -2.613034566299622062e-07
-6.394766501462028190e-06 5.664734337306197125e-03 5.356086387579497501e-08 -2.812438738451268745e-07
6.119429136518606126e-06 5.794132487267495031e-03 -2.055447746799264817e-07 -2.831513072175844676e-07
6.119429136518606126e-06 5.794132487267495031e-03 -2.055447746799264817e-07 -2.831513072175844676e-07
6.119429136518606126e-06 5.794132487267495031e-03 -2.055447746799264817e-07 -2.831513072175844676e-07
6.119429136518606126e-06 5.794132487267495031e-03 -2.055447746799264817e-07 -2.831513072175844676e-07
-3.155365221017176392e-06 5.789786457941833650e-03 1.252212685747928200e-06 -2.518952371682019029e-07
-3.155365221017176392e-06 5.789786457941833650e-03 1.252212685747928200e-06 -2.518952371682019029e-07
-3.155365221017176392e-06 5.789786457941833650e-03 1.252212685747928200e-06 -2.518952371682019029e-07
-3.155365221017176392e-06 5.789786457941833650e-03 1.252212685747928200e-06 -2.518952371682019029e-07
