1.000000000000000000e+00 5.000000000000000278e-02
8.999999999999999112e-01 5.374999999999999223e-02
8.499999999999996447e-01 5.937499999999998335e-02
8.124999999999995559e-01 5.859374999999997918e-02
8.124999999999995559e-01 5.859374999999997918e-02
8.140624999999994671e-01 6.029296874999997419e-02
8.316406249999995781e-01 5.940917968749998002e-02
8.316406249999995781e-01 5.940917968749998002e-02
8.232421874999994449e-01 6.027587890624998279e-02
8.232421874999994449e-01 6.027587890624998279e-02
8.270507812499996447e-01 5.941772460937497918e-02
8.270507812499996447e-01 5.941772460937497918e-02
8.255371093749994671e-01 6.027160644531248668e-02
8.255371093749994671e-01 6.027160644531248668e-02
8.261932373046870781e-01 5.957889556884763543e-02
8.261932373046870781e-01 5.957889556884763543e-02
8.259658813476556949e-01 6.019102096557615855e-02
8.259658813476556949e-01 6.019102096557615855e-02
8.260434150695796784e-01 5.971381545066831165e-02
8.260963201522820709e-01 6.017540246248243019e-02
8.260178744792932015e-01 6.006781496107576473e-02
8.260178744792932015e-01 6.006781496107576473e-02
8.260178744792932015e-01 6.006781496107576473e-02
8.260178744792932015e-01 6.006781496107576473e-02
8.260508261620991277e-01 6.028320771642028258e-02
8.260508261620991277e-01 6.028320771642028258e-02
8.260256777051829813e-01 6.010435091506222127e-02
8.260256777051829813e-01 6.010435091506222127e-02
8.260469245491541823e-01 6.026493973942705085e-02
8.260469245491541823e-01 6.026493973942705085e-02
8.260302843671516460e-01 6.013355850660444257e-02
8.260321410816680032e-01 6.015180001903898399e-02
8.260321410816680032e-01 6.015180001903898399e-02
8.260270526789091905e-01 6.010983395461606121e-02
8.260270526789091905e-01 6.010983395461606121e-02
