-3.409440314287697227e-01 -3.162663256623021724e-01 4.105311624107212953e-01 -7.482835886307899198e-01
-3.537294326073485706e-01 -3.281263128746385593e-01 4.259260810011233911e-01 -6.734552297677105503e-01
-3.537294326073485706e-01 -3.281263128746385593e-01 4.259260810011233911e-01 -6.734552297677105503e-01
-3.537294326073485706e-01 -3.281263128746385593e-01 4.259260810011233911e-01 -6.734552297677105503e-01
-3.444067442479682439e-01 -3.184900732646152033e-01 4.711486543604295196e-01 -6.220107330493438447e-01
-3.810981820052439240e-01 -3.201578839663501430e-01 4.601637384912363737e-01 -5.273060913632590108e-01
-3.810981820052439240e-01 -3.201578839663501430e-01 4.601637384912363737e-01 -5.273060913632590108e-01
-3.568508684419626764e-01 -3.422949824935430652e-01 4.946319188508672138e-01 -3.927027348927587536e-01
-3.783700470857915832e-01 -3.311781748184380314e-01 5.692536751237780024e-01 -2.195525431680851458e-01
-3.783700470857915832e-01 -3.311781748184380314e-01 5.692536751237780024e-01 -2.195525431680851458e-01
-4.037527829339140339e-01 -3.335662423119380993e-01 5.992908676640238408e-01 7.272289783794261275e-02
-4.037527829339140339e-01 -3.335662423119380993e-01 5.992908676640238408e-01 7.272289783794261275e-02
-4.037527829339140339e-01 -3.335662423119380993e-01 5.992908676640238408e-01 7.272289783794261275e-02
-4.037527829339140339e-01 -3.335662423119380993e-01 5.992908676640238408e-01 7.272289783794261275e-02
-4.037527829339140339e-01 -3.335662423119380993e-01 5.992908676640238408e-01 7.272289783794261275e-02
-4.037527829339140339e-01 -3.335662423119380993e-01 5.992908676640238408e-01 7.272289783794261275e-02
-3.968914336417482813e-01 -3.417524710755357464e-01 5.864859401465263300e-01 -2.556137198165806673e-02
-3.968914336417482813e-01 -3.417524710755357464e-01 5.864859401465263300e-01 -2.556137198165806673e-02
-3.968914336417482813e-01 -3.417524710755357464e-01 5.864859401465263300e-01 -2.556137198165806673e-02
-3.968914336417482813e-01 -3.417524710755357464e-01 5.864859401465263300e-01 -2.556137198165806673e-02
-3.968914336417482813e-01 -3.417524710755357464e-01 5.864859401465263300e-01 -2.556137198165806673e-02
-3.985533425152998355e-01 -3.407015000835941221e-01 5.994801193768821701e-01 2.333081303039833895e-02
-3.952926955317949131e-01 -3.413748624822685596e-01 5.977050028149994976e-01 1.672971381874107516e-02
-3.946594684213927118e-01 -3.396458629911337512e-01 5.932101408271885923e-01 -9.607720953929636820e-03
-3.946594684213927118e-01 -3.396458629911337512e-01 5.932101408271885923e-01 -9.607720953929636820e-03
-3.966793847325283950e-01 -3.409702211037803354e-01 5.913707805770984649e-01 -7.111694575364748902e-03
-3.947215983087737357e-01 -3.400319770388101071e-01 5.916023697731458419e-01 -6.074372620967476849e-03
-3.955743838018276337e-01 -3.406471462542377537e-01 5.952038154311303231e-01 7.378024069150866844e-03
-3.963862728204387009e-01 -3.396767304090468897e-01 5.937369988318761393e-01 5.522592204113371817e-03
-3.963862728204387009e-01 -3.396767304090468897e-01 5.937369988318761393e-01 5.522592204113371817e-03
-3.963026431589431464e-01 -3.406567390661274786e-01 5.923466434779978140e-01 -1.519442394595824086e-03
-3.963026431589431464e-01 -3.406567390661274786e-01 5.923466434779978140e-01 -1.519442394595824086e-03
-3.954416851228435004e-01 -3.402179606483227703e-01 5.925851982515718541e-01 -9.400585877238818409e-04
-3.954416851228435004e-01 -3.402179606483227703e-01 5.925851982515718541e-01 -9.400585877238818409e-04
-3.962945022828114894e-01 -3.400203665138803455e-01 5.929359269593934556e-01 2.734770153874425437e-03
-3.962820991453599451e-01 -3.404227326118156594e-01 5.925536618554997359e-01 2.338763284830957211e-03
-3.962820991453599451e-01 -3.404227326118156594e-01 5.925536618554997359e-01 2.338763284830957211e-03
-3.962820991453599451e-01 -3.404227326118156594e-01 5.925536618554997359e-01 2.338763284830957211e-03
-3.962820991453599451e-01 -3.404227326118156594e-01 5.925536618554997359e-01 2.338763284830957211e-03
-3.965711617842104797e-01 -3.401445595889192042e-01 5.907890506215842663e-01 8.214080401474843293e-04
-3.965711617842104797e-01 -3.401445595889192042e-01 5.907890506215842663e-01 8.214080401474843293e-04
-3.965711617842104797e-01 -3.401445595889192042e-01 5.907890506215842663e-01 8.214080401474843293e-04
-3.965711617842104797e-01 -3.401445595889192042e-01 5.907890506215842663e-01 8.214080401474843293e-04
-3.973843984940987895e-01 -3.398250727190386122e-01 5.891752952546129851e-01 -1.424929851859717007e-03
-3.973843984940987895e-01 -3.398250727190386122e-01 5.891752952546129851e-01 -1.424929851859717007e-03
-3.982140069950101946e-01 -3.403967577310267334e-01 5.872416510194991002e-01 -2.245343666383698127e-03
-3.982140069950101946e-01 -3.403967577310267334e-01 5.872416510194991002e-01 -2.245343666383698127e-03
-3.983946761307708417e-01 -3.395557783516427452e-01 5.859627194309595666e-01 -1.219208529887138345e-03
-3.983946761307708417e-01 -3.395557783516427452e-01 5.859627194309595666e-01 -1.219208529887138345e-03
-3.983946761307708417e-01 -3.395557783516427452e-01 5.859627194309595666e-01 -1.219208529887138345e-03
-4.012543460904842707e-01 -3.401137523475081803e-01 5.804159512915130215e-01 -4.013451299194845459e-03
-4.012543460904842707e-01 -3.401137523475081803e-01 5.804159512915130215e-01 -4.013451299194845459e-03
-4.014502824007779580e-01 -3.397629684108136594e-01 5.786597268074826772e-01 -1.151447769850457575e-03
-4.014502824007779580e-01 -3.397629684108136594e-01 5.786597268074826772e-01 -1.151447769850457575e-03
-4.071420836607155813e-01 -3.397598554495884215e-01 5.664421203292393514e-01 -6.049581368600385513e-03
-4.071420836607155813e-01 -3.397598554495884215e-01 5.664421203292393514e-01 -6.049581368600385513e-03
-4.089022060077653897e-01 -3.393527807018645870e-01 5.617688751261837865e-01 -1.778247072154667818e-04
-4.089022060077653897e-01 -3.393527807018645870e-01 5.617688751261837865e-01 -1.778247072154667818e-04
-4.199659813002647457e-01 -3.402558202474361693e-01 5.388108837972023224e-01 -6.127812972695802218e-03
-4.199659813002647457e-01 -3.402558202474361693e-01 5.388108837972023224e-01 -6.127812972695802218e-03
-4.278813300814596765e-01 -3.398137351493895064e-01 5.189719571560171829e-01 8.935356159501927492e-04
-4.278813300814596765e-01 -3.398137351493895064e-01 5.189719571560171829e-01 8.935356159501927492e-04
-4.522898417655749626e-01 -3.402593700433043100e-01 4.655030772024355556e-01 -9.710849495429283232e-03
-4.522898417655749626e-01 -3.402593700433043100e-01 4.655030772024355556e-01 -9.710849495429283232e-03
-4.756189459365804950e-01 -3.392792985898220870e-01 4.107290907605696262e-01 1.414683107397920331e-03
-4.756189459365804950e-01 -3.392792985898220870e-01 4.107290907605696262e-01 1.414683107397920331e-03
-5.296441517938950128e-01 -3.408623198302307422e-01 2.929575724414024140e-01 -1.236279295391110727e-02
-5.296441517938950128e-01 -3.408623198302307422e-01 2.929575724414024140e-01 -1.236279295391110727e-02
-5.936863671848460200e-01 -3.401767799575419193e-01 1.452756403723509671e-01 2.738679276105576710e-03
-5.936863671848460200e-01 -3.401767799575419193e-01 1.452756403723509671e-01 2.738679276105576710e-03
-6.386280096748810919e-01 -3.410593409878959203e-01 4.661288524544870970e-02 -1.336541858035277322e-02
-6.546927826424777663e-01 -3.407094769810576906e-01 1.065322828147524659e-02 -5.752309709496538498e-03
-6.546927826424777663e-01 -3.407094769810576906e-01 1.065322828147524659e-02 -5.752309709496538498e-03
-6.546927826424777663e-01 -3.407094769810576906e-01 1.065322828147524659e-02 -5.752309709496538498e-03
-6.357349372062935933e-01 -3.404664228502183310e-01 5.141616945666144939e-02 -1.083768693373302061e-03
-6.357349372062935933e-01 -3.404664228502183310e-01 5.141616945666144939e-02 -1.083768693373302061e-03
-6.357349372062935933e-01 -3.404664228502183310e-01 5.141616945666144939e-02 -1.083768693373302061e-03
-6.740119649449609618e-01 -3.401350277668482858e-01 -3.519049022246992231e-02 -1.730279760614265513e-03
-6.740119649449609618e-01 -3.401350277668482858e-01 -3.519049022246992231e-02 -1.730279760614265513e-03
-6.619163615408706347e-01 -3.403329130146660608e-01 -7.259236906249230681e-03 1.465814085120949531e-03
-6.619163615408706347e-01 -3.403329130146660608e-01 -7.259236906249230681e-03 1.465814085120949531e-03
-6.528286068906021811e-01 -3.404530563073207006e-01 1.287555985587630208e-02 -6.345253225655521096e-04
-6.528286068906021811e-01 -3.404530563073207006e-01 1.287555985587630208e-02 -6.345253225655521096e-04
-6.528286068906021811e-01 -3.404530563073207006e-01 1.287555985587630208e-02 -6.345253225655521096e-04
-6.528286068906021811e-01 -3.404530563073207006e-01 1.287555985587630208e-02 -6.345253225655521096e-04
-6.639775568464804101e-01 -3.405638466295348166e-01 -1.200058247928418795e-02 -2.608824042961344807e-04
-6.639775568464804101e-01 -3.405638466295348166e-01 -1.200058247928418795e-02 -2.608824042961344807e-04
-6.639775568464804101e-01 -3.405638466295348166e-01 -1.200058247928418795e-02 -2.608824042961344807e-04
-6.589812127736498493e-01 -3.404465243141948094e-01 -6.333793607890378548e-04 7.266117906109842862e-04
-6.589812127736498493e-01 -3.404465243141948094e-01 -6.333793607890378548e-04 7.266117906109842862e-04
-6.570074837301653758e-01 -3.405483157861321497e-01 3.714908324857389525e-03 5.926668518244368813e-04
-6.557220743497315096e-01 -3.404931857370430692e-01 6.538641135551362220e-03 -1.930874617623014539e-04
-6.602646140155770116e-01 -3.405397482865886172e-01 -3.582027080174438917e-03 2.208365189136488917e-06
-6.602646140155770116e-01 -3.405397482865886172e-01 -3.582027080174438917e-03 2.208365189136488917e-06
-6.602646140155770116e-01 -3.405397482865886172e-01 -3.582027080174438917e-03 2.208365189136488917e-06
-6.602646140155770116e-01 -3.405397482865886172e-01 -3.582027080174438917e-03 2.208365189136488917e-06
-6.602646140155770116e-01 -3.405397482865886172e-01 -3.582027080174438917e-03 2.208365189136488917e-06
-6.602646140155770116e-01 -3.405397482865886172e-01 -3.582027080174438917e-03 2.208365189136488917e-06
-6.578620776786242574e-01 -3.405706891007666548e-01 1.820144803982813369e-03 -4.990050921015686241e-06
-6.578620776786242574e-01 -3.405706891007666548e-01 1.820144803982813369e-03 -4.990050921015686241e-06
-6.578620776786242574e-01 -3.405706891007666548e-01 1.820144803982813369e-03 -4.990050921015686241e-06
-6.578620776786242574e-01 -3.405706891007666548e-01 1.820144803982813369e-03 -4.990050921015686241e-06
-6.590448783747089312e-01 -3.405426895129851084e-01 -8.258169085297647084e-04 2.516193269364526327e-05
-6.590448783747089312e-01 -3.405426895129851084e-01 -8.258169085297647084e-04 2.516193269364526327e-05
-6.583129527788722513e-01 -3.405493497059520203e-01 7.764880431223692651e-04 6.141201363560227816e-05
-6.580851558109261923e-01 -3.405275744966113072e-01 1.255223152722363157e-03 -7.005117613928720790e-05
-6.586045627564881544e-01 -3.405439124906127213e-01 3.970001206441727123e-05 -5.629581159544463345e-05
-6.586045627564881544e-01 -3.405439124906127213e-01 3.970001206441727123e-05 -5.629581159544463345e-05
-6.586045627564881544e-01 -3.405439124906127213e-01 3.970001206441727123e-05 -5.629581159544463345e-05
-6.586045627564881544e-01 -3.405439124906127213e-01 3.970001206441727123e-05 -5.629581159544463345e-05
-6.586045627564881544e-01 -3.405439124906127213e-01 3.970001206441727123e-05 -5.629581159544463345e-05
-6.586170680679507283e-01 -3.405361481334928109e-01 4.760202961660929110e-05 -2.592781188611956324e-05
-6.585656663454044768e-01 -3.405421488897172333e-01 1.916609897726012993e-04 -1.180398706762180664e-05
-6.584017362893823666e-01 -3.405397420285656840e-01 5.441085747591820499e-04 -3.032685563010811730e-05
-6.584486078175459944e-01 -3.405432497956794591e-01 4.432518529385123286e-04 -8.333984909824819037e-06
-6.584486078175459944e-01 -3.405432497956794591e-01 4.432518529385123286e-04 -8.333984909824819037e-06
-6.584486078175459944e-01 -3.405432497956794591e-01 4.432518529385123286e-04 -8.333984909824819037e-06
-6.585048213670851025e-01 -3.405426482041825076e-01 3.194599964104682596e-04 -1.771585866621567138e-05
-6.584937469377483144e-01 -3.405426987915610715e-01 3.285037274197530224e-04 -2.816471711609358161e-05
-6.585087695269828956e-01 -3.405393866079420295e-01 2.989977330341811630e-04 -2.262648372840401562e-05
-6.584453613508614023e-01 -3.405408689392034893e-01 4.458309511049553513e-04 -2.476855836762131876e-05
-6.584453613508614023e-01 -3.405408689392034893e-01 4.458309511049553513e-04 -2.476855836762131876e-05
-6.584533131940150108e-01 -3.405399915730211169e-01 4.150686981016895108e-04 -2.797724328469589970e-05
-6.584533131940150108e-01 -3.405399915730211169e-01 4.150686981016895108e-04 -2.797724328469589970e-05
-6.584533131940150108e-01 -3.405399915730211169e-01 4.150686981016895108e-04 -2.797724328469589970e-05
-6.584533131940150108e-01 -3.405399915730211169e-01 4.150686981016895108e-04 -2.797724328469589970e-05
