-5.986971001787526614e-01 -2.146782008165861733e-01 1.658374693491675433e-01 1.209538935164182760e-01
-6.211482414354558834e-01 -2.227286333472081603e-01 1.720563744497614067e-01 1.088585041647764373e-01
-6.211482414354558834e-01 -2.227286333472081603e-01 1.720563744497614067e-01 1.088585041647764373e-01
-6.211482414354558834e-01 -2.227286333472081603e-01 1.720563744497614067e-01 1.088585041647764373e-01
-6.047776176024430850e-01 -2.262506975793553421e-01 1.903244081827557554e-01 1.005429239855226697e-01
-6.692077156880862354e-01 -2.349300701514321910e-01 1.858869602724362857e-01 8.523469683735096503e-02
-6.692077156880862354e-01 -2.349300701514321910e-01 1.858869602724362857e-01 8.523469683735096503e-02
-6.266294770938309888e-01 -2.557637090246239198e-01 1.998106677209663395e-01 6.347717028879212853e-02
-6.644171157226668178e-01 -2.604139344561308134e-01 2.299547453252607232e-01 3.548886455762478853e-02
-7.418879869788601589e-01 -2.789922336494181643e-01 2.231414307161507793e-01 3.329480345208912784e-03
-7.418879869788601589e-01 -2.789922336494181643e-01 2.231414307161507793e-01 3.329480345208912784e-03
-7.418879869788601589e-01 -2.789922336494181643e-01 2.231414307161507793e-01 3.329480345208912784e-03
-7.418879869788601589e-01 -2.789922336494181643e-01 2.231414307161507793e-01 3.329480345208912784e-03
-7.418879869788601589e-01 -2.789922336494181643e-01 2.231414307161507793e-01 3.329480345208912784e-03
-7.418879869788601589e-01 -2.789922336494181643e-01 2.231414307161507793e-01 3.329480345208912784e-03
-7.418879869788601589e-01 -2.789922336494181643e-01 2.231414307161507793e-01 3.329480345208912784e-03
-7.418879869788601589e-01 -2.789922336494181643e-01 2.231414307161507793e-01 3.329480345208912784e-03
-7.418879869788601589e-01 -2.789922336494181643e-01 2.231414307161507793e-01 3.329480345208912784e-03
-7.418879869788601589e-01 -2.789922336494181643e-01 2.231414307161507793e-01 3.329480345208912784e-03
-7.418879869788601589e-01 -2.789922336494181643e-01 2.231414307161507793e-01 3.329480345208912784e-03
-7.649254652089547690e-01 -2.874715288430967908e-01 2.173121628168291353e-01 1.282596555843434211e-03
-7.649254652089547690e-01 -2.874715288430967908e-01 2.173121628168291353e-01 1.282596555843434211e-03
-7.649254652089547690e-01 -2.874715288430967908e-01 2.173121628168291353e-01 1.282596555843434211e-03
-8.345347098312210221e-01 -2.721717139525462459e-01 1.935889548032257990e-01 1.627683550787003240e-03
-8.345347098312210221e-01 -2.721717139525462459e-01 1.935889548032257990e-01 1.627683550787003240e-03
-8.345347098312210221e-01 -2.721717139525462459e-01 1.935889548032257990e-01 1.627683550787003240e-03
-8.345347098312210221e-01 -2.721717139525462459e-01 1.935889548032257990e-01 1.627683550787003240e-03
-8.959491103006307355e-01 -2.858931720484955141e-01 1.690958698594016152e-01 -1.385053308858013189e-04
-1.010708624543084966e+00 -2.616932346763338746e-01 1.396208587106656518e-01 -4.239849902943172016e-03
-1.010708624543084966e+00 -2.616932346763338746e-01 1.396208587106656518e-01 -4.239849902943172016e-03
-1.109220607041384810e+00 -2.626833212969238440e-01 9.122750003721458167e-02 -2.185562034685002535e-03
-1.319135217956996176e+00 -2.631251682792632440e-01 1.958667743713848886e-02 -3.997784816917319267e-03
-1.307780368607177390e+00 -2.410352235231255635e-01 2.732592529186023134e-02 -2.286079555692166650e-03
-1.307780368607177390e+00 -2.410352235231255635e-01 2.732592529186023134e-02 -2.286079555692166650e-03
-1.307780368607177390e+00 -2.410352235231255635e-01 2.732592529186023134e-02 -2.286079555692166650e-03
-1.307780368607177390e+00 -2.410352235231255635e-01 2.732592529186023134e-02 -2.286079555692166650e-03
-1.307780368607177390e+00 -2.410352235231255635e-01 2.732592529186023134e-02 -2.286079555692166650e-03
-1.422471575045739289e+00 -2.487221593118038587e-01 -1.973181845708513876e-02 -7.891536175902490267e-04
-1.302952579985881210e+00 -2.546598769901648462e-01 1.982609674598160079e-02 1.041927002216889867e-03
-1.302952579985881210e+00 -2.546598769901648462e-01 1.982609674598160079e-02 1.041927002216889867e-03
-1.302952579985881210e+00 -2.546598769901648462e-01 1.982609674598160079e-02 1.041927002216889867e-03
-1.336368825976659069e+00 -2.429662706933893301e-01 1.361406066094935502e-02 -7.752078304920696251e-04
-1.336368825976659069e+00 -2.429662706933893301e-01 1.361406066094935502e-02 -7.752078304920696251e-04
-1.336368825976659069e+00 -2.429662706933893301e-01 1.361406066094935502e-02 -7.752078304920696251e-04
-1.334415756000363107e+00 -2.453052237443997252e-01 1.244300878038239778e-02 7.468090759787779278e-04
-1.351937065077789324e+00 -2.474383386074703595e-01 5.564172687866533740e-03 1.141638683971811204e-04
-1.351937065077789324e+00 -2.474383386074703595e-01 5.564172687866533740e-03 1.141638683971811204e-04
-1.351937065077789324e+00 -2.474383386074703595e-01 5.564172687866533740e-03 1.141638683971811204e-04
-1.351937065077789324e+00 -2.474383386074703595e-01 5.564172687866533740e-03 1.141638683971811204e-04
-1.348967030982170634e+00 -2.470594609335001746e-01 5.266554984589806934e-03 -1.737037636608085127e-04
-1.348967030982170634e+00 -2.470594609335001746e-01 5.266554984589806934e-03 -1.737037636608085127e-04
-1.348967030982170634e+00 -2.470594609335001746e-01 5.266554984589806934e-03 -1.737037636608085127e-04
-1.350114235119244777e+00 -2.477690955218576629e-01 4.608209636534646436e-03 2.880052956738160292e-04
-1.333504621377565869e+00 -2.455651010560936931e-01 8.739810381517779808e-03 3.438626337492391855e-04
-1.329575795354946521e+00 -2.513353720495337118e-01 9.542859203930123546e-03 1.694151116306209966e-06
-1.329575795354946521e+00 -2.513353720495337118e-01 9.542859203930123546e-03 1.694151116306209966e-06
-1.330294863840444819e+00 -2.494085944563091406e-01 7.979307287916957356e-03 4.317568466256044659e-04
-1.303799843536333380e+00 -2.503935162418372551e-01 1.318069737422758805e-02 -8.111730368659671956e-05
-1.303799843536333380e+00 -2.503935162418372551e-01 1.318069737422758805e-02 -8.111730368659671956e-05
-1.303799843536333380e+00 -2.503935162418372551e-01 1.318069737422758805e-02 -8.111730368659671956e-05
-1.304330304150611131e+00 -2.494947999708329034e-01 9.315102812660444598e-03 1.656531715599766550e-04
-1.304330304150611131e+00 -2.494947999708329034e-01 9.315102812660444598e-03 1.656531715599766550e-04
-1.304330304150611131e+00 -2.494947999708329034e-01 9.315102812660444598e-03 1.656531715599766550e-04
-1.256390871587429015e+00 -2.460797106583844096e-01 1.712236266558105069e-02 -1.852335715390996101e-04
-1.244707174940075767e+00 -2.507856986741513472e-01 1.367121693114463354e-02 -4.081811548277634307e-04
-1.244707174940075767e+00 -2.507856986741513472e-01 1.367121693114463354e-02 -4.081811548277634307e-04
-1.232277542003522353e+00 -2.371246598675872397e-01 1.151548618402057494e-02 3.272508467186454597e-04
-1.232277542003522353e+00 -2.371246598675872397e-01 1.151548618402057494e-02 3.272508467186454597e-04
-1.163965892783347833e+00 -2.412630575975404090e-01 1.162647254823680198e-02 1.912473537176304019e-04
-1.163965892783347833e+00 -2.412630575975404090e-01 1.162647254823680198e-02 1.912473537176304019e-04
-1.072903384459482634e+00 -2.162864300879741020e-01 1.412140190064954670e-02 8.929396392356075182e-04
-1.072903384459482634e+00 -2.162864300879741020e-01 1.412140190064954670e-02 8.929396392356075182e-04
-9.429418906642981213e-01 -2.148994420743144396e-01 9.131147393587356331e-03 6.916705311629531630e-04
-9.429418906642981213e-01 -2.148994420743144396e-01 9.131147393587356331e-03 6.916705311629531630e-04
-9.429418906642981213e-01 -2.148994420743144396e-01 9.131147393587356331e-03 6.916705311629531630e-04
-6.597465192348956897e-01 -1.774232247417271147e-01 1.808666625748609272e-02 1.893327263245944561e-03
-4.766720204126704274e-01 -1.641464112899728711e-01 2.570572762257000710e-03 2.608281081931341106e-03
-2.632701771771697175e-01 -1.389148865413047940e-01 1.178869712242670842e-02 2.252524012109600321e-03
-2.652608287641853302e-01 -1.556304787216594709e-01 1.454098388432770866e-02 1.939144998003061336e-03
-2.652608287641853302e-01 -1.556304787216594709e-01 1.454098388432770866e-02 1.939144998003061336e-03
-1.826498132074991787e-01 -1.454047116342365720e-01 1.582929977072548150e-03 2.222895250272417279e-03
-2.187132084271388166e-01 -1.493106752581226937e-01 1.660520207970941561e-02 1.315248515757558388e-03
-2.187132084271388166e-01 -1.493106752581226937e-01 1.660520207970941561e-02 1.315248515757558388e-03
-3.154512129790640884e-01 -1.852843577170874001e-01 9.057589698225072816e-03 8.647740971912190600e-04
-3.491126979661919316e-01 -1.740935826029489930e-01 -5.595294651539045594e-04 6.857539497954162448e-04
1.126179459898420943e-01 -1.562907111714756381e-01 -1.553747748600113610e-03 4.515557307340784671e-04
1.126179459898420943e-01 -1.562907111714756381e-01 -1.553747748600113610e-03 4.515557307340784671e-04
1.126179459898420943e-01 -1.562907111714756381e-01 -1.553747748600113610e-03 4.515557307340784671e-04
1.126179459898420943e-01 -1.562907111714756381e-01 -1.553747748600113610e-03 4.515557307340784671e-04
1.126179459898420943e-01 -1.562907111714756381e-01 -1.553747748600113610e-03 4.515557307340784671e-04
1.126179459898420943e-01 -1.562907111714756381e-01 -1.553747748600113610e-03 4.515557307340784671e-04
1.126179459898420943e-01 -1.562907111714756381e-01 -1.553747748600113610e-03 4.515557307340784671e-04
-1.258249309990185361e-01 -1.882193688044673796e-01 -3.879888632602687855e-03 -2.361750226181344242e-04
5.633991214527761526e-02 -1.772987604227894975e-01 6.161501296377814001e-04 -8.720027877146822230e-05
5.633991214527761526e-02 -1.772987604227894975e-01 6.161501296377814001e-04 -8.720027877146822230e-05
5.633991214527761526e-02 -1.772987604227894975e-01 6.161501296377814001e-04 -8.720027877146822230e-05
5.520737738359283303e-02 -1.673091602888279461e-01 -1.449863254684106290e-03 1.033889232134128293e-04
5.520737738359283303e-02 -1.673091602888279461e-01 -1.449863254684106290e-03 1.033889232134128293e-04
-4.466877636287920617e-02 -1.785093328267695068e-01 2.183765256375798467e-04 5.607036326123117798e-05
2.835331107867273409e-02 -1.724520240000259885e-01 1.068213340648775829e-03 3.885251390418916861e-05
-1.132087882285635894e-02 -1.757633736170554073e-01 2.491086635940302041e-04 -1.024578519342485278e-04
-1.132087882285635894e-02 -1.757633736170554073e-01 2.491086635940302041e-04 -1.024578519342485278e-04
1.882984624003698759e-02 -1.707099445678390837e-01 -6.046233726119600461e-04 6.764349638482296452e-05
1.882984624003698759e-02 -1.707099445678390837e-01 -6.046233726119600461e-04 6.764349638482296452e-05
-1.162907320936218923e-02 -1.704513140870732579e-01 -2.161093490462122357e-04 6.975743909285458141e-05
-1.162907320936218923e-02 -1.704513140870732579e-01 -2.161093490462122357e-04 6.975743909285458141e-05
1.892734507386287929e-02 -1.686363578408151542e-01 -3.243181223792360656e-04 9.295956533699178473e-06
-3.613425279125185609e-03 -1.727209523085799781e-01 -1.971204109078903788e-04 -3.471991458144707213e-05
-3.613425279125185609e-03 -1.727209523085799781e-01 -1.971204109078903788e-04 -3.471991458144707213e-05
-1.940964558829609207e-03 -1.710897133248579505e-01 2.582215489175556083e-04 4.141522232926148618e-06
-6.875845383993346022e-03 -1.704881126406608272e-01 -2.007473122387558816e-04 2.561977052891842061e-05
-1.011957400371370740e-02 -1.701932026657344554e-01 -2.971575957538544394e-04 -2.585241132336252895e-05
-1.011957400371370740e-02 -1.701932026657344554e-01 -2.971575957538544394e-04 -2.585241132336252895e-05
-1.991727613859343993e-03 -1.657961242596949214e-01 5.190865318137506809e-05 7.296893958473989672e-05
-4.230135750091734703e-03 -1.670888447271305366e-01 -5.895994425419163109e-04 3.262492672421122284e-05
6.479322530030882064e-03 -1.637421608615132751e-01 -3.872113136863995992e-04 9.163999524338818496e-06
6.479322530030882064e-03 -1.637421608615132751e-01 -3.872113136863995992e-04 9.163999524338818496e-06
6.479322530030882064e-03 -1.637421608615132751e-01 -3.872113136863995992e-04 9.163999524338818496e-06
-4.415300546997727969e-04 -1.613274269532067873e-01 -9.186634969025246709e-04 2.228329175777741893e-05
7.651839268888765977e-03 -1.521865740346487472e-01 -3.677314212683481607e-04 6.987226734052817147e-05
7.651839268888765977e-03 -1.521865740346487472e-01 -3.677314212683481607e-04 6.987226734052817147e-05
7.651839268888765977e-03 -1.521865740346487472e-01 -3.677314212683481607e-04 6.987226734052817147e-05
2.435777927593795258e-03 -1.445455559215466645e-01 -1.277721528158546520e-03 1.939839811553370328e-05
1.843546408377528048e-02 -1.367886204644145898e-01 -4.841106851683125468e-04 -9.003856583026279242e-06
1.843546408377528048e-02 -1.367886204644145898e-01 -4.841106851683125468e-04 -9.003856583026279242e-06
7.472584023113591767e-03 -1.148839480981778127e-01 -6.274094466018364548e-04 1.298122970151874386e-04
2.547261568566219769e-02 -9.323673165384560590e-02 -1.643280381155725906e-03 1.645852202211518854e-05
2.547261568566219769e-02 -9.323673165384560590e-02 -1.643280381155725906e-03 1.645852202211518854e-05
1.368649314283952589e-02 -6.198017535558192348e-02 -8.694334769732475418e-04 2.927269062420981174e-05
1.368649314283952589e-02 -6.198017535558192348e-02 -8.694334769732475418e-04 2.927269062420981174e-05
1.368649314283952589e-02 -6.198017535558192348e-02 -8.694334769732475418e-04 2.927269062420981174e-05
1.368649314283952589e-02 -6.198017535558192348e-02 -8.694334769732475418e-04 2.927269062420981174e-05
2.159780725244748317e-02 1.184744296488704496e-02 -1.327783209240916609e-03 7.470249907383464468e-05
2.159780725244748317e-02 1.184744296488704496e-02 -1.327783209240916609e-03 7.470249907383464468e-05
-4.584195349970940359e-03 -6.559729607803863050e-03 -1.478057884701255899e-03 1.391990795666488357e-05
9.150022796088161381e-03 -3.528606833159045331e-03 4.175690461342904114e-04 7.597593357679114008e-06
9.150022796088161381e-03 -3.528606833159045331e-03 4.175690461342904114e-04 7.597593357679114008e-06
9.150022796088161381e-03 -3.528606833159045331e-03 4.175690461342904114e-04 7.597593357679114008e-06
9.150022796088161381e-03 -3.528606833159045331e-03 4.175690461342904114e-04 7.597593357679114008e-06
9.150022796088161381e-03 -3.528606833159045331e-03 4.175690461342904114e-04 7.597593357679114008e-06
9.150022796088161381e-03 -3.528606833159045331e-03 4.175690461342904114e-04 7.597593357679114008e-06
9.150022796088161381e-03 -3.528606833159045331e-03 4.175690461342904114e-04 7.597593357679114008e-06
9.150022796088161381e-03 -3.528606833159045331e-03 4.175690461342904114e-04 7.597593357679114008e-06
-2.645082635438893333e-03 7.608357113228067167e-04 -3.219908130963257007e-04 -3.739857951282276282e-07
-2.645082635438893333e-03 7.608357113228067167e-04 -3.219908130963257007e-04 -3.739857951282276282e-07
-2.849190823329118783e-04 1.526670361391591502e-03 -1.188681060875959708e-04 -2.919470354490555987e-05
-6.696101194446420213e-03 6.037279993103637082e-03 7.302701141841355485e-05 -5.776157339514086534e-06
3.725849351043509627e-03 1.069327953107478916e-03 1.321990278035056179e-04 -3.987315103125198428e-07
6.788715729599886436e-04 8.346396698204677084e-03 -1.518801371670546406e-04 -3.585636690566919074e-06
6.788715729599886436e-04 8.346396698204677084e-03 -1.518801371670546406e-04 -3.585636690566919074e-06
6.788715729599886436e-04 8.346396698204677084e-03 -1.518801371670546406e-04 -3.585636690566919074e-06
-3.213415376486921347e-03 5.439874053952999979e-03 2.052368379334400261e-05 -1.294893948008342584e-06
-8.981893593108620719e-04 5.895444780336544198e-03 9.431219591643136057e-06 9.601163918783487959e-06
1.228260688064977289e-03 3.307738072038933150e-03 2.971064942246258895e-05 -2.413361617835440291e-07
1.228260688064977289e-03 3.307738072038933150e-03 2.971064942246258895e-05 -2.413361617835440291e-07
4.681059294214573495e-05 7.127561658753304649e-03 -5.309707574853962599e-05 1.273040173953459529e-07
4.681059294214573495e-05 7.127561658753304649e-03 -5.309707574853962599e-05 1.273040173953459529e-07
4.681059294214573495e-05 7.127561658753304649e-03 -5.309707574853962599e-05 1.273040173953459529e-07
-6.723767264296185266e-04 5.363115408316288663e-03 -5.450578118582896300e-06 4.772642874631392060e-06
-6.723767264296185266e-04 5.363115408316288663e-03 -5.450578118582896300e-06 4.772642874631392060e-06
4.167513314267525600e-04 4.722807575650290329e-03 1.333148327681204887e-05 9.424400265978782080e-07
4.167513314267525600e-04 4.722807575650290329e-03 1.333148327681204887e-05 9.424400265978782080e-07
4.167513314267525600e-04 4.722807575650290329e-03 1.333148327681204887e-05 9.424400265978782080e-07
-7.497302340630045939e-05 6.310896952344477451e-03 -2.336363132562915091e-05 1.256142742761446797e-06
-7.497302340630045939e-05 6.310896952344477451e-03 -2.336363132562915091e-05 1.256142742761446797e-06
-2.487720313784458175e-04 5.734259935720977495e-03 2.312776906058896306e-06 1.041249312481942929e-06
-2.487720313784458175e-04 5.734259935720977495e-03 2.312776906058896306e-06 1.041249312481942929e-06
-4.826614522321300048e-05 5.074637194451081003e-03 -1.800019663287048528e-05 -9.325238770159149782e-07
2.035082116109373541e-04 5.242615863529694747e-03 2.506957769471312323e-06 6.209710686195857982e-07
-7.543811428434425454e-06 5.903125415774940904e-03 -1.260677589486172913e-05 6.984259674336374811e-07
-7.543811428434425454e-06 5.903125415774940904e-03 -1.260677589486172913e-05 6.984259674336374811e-07
-8.668603862658298730e-05 5.608337409923017970e-03 -2.397740226883630648e-06 5.808694812592295195e-07
8.764417775612172836e-06 5.345238566222061845e-03 -1.060391994559996451e-05 -2.168429437053064515e-07
8.764417775612172836e-06 5.345238566222061845e-03 -1.060391994559996451e-05 -2.168429437053064515e-07
8.005617948139804002e-05 5.641985172687000519e-03 -3.616212156291651065e-06 2.372465058743019665e-07
5.447815438188495041e-05 5.533363689874835553e-03 -4.647682257361109521e-06 3.900512651436490172e-07
5.447815438188495041e-05 5.533363689874835553e-03 -4.647682257361109521e-06 3.900512651436490172e-07
-2.094940436660578067e-05 5.514409259006810421e-03 -3.310597083124212106e-06 3.163961174002327528e-07
-2.094940436660578067e-05 5.514409259006810421e-03 -3.310597083124212106e-06 3.163961174002327528e-07
-2.094940436660578067e-05 5.514409259006810421e-03 -3.310597083124212106e-06 3.163961174002327528e-07
-2.094940436660578067e-05 5.514409259006810421e-03 -3.310597083124212106e-06 3.163961174002327528e-07
-2.094940436660578067e-05 5.514409259006810421e-03 -3.310597083124212106e-06 3.163961174002327528e-07
-2.094940436660578067e-05 5.514409259006810421e-03 -3.310597083124212106e-06 3.163961174002327528e-07
1.846345766955929330e-05 5.510635801571206818e-03 2.789968235879444284e-07 3.826426533571196048e-07
1.846345766955929330e-05 5.510635801571206818e-03 2.789968235879444284e-07 3.826426533571196048e-07
2.361833631002096607e-05 5.525356836035728858e-03 -3.241941225729652155e-06 2.624310391414525551e-07
2.361833631002096607e-05 5.525356836035728858e-03 -3.241941225729652155e-06 2.624310391414525551e-07
3.365051634416991644e-06 5.442434300235317844e-03 5.462365378835195640e-07 1.944894311690915896e-07
3.365051634416991644e-06 5.442434300235317844e-03 5.462365378835195640e-07 1.944894311690915896e-07
3.365051634416991644e-06 5.442434300235317844e-03 5.462365378835195640e-07 1.944894311690915896e-07
3.365051634416991644e-06 5.442434300235317844e-03 5.462365378835195640e-07 1.944894311690915896e-07
3.365051634416991644e-06 5.442434300235317844e-03 5.462365378835195640e-07 1.944894311690915896e-07
6.112935342065559544e-06 5.506131370144927775e-03 -9.422721873665584564e-07 2.084122831917171937e-07
6.112935342065559544e-06 5.506131370144927775e-03 -9.422721873665584564e-07 2.084122831917171937e-07
