1.000000000000000000e+00 5.000000000000000278e-02
1.074999999999999734e+00 4.500000000000001221e-02
1.187500000000000000e+00 4.250000000000000999e-02
1.293749999999999734e+00 3.125000000000002776e-02
1.571875000000000355e+00 2.062500000000003220e-02
1.571875000000000355e+00 2.062500000000003220e-02
1.571875000000000355e+00 2.062500000000003220e-02
1.687500000000000888e+00 2.250000000000001998e-02
1.687500000000000888e+00 2.250000000000001998e-02
1.952734375000002132e+00 1.382812500000002442e-02
2.040039062500003553e+00 2.605468749999999278e-02
2.305273437500004796e+00 1.738281249999999722e-02
2.612500000000007816e+00 3.749999999999993616e-02
2.612500000000007816e+00 3.749999999999993616e-02
2.612500000000007816e+00 3.749999999999993616e-02
2.612500000000007816e+00 3.749999999999993616e-02
2.612500000000007816e+00 3.749999999999993616e-02
2.612500000000007816e+00 3.749999999999993616e-02
2.809939575195322004e+00 4.188415527343741784e-02
2.720864105224618079e+00 3.737380981445306838e-02
2.688950920104988818e+00 3.856449127197258964e-02
2.757423543930062948e+00 3.992665290832512343e-02
2.757423543930062948e+00 3.992665290832512343e-02
2.714337763190278086e+00 3.884133160114281585e-02
2.728953161090621027e+00 3.884684160351746518e-02
2.739534503035256030e+00 3.938536975532763718e-02
2.739534503035256030e+00 3.938536975532763718e-02
2.735409422928941847e+00 3.908313642023124312e-02
2.735409422928941847e+00 3.908313642023124312e-02
2.736306372116095620e+00 3.926722234697074820e-02
2.733302478493723431e+00 3.919509642029872509e-02
2.735106924116925686e+00 3.915714790193298989e-02
2.735255536710710089e+00 3.922167225404329938e-02
2.734241854453770770e+00 3.919225324914343833e-02
2.734241854453770770e+00 3.919225324914343833e-02
2.734920184431193668e+00 3.920441327099830064e-02
2.734754414646032750e+00 3.919019429341702443e-02
2.734754414646032750e+00 3.919019429341702443e-02
2.734754414646032750e+00 3.919019429341702443e-02
2.734578698668592267e+00 3.918950468793327979e-02
2.734603066826752027e+00 3.919231400317535474e-02
2.734603066826752027e+00 3.919231400317535474e-02
2.734603066826752027e+00 3.919231400317535474e-02
