9.014927341855065723e-01 -1.685419479528311171e-01 2.200127841835770523e-02 -2.315870298359334022e-03 2.085186014325933826e-04 -1.658877396274927824e-05 1.190271746591091842e-06 -7.812955934003659940e-08 4.740849121077430490e-09 -2.680695215879017790e-10 1.425216197709420569e-11 -1.352276970922415634e-12 1.168079371622648508e-11 -2.243417751375496875e-10 4.567125399194999313e-09 -9.792365462688087810e-08 2.204537427898246839e-06 -5.197343416219112825e-05 1.280172192435635996e-03 -3.287627225115594132e-02
-1.685419479528300346e-01 8.989750075014443786e-02 -1.919950761753048268e-02 2.790583621789745252e-03 -3.191529570328165578e-04 3.068295630267976011e-05 -2.573745572356974154e-06 1.928896089774960153e-07 -1.312917903982903646e-08 8.213787324284292315e-10 -4.766930273417712866e-11 2.697842833255247325e-12 -2.222594852642256100e-12 4.061216673363900842e-11 -8.323442440734655153e-10 1.795075104413337763e-08 -4.061592547565212026e-07 9.617478896887941597e-06 -2.378033256312344062e-04 6.127881617635257995e-03
2.200127841835733747e-02 -1.919950761753042370e-02 7.931764313988117626e-03 -1.747461153290180312e-03 2.683594487294555810e-04 -3.233555242023615007e-05 3.253382610821659517e-06 -2.837367499913768220e-07 2.198350826149519970e-08 -1.539473094291375559e-09 9.868827502357140655e-11 -5.861957885662708456e-12 5.851722764882831291e-13 -5.152899480427189842e-12 1.059858555522834264e-10 -2.298728312798264849e-09 5.226688900544005765e-08 -1.242921338791690248e-06 3.084810963234270752e-05 -7.975602633850508577e-04
-2.315870298359275475e-03 2.790583621789731808e-03 -1.747461153290178143e-03 6.294611342076259115e-04 -1.385499630988652167e-04 2.188422740713811935e-05 -2.725658186770527820e-06 2.830815018720539925e-07 -2.540699294998278541e-08 2.019074554217476245e-09 -1.445695633483389241e-10 9.450260502401782369e-12 -5.959859662467050523e-13 5.561965732263224496e-13 -1.089070273093003195e-11 2.374799906641639910e-10 -5.425439706372853528e-09 1.295558566424817756e-07 -3.227232294837827218e-06 8.370920092994970187e-05
2.085186014325883682e-04 -3.191529570328154194e-04 2.683594487294555810e-04 -1.385499630988655962e-04 4.536197854102230867e-05 -9.839695544789981818e-06 1.573281556337982501e-06 -1.999585145409406325e-07 2.122401459039233360e-08 -1.945067818946586310e-09 1.575610350201870387e-10 -1.147728304165732522e-11 7.639455242169654400e-13 -9.233477673439512841e-14 9.601918939168861662e-13 -2.099584693107155849e-11 4.818963563771737844e-10 -1.155408709731210810e-08 2.888408096082488611e-07 -7.515817936520906576e-06
-1.658877396274899364e-05 3.068295630267978044e-05 -3.233555242023623816e-05 2.188422740713821761e-05 -9.839695544789991982e-06 2.986659610481616104e-06 -6.340586970414542022e-07 1.015760580166949212e-07 -1.305366147831801483e-08 1.405342336266933596e-09 -1.307009938117698982e-10 1.073784055100655494e-11 -7.925886573000986085e-13 5.674689454717689734e-14 -7.772835080881519325e-14 1.641026637519921001e-12 -3.783139317046102151e-11 9.106480541056666671e-10 -2.284473195983991574e-08 5.962746589082161364e-07
1.190271746590112460e-06 -2.573745572356847522e-06 3.253382610821676881e-06 -2.725658186770551114e-06 1.573281556337988006e-06 -6.340586970414554727e-07 1.804101505782512087e-07 -3.734040168667342502e-08 5.951420787802153933e-09 -7.680757680933250873e-10 8.337736264102232607e-11 -7.830187389662031095e-12 6.497219010935447539e-13 -4.865009544557320277e-14 8.501497580849295772e-15 -1.159082738194762658e-13 2.679483531875836074e-12 -6.474733913964909455e-11 1.629799441017922345e-09 -4.266836445959647617e-08
-7.812955932794319238e-08 1.928896089755105171e-07 -2.837367499911513525e-07 2.830815018720354107e-07 -1.999585145409397061e-07 1.015760580166950138e-07 -3.734040168667339855e-08 1.002826209441544365e-08 -2.018848175122130064e-09 3.185199541593987008e-10 -4.106640251610041249e-11 4.473714846969186710e-12 -4.225102961629200286e-13 3.529875983330440199e-14 -2.981047498711378998e-15 7.647377794637805988e-15 -1.736773184212614813e-13 4.212322840920150697e-12 -1.063839144271475601e-10 2.793375688621521868e-09
4.740848958713543628e-09 -1.312917901232885286e-08 2.198350825822937483e-08 -2.540699294966899610e-08 2.122401459036652226e-08 -1.305366147831616856e-08 5.951420787802033991e-09 -2.018848175122125928e-09 5.141231277026360923e-10 -1.005212332720566661e-10 1.564089902837351231e-11 -2.006265471713463909e-12 2.184880857728061052e-13 -2.068069271027824061e-14 1.752731618511118609e-15 -5.760864345104265228e-16 1.041720355968873905e-14 -2.533853691914421157e-13 6.420128084783396429e-12 -1.690634131741299537e-10
-2.680671417764110669e-10 8.213783210144606858e-10 -1.539473044488605180e-09 2.019074549343181723e-09 -1.945067818537514064e-09 1.405342336236539464e-09 -7.680757680912857769e-10 3.185199541592739517e-10 -1.005212332720495316e-10 2.435334314242884282e-11 -4.619889239913261048e-12 7.069260572917919189e-13 -8.991696960887251412e-14 9.757683629825751437e-15 -9.239761179454212254e-16 1.021862980020972246e-16 -5.872845797409555455e-16 1.420638023091168997e-14 -3.610861345992776429e-13 9.535451243783961901e-12
1.421443773657366765e-11 -4.766267871278855990e-11 9.868746124747753569e-11 -1.445694825779391479e-10 1.575610281502042333e-10 -1.307009932945847586e-10 8.337736260584992141e-11 -4.106640251390895255e-11 1.564089902824710231e-11 -4.619889239906480429e-12 1.067394583668633478e-12 -1.963294860229031303e-13 2.947871778508647878e-14 -3.708064759931347486e-15 3.999478329674553228e-16 -3.899283113953779347e-17 3.362607453566765352e-17 -7.472757397785685820e-16 1.904705449675800426e-14 -5.043770652762467799e-13
-7.104772010972253124e-13 2.583758178624810099e-12 -5.847776912377203446e-12 9.448837072117096520e-12 -1.147716065730882361e-11 1.073783124159688220e-11 -7.830186750188357994e-12 4.473714806736569281e-12 -2.006265469370849640e-12 7.069260571645477713e-13 -1.963294860164310883e-13 4.333966473400072722e-14 -7.725521906551881693e-15 1.136249368772068570e-15 -1.410343031389347204e-16 1.514381792076219918e-17 -2.919374959803089828e-18 3.715430833428892547e-17 -9.471785588580773002e-16 2.514935485095456571e-14
3.361702641959604814e-14 -1.316049917003459972e-13 3.227663468635415578e-13 -5.694034404901583966e-13 7.616396421142653538e-13 -7.924117475945354068e-13 6.497096480126035265e-13 -4.225095190643803406e-13 2.184880401730946977e-13 -8.991696711333903554e-14 2.947871765690796022e-14 -7.725521900355313018e-15 1.631856798785624011e-15 -2.818130036038364391e-16 4.054360409605912258e-17 -4.959296377132652626e-18 5.948617763298654190e-19 -1.787327744745008904e-18 4.459683314488510963e-17 -1.187160647898248371e-15
-1.511198819543975878e-15 6.328602215220145759e-15 -1.669718798621298233e-14 3.189042825263145116e-14 -4.651634680995141880e-14 5.320636068314825564e-14 -4.840316139118959707e-14 3.528299317607931995e-14 -2.067976145863502326e-14 9.757632340451723378e-15 -3.708062109222368691e-15 1.136249239562503474e-15 -2.818129976503750724e-16 5.702936019280092451e-17 -9.539209988192022388e-18 1.341016847552615633e-18 -1.643243068006794269e-19 9.439460963655431029e-20 -1.996360399251263554e-18 5.324364461498545926e-17
6.474049842747497253e-17 -2.884646302467105408e-16 8.137136575287979542e-16 -1.670715864766455377e-15 2.635878040981141517e-15 -3.283623934894162851e-15 3.278588872931038824e-15 -2.645645470979156573e-15 1.732810250322904043e-15 -9.228729543845482801e-16 3.998905174730729047e-16 -1.410314948366203472e-16 4.054347377911469138e-17 -9.539204251293073123e-18 1.851292602288930139e-18 -2.998891974363929890e-19 4.128042987466568318e-20 -8.154620072911321182e-21 8.555073094780653438e-20 -2.275861640896666990e-18
-2.650224151021637311e-18 1.250555477880977579e-17 -3.751711784606090888e-17 8.231178772927323828e-17 -1.395014729496351901e-16 1.877848976042621653e-16 -2.039397359283585713e-16 1.803105534690018677e-16 -1.304352936801631694e-16 7.739189056019980102e-17 -3.769871758308944752e-17 1.508012645581144539e-17 -4.956327929485230308e-18 1.340885362950086638e-18 -2.998836550654546928e-19 5.586239950105448985e-20 -8.767567917190899049e-21 1.306644239872407815e-21 -3.601099180831549589e-21 9.297023830718264721e-20
1.039098943155657767e-19 -5.171439808092066740e-19 1.642460241611158644e-18 -3.830727361367615621e-18 6.933380393910698202e-18 -1.001812723443762328e-17 1.174469781857428675e-17 -1.127950052492449758e-17 8.924320902018489833e-18 -5.834772367529689985e-18 3.156765829798147188e-18 -1.413940525755870706e-18 5.244313133464509329e-19 -1.611930435956472776e-19 4.114772916453322686e-20 -8.762201539606334375e-21 1.568065986311368365e-21 -2.433287709353829272e-22 1.663012011314492252e-22 -3.640206024331865288e-21
-3.910175435640769238e-21 2.045158292732142159e-20 -6.848976588900948601e-20 1.690489686257616063e-19 -3.251062452711698746e-19 5.013561962149973734e-19 -6.303943935562443840e-19 6.528584093230542107e-19 -5.603227790188113310e-19 3.999647745237532195e-19 -2.378901285271012593e-19 1.179887004213052707e-19 -4.881198999778069996e-20 1.684902927319087459e-20 -4.857766218060048599e-21 1.172687894358277045e-21 -2.381226199688225991e-22 4.114745193103314923e-23 -1.108553661263078189e-23 1.373130084017903679e-22
1.414813430284874572e-22 -7.752181617338712911e-22 2.727734340320962409e-21 -7.097033504305128446e-21 1.443854950979002613e-20 -2.364705155258508221e-20 3.171329834585572112e-20 -3.519608913315249802e-20 3.253871027999443377e-20 -2.515976066633757627e-20 1.630817159704530392e-20 -8.871279735728478787e-21 4.051753081932390909e-21 -1.554073564866305717e-21 5.008246254976492403e-22 -1.357859142797716199e-22 3.105654977281046874e-23 -6.026067305412732833e-24 1.176872461903299731e-24 -5.069266574843875188e-24
-4.924525807106332745e-24 2.818407818268162137e-23 -1.038590447427605429e-22 2.838132813394277409e-22 -6.083575560964020306e-22 1.053377374337371392e-21 -1.499167870476856073e-21 1.772900323070121913e-21 -1.754316554980420112e-21 1.458912983915849810e-21 -1.022341436086288552e-21 6.045479328853216085e-22 -3.018658762838796757e-22 1.273048736815124803e-22 -4.535293620863776001e-23 1.365637344965115065e-23 -3.480305993524869713e-24 7.527382275500189145e-25 -1.447407677375599843e-25 1.925188430656814398e-25
