1.000000000000000000e+00 5.000000000000000278e-02
1.074999999999999734e+00 4.500000000000001221e-02
1.187500000000000000e+00 4.250000000000000999e-02
1.293749999999999734e+00 3.125000000000002776e-02
1.571875000000000355e+00 2.062500000000003220e-02
1.571875000000000355e+00 2.062500000000003220e-02
1.571875000000000355e+00 2.062500000000003220e-02
1.687500000000000888e+00 2.250000000000001998e-02
1.687500000000000888e+00 2.250000000000001998e-02
1.952734375000002132e+00 1.382812500000002442e-02
2.040039062500003553e+00 2.605468749999999278e-02
2.040039062500003553e+00 2.605468749999999278e-02
2.392578125000006217e+00 2.960937499999996558e-02
2.392578125000006217e+00 2.960937499999996558e-02
2.479882812500007638e+00 4.183593749999993394e-02
2.281787109375005951e+00 3.700195312499995892e-02
2.281787109375005951e+00 3.700195312499995892e-02
2.281787109375005951e+00 3.700195312499995892e-02
2.329157257080084253e+00 3.468734741210934003e-02
2.329157257080084253e+00 3.468734741210934003e-02
2.329157257080084253e+00 3.468734741210934003e-02
2.329157257080084253e+00 3.468734741210934003e-02
2.314250123500829925e+00 3.558066606521602393e-02
2.314250123500829925e+00 3.558066606521602393e-02
2.321311012655502992e+00 3.489549919962879609e-02
2.315229990519589442e+00 3.493235927075143826e-02
2.316260312544188071e+00 3.524729765020306882e-02
2.316260312544188071e+00 3.524729765020306882e-02
2.314920628638362121e+00 3.507475232065185300e-02
2.318218720212468220e+00 3.513505687995343435e-02
2.316414993484801954e+00 3.517610112525285798e-02
2.316414993484801954e+00 3.517610112525285798e-02
2.316414993484801954e+00 3.517610112525285798e-02
2.316414993484801954e+00 3.517610112525285798e-02
2.316414993484801954e+00 3.517610112525285798e-02
2.316569120822473238e+00 3.514985877094598671e-02
2.316421942340634921e+00 3.515016768824676119e-02
2.316455262533177795e+00 3.516305717742461423e-02
2.316455262533177795e+00 3.516305717742461423e-02
2.316455262533177795e+00 3.516305717742461423e-02
