8.706949533419821030e-01 -1.569244740935964444e-01 1.974767845931143032e-02 -2.003882483586085037e-03 1.739382514482686471e-04 -1.334004637966523762e-05 9.227426329769648712e-07 -5.838996196981658629e-08 3.415565641628714531e-09 -1.861797381180453047e-10 9.549808072796182616e-12 -1.026568617425080768e-12 1.040435399469423462e-11 -2.015849759436268336e-10 4.139032477219175749e-09 -8.956126415132318564e-08 2.036050783013609019e-06 -4.850042730283260966e-05 1.207739357169490806e-03 -3.137395770279151341e-02
-1.569244740935961113e-01 1.140000175765438495e-01 -2.492112617042648720e-02 3.581072630271656294e-03 -4.004095348796858525e-04 3.744707537357035691e-05 -3.047471969133951808e-06 2.212279035691526646e-07 -1.457044850864613328e-08 8.813940504704523993e-10 -4.943298788880166136e-11 2.682953028308715708e-12 -1.882898010816222213e-12 3.453449323831548906e-11 -7.166991864211192519e-10 1.565152105365215840e-08 -3.586398809496064952e-07 8.601938456487178962e-06 -2.154944406171209080e-04 5.627817842417988901e-03
1.974767845931146501e-02 -2.492112617042648373e-02 1.363776581718849183e-02 -3.196179604471813696e-03 4.957616132087060883e-04 -5.917257775403837939e-05 5.842858895376630730e-06 -4.975357068882767100e-07 3.751977861396585280e-08 -2.552077700735463066e-09 1.586797868000528698e-10 -9.121320859645218201e-12 6.945050104242146733e-13 -4.160219353081322752e-12 8.675095862902491643e-11 -1.911423566347176188e-09 4.413570547475709076e-08 -1.065676562317489250e-06 2.685395082186355019e-05 -7.049553838817808034e-04
-2.003882483586114528e-03 3.581072630271662366e-03 -3.196179604471809359e-03 1.499486693636133301e-03 -3.605651592573742978e-04 5.859064477265360325e-05 -7.317937340802704524e-06 7.523627334501055884e-07 -6.635214233462528565e-08 5.157481810837621139e-09 -3.600922701728848573e-10 2.290100953490083828e-11 -1.360501733690952734e-12 4.729077303358450158e-13 -8.479924809597202734e-12 1.883808880504526620e-10 -4.382308650246241660e-09 1.065016260618779435e-07 -2.699079833044390167e-06 7.121351806605260605e-05
1.739382514482755047e-04 -4.004095348796884546e-04 4.957616132087066304e-04 -3.605651592573751109e-04 1.521390028151206966e-04 -3.675996998722060895e-05 6.144241492728626773e-06 -7.921948411670286898e-07 8.394238052361271303e-08 -7.607502935832684660e-09 6.057581427026343646e-10 -4.319862838847061441e-11 2.800135203822581221e-12 -1.996460473212484435e-13 7.183521872446239541e-13 -1.589386818482208534e-11 3.724117611812637956e-10 -9.107899968668389370e-09 2.321083303453921721e-07 -6.154270297948442937e-06
-1.334004637966591863e-05 3.744707537357050599e-05 -5.917257775403822354e-05 5.859064477265365746e-05 -3.675996998722058184e-05 1.428493303030118203e-05 -3.428671605331766403e-06 5.823265678338020161e-07 -7.674537068083291565e-08 8.316533614742333341e-09 -7.697650039093940022e-10 6.247801116642555577e-11 -4.532403139096919981e-12 3.005120288209852522e-13 -7.044957419781789702e-14 1.186653779912530495e-12 -2.797793329386182468e-11 6.884591043161051256e-10 -1.764015195942472957e-08 4.699753936011995222e-07
9.227426329761376376e-07 -3.047471969133800613e-06 5.842858895376562121e-06 -7.317937340802690124e-06 6.144241492728609832e-06 -3.428671605331759626e-06 1.243883996554530271e-06 -2.945369649309916346e-07 5.039488590910617061e-08 -6.738442885182983598e-09 7.422308960985884833e-10 -6.981397104178372387e-11 5.752234624739552270e-12 -4.231763632416368295e-13 3.166880703914417989e-14 -8.154654551154192861e-14 1.896759941892922026e-12 -4.695175531949636145e-11 1.209396488636964196e-09 -3.237264370041747013e-08
-5.838996195933510944e-08 2.212279035676068030e-07 -4.975357068881100562e-07 7.523627334500912947e-07 -7.921948411670261487e-07 5.823265678338009573e-07 -2.945369649309919522e-07 1.006139640240357695e-07 -2.339925867836883791e-08 4.007757939633404459e-09 -5.405556314599046241e-10 6.022395382375033392e-11 -5.732828815633402206e-12 4.778515929166599006e-13 -3.573371278271697589e-14 7.308344095208210371e-15 -1.178300651214438070e-13 2.930274357255995901e-12 -7.586823055891780192e-11 2.040128750228177855e-09
3.415565500405753428e-09 -1.457044848691972329e-08 3.751977861161016153e-08 -6.635214233441797434e-08 8.394238052359667234e-08 -7.674537068083149952e-08 5.039488590910608458e-08 -2.339925867836882467e-08 7.569711192571560635e-09 -1.723878645477779221e-09 2.941492207122655821e-10 -3.983430990123673485e-11 4.470673753807008011e-12 -4.292038925886029829e-13 3.609631376568757346e-14 -2.984866975934597512e-15 6.936432260589302144e-15 -1.691220766722986363e-13 4.400534968673091057e-12 -1.188623715943994471e-10
-1.861776576721825094e-10 8.813937194936704637e-10 -2.552077663753354011e-09 5.157481807487960693e-09 -7.607502935571783623e-09 8.316533614724191616e-09 -6.738442885181815619e-09 4.007757939633325877e-09 -1.723878645477771983e-09 5.302786827106561498e-10 -1.180061103929020586e-10 1.998475220280550755e-11 -2.707051306323468833e-12 3.050160667444993925e-13 -2.944611850201370157e-14 2.505500040307032336e-15 -5.490646025506445265e-16 9.110099886476511237e-15 -2.378905855427336003e-13 6.453732477087845489e-12
9.516636872923545171e-12 -4.942757554943672430e-11 1.586791677326817212e-10 -3.600922128653469890e-10 6.057581381493150784e-10 -7.697650035886949414e-10 7.422308960781429567e-10 -5.405556314587037646e-10 2.941492207121986322e-10 -1.180061103928984139e-10 3.461921126273375505e-11 -7.516803756204709425e-12 1.259699053157915299e-12 -1.701421454033001081e-13 1.919090229475150633e-14 -1.858920223147701149e-15 1.759048272844213266e-16 -4.710125340666960724e-16 1.206280090090038231e-14 -3.286294776960133865e-13
-4.585268663600937354e-13 2.588421308866990379e-12 -9.110305444563153456e-12 2.289997176438106286e-11 -4.319854454977432027e-11 6.247800516795371679e-11 -6.981397065384918684e-11 6.022395380074934914e-11 -3.983430989997304844e-11 1.998475220274060295e-11 -7.516803756201581648e-12 2.107876540285024349e-12 -4.460573926656748447e-13 7.379350102724795099e-14 -9.912154444984826989e-15 1.116460265171371900e-15 -1.090388956559292215e-16 3.104446970017620358e-17 -5.772866254403398649e-16 1.577485243541685609e-14
2.091339183984501810e-14 -1.273247934919266386e-13 4.868264461693879020e-13 -1.340652644191029296e-12 2.798509442544347744e-12 -4.532285277603548116e-12 5.752226905581104566e-12 -5.732828352411021637e-12 4.470673728071524878e-12 -2.707051304989188539e-12 1.259699053092953954e-12 -4.460573926626959039e-13 1.197763983276726760e-13 -2.468194504402193038e-14 4.022942000101344452e-15 -5.362030564637527662e-16 6.021580040702261987e-17 -6.808127479755276605e-18 2.659107406031110999e-17 -7.168992345113308563e-16
-9.062036792413709477e-16 5.911491052768175975e-15 -2.436735981734433451e-14 7.285898738571117066e-14 -1.665002489850169659e-13 2.980823061390095644e-13 -4.230155235081812198e-13 4.778418410535930158e-13 -4.292033453845243803e-13 3.050160381006693202e-13 -1.701421439957511449e-13 7.379350096198589220e-14 -2.468194504116006607e-14 6.355425391871397423e-15 -1.274482205607310634e-15 2.043265400201193460e-16 -2.697350960898462517e-17 3.052637319311242127e-18 -1.412724321993532482e-18 3.097609989900948417e-17
3.742024669648104665e-17 -2.600997637605213034e-16 1.148430605922022299e-15 -3.700441642102508703e-15 9.176505430870733353e-15 -1.797169851848006856e-14 2.816311908106845229e-14 -3.551927503309275373e-14 3.608417773509476642e-14 -2.944547794450650376e-14 1.919087056389137440e-14 -9.912152962232239122e-15 4.022941934463013996e-15 -1.274482202849576563e-15 3.150561727442559730e-16 -6.145247268020120119e-17 9.677525962539960719e-18 -1.264795806972560285e-18 1.859637304651396453e-19 -1.286961251512229998e-18
-1.476474280946830402e-18 1.088257012601112970e-17 -5.118679613598479642e-17 1.766135152405925009e-16 -4.717776252645265383e-16 1.002052289049018480e-15 -1.716443588980168989e-15 2.387872258128979581e-15 -2.704324591959081719e-15 2.490585672310003342e-15 -1.858176234746100424e-15 1.116425262022466546e-15 -5.362014966542258792e-16 2.043264739488183178e-16 -6.145247001597542349e-17 1.459832584703883508e-17 -2.768504146208451915e-18 4.278198267197832733e-19 -5.691309274130123187e-20 5.606925136253343101e-20
5.579536434012720361e-20 -4.342642478206834418e-19 2.165581118140990425e-18 -7.957852189871563153e-18 2.275532948120065078e-17 -5.203943383331060865e-17 9.661657607785867349e-17 -1.467997451690991495e-16 1.831824612950590458e-16 -1.877788938257217657e-16 1.577717305438846200e-16 -1.081806650623094908e-16 6.017733295533656480e-17 -2.697187091687675039e-17 9.677459412738750488e-18 -2.768501566582590196e-18 6.325199245937618093e-19 -1.165932312887229268e-19 1.771806892182329222e-20 -4.095296793276479663e-21
-2.023576850058090606e-21 1.657006194214749695e-20 -8.724360920912728318e-20 3.398330178317940875e-19 -1.034655760548681154e-18 2.532027135531280506e-18 -5.059196012015625435e-18 8.326508391065534347e-18 -1.133823705441851483e-17 1.279139388117341136e-17 -1.194350363015703296e-17 9.202276379088655017e-18 -5.824079203137976964e-18 3.010506722703754899e-18 -1.263076419584721447e-18 4.277527612327078652e-19 -1.165907286840342107e-19 2.563520664801575699e-20 -4.590245994969255863e-21 7.341218806724404967e-22
7.056484334680613333e-23 -6.059295634541957513e-22 3.356079068803975023e-21 -1.380026673813168341e-20 4.452864025237844277e-20 -1.159940800543166934e-19 2.479207962211966923e-19 -4.389106519714858447e-19 6.469672605047244073e-19 -7.957862737566973514e-19 8.167748768530303145e-19 -6.982194059993174741e-19 4.954487859130956685e-19 -2.904864175650090186e-19 1.399642398060053787e-19 -5.511120125762015068e-20 1.765045698097309495e-20 -4.587813900377484938e-21 9.689466697986317832e-22 -1.654906086546292944e-22
-2.367227046006754613e-24 2.125172766947201894e-23 -1.234088225604740405e-22 5.336930528738260034e-22 -1.817301900590112754e-21 5.014965316011571906e-21 -1.140363964312917306e-20 2.158152150582558653e-20 -3.418992141504188225e-20 4.547288511242373788e-20 -5.081196363828568567e-20 4.765474472954103140e-20 -3.742051424266490295e-20 2.451197463196755650e-20 -1.333152167164063155e-20 5.988123651857824960e-21 -2.209090260478099538e-21 6.659377399448806730e-22 -1.631233816086224450e-22 3.140245522637669427e-23
