1.000000000000000000e+00 5.000000000000000278e-02
1.074999999999999734e+00 4.500000000000001221e-02
1.187500000000000000e+00 4.250000000000000999e-02
1.293749999999999734e+00 3.125000000000002776e-02
1.571875000000000355e+00 2.062500000000003220e-02
1.923437500000000355e+00 -7.187499999999930056e-03
1.923437500000000355e+00 -7.187499999999930056e-03
1.923437500000000355e+00 -7.187499999999930056e-03
1.923437500000000355e+00 -7.187499999999930056e-03
1.923437500000000355e+00 -7.187499999999930056e-03
1.877734375000000622e+00 -1.171874999999940326e-03
1.877734375000000622e+00 -1.171874999999940326e-03
1.874316406250000622e+00 -3.457031249999934983e-03
1.874316406250000622e+00 -3.457031249999934983e-03
1.874316406250000622e+00 -3.457031249999934983e-03
1.874316406250000622e+00 -3.457031249999934983e-03
1.866680908203125266e+00 -3.990478515624932936e-03
1.871298217773438299e+00 -7.760620117187425754e-03
1.866326141357422363e+00 -7.084808349609302176e-03
1.873074722290040128e+00 -1.428718566894522472e-02
1.866504859924317472e+00 -1.653675079345694188e-02
1.876717090606691674e+00 -3.206628799438464988e-02
1.868683481216433684e+00 -4.433018684387193820e-02
1.885091137886052870e+00 -8.152121067047100877e-02
1.877227747440346484e+00 -1.246445202827450999e-01
1.893635404109965670e+00 -1.618355441093441704e-01
1.885772013664259283e+00 -2.049588537216182615e-01
1.885772013664259283e+00 -2.049588537216182615e-01
1.875602337718023094e+00 -1.971441692113872490e-01
1.875602337718023094e+00 -1.971441692113872490e-01
1.875602337718023094e+00 -1.971441692113872490e-01
1.865432661771787126e+00 -1.893294847011562643e-01
1.865432661771787126e+00 -1.893294847011562643e-01
1.865432661771787126e+00 -1.893294847011562643e-01
1.865432661771787126e+00 -1.893294847011562643e-01
1.865432661771787126e+00 -1.893294847011562643e-01
1.866756832666591315e+00 -1.844893762277202698e-01
1.867342292714614604e+00 -1.852993622083154990e-01
1.866241112231195043e+00 -1.871119269595870604e-01
1.866241112231195043e+00 -1.871119269595870604e-01
1.866938067484910757e+00 -1.864081410791000870e-01
1.866938067484910757e+00 -1.864081410791000870e-01
1.866472847648692701e+00 -1.867027723892996094e-01
1.866822637026467779e+00 -1.867436378218376714e-01
1.866792904911245499e+00 -1.865656730923343498e-01
1.866640309308774670e+00 -1.866787139231927961e-01
1.866640309308774670e+00 -1.866787139231927961e-01
1.866640309308774670e+00 -1.866787139231927961e-01
1.866640309308774670e+00 -1.866787139231927961e-01
1.866640309308774670e+00 -1.866787139231927961e-01
