9.416668587898593401e-01 5.558239868424763586e-01 1.961021168534107240e-01 7.317595526519680149e-01
9.769793659944792097e-01 5.766673863490692220e-01 2.034559462354136317e-01 6.585835973867710802e-01
9.769793659944792097e-01 5.766673863490692220e-01 2.034559462354136317e-01 6.585835973867710802e-01
9.769793659944792097e-01 5.766673863490692220e-01 2.034559462354136317e-01 6.585835973867710802e-01
1.080709855908049466e+00 5.597321242499624372e-01 2.066732465900399385e-01 6.082751281419480627e-01
1.055512910663086501e+00 5.626632273055771627e-01 2.146015938925118771e-01 5.156618097594334316e-01
1.055512910663086501e+00 5.626632273055771627e-01 2.146015938925118771e-01 5.156618097594334316e-01
1.134575223343221584e+00 6.015681924002393988e-01 2.336325000080468617e-01 3.840308433546553157e-01
1.305740877161707392e+00 5.820308978431971703e-01 2.378803418825143901e-01 2.147042554631668487e-01
1.305740877161707392e+00 5.820308978431971703e-01 2.378803418825143901e-01 2.147042554631668487e-01
1.374639492750701297e+00 5.862278201437491898e-01 2.840483925117430752e-01 -7.111698826219126079e-02
1.374639492750701297e+00 5.862278201437491898e-01 2.840483925117430752e-01 -7.111698826219126079e-02
1.374639492750701297e+00 5.862278201437491898e-01 2.840483925117430752e-01 -7.111698826219126079e-02
1.374639492750701297e+00 5.862278201437491898e-01 2.840483925117430752e-01 -7.111698826219126079e-02
1.388895357969777145e+00 5.918138157362428098e-01 2.620573229028794748e-01 1.953134745202736444e-02
1.388895357969777145e+00 5.918138157362428098e-01 2.620573229028794748e-01 1.953134745202736444e-02
1.388895357969777145e+00 5.918138157362428098e-01 2.620573229028794748e-01 1.953134745202736444e-02
1.388895357969777145e+00 5.918138157362428098e-01 2.620573229028794748e-01 1.953134745202736444e-02
1.388895357969777145e+00 5.918138157362428098e-01 2.620573229028794748e-01 1.953134745202736444e-02
1.388895357969777145e+00 5.918138157362428098e-01 2.620573229028794748e-01 1.953134745202736444e-02
1.388895357969777145e+00 5.918138157362428098e-01 2.620573229028794748e-01 1.953134745202736444e-02
1.388895357969777145e+00 5.918138157362428098e-01 2.620573229028794748e-01 1.953134745202736444e-02
1.367304710454402272e+00 5.839711307720236722e-01 2.714341331966257376e-01 1.640266588714725526e-02
1.376424482252418313e+00 5.886507890626586637e-01 2.737540361395908173e-01 -1.073397396182155551e-02
1.376424482252418313e+00 5.886507890626586637e-01 2.737540361395908173e-01 -1.073397396182155551e-02
1.385528409013751627e+00 5.889653764908935329e-01 2.716331004294444962e-01 -8.706448296830577790e-03
1.384542694420891840e+00 5.894083736918658278e-01 2.667845164118209933e-01 7.884853707808014284e-03
1.375902118659015683e+00 5.861666865747364730e-01 2.708917194605935386e-01 5.255786402950553271e-03
1.375902118659015683e+00 5.861666865747364730e-01 2.708917194605935386e-01 5.255786402950553271e-03
1.375902118659015683e+00 5.861666865747364730e-01 2.708917194605935386e-01 5.255786402950553271e-03
1.381240714341139153e+00 5.887840119790753723e-01 2.710742129423716618e-01 -2.066448661626952253e-03
1.381240714341139153e+00 5.887840119790753723e-01 2.710742129423716618e-01 -2.066448661626952253e-03
1.382870805846447837e+00 5.884486334041886257e-01 2.686614413278092250e-01 3.231114027744928091e-03
1.382870805846447837e+00 5.884486334041886257e-01 2.686614413278092250e-01 3.231114027744928091e-03
1.382870805846447837e+00 5.884486334041886257e-01 2.686614413278092250e-01 3.231114027744928091e-03
1.384851436087296106e+00 5.888900810452279977e-01 2.685830571990099891e-01 2.735918050309517780e-03
1.389440228483176831e+00 5.884023840383945103e-01 2.677884242588418062e-01 -1.519653384803325638e-03
1.389440228483176831e+00 5.884023840383945103e-01 2.677884242588418062e-01 -1.519653384803325638e-03
1.389440228483176831e+00 5.884023840383945103e-01 2.677884242588418062e-01 -1.519653384803325638e-03
1.389440228483176831e+00 5.884023840383945103e-01 2.677884242588418062e-01 -1.519653384803325638e-03
1.386005831750960260e+00 5.884739016658284694e-01 2.684958969748657553e-01 1.373590905080021834e-03
1.395860875209478991e+00 5.874689050478614227e-01 2.652604193700862645e-01 8.887018195982854946e-04
1.395860875209478991e+00 5.874689050478614227e-01 2.652604193700862645e-01 8.887018195982854946e-04
1.395860875209478991e+00 5.874689050478614227e-01 2.652604193700862645e-01 8.887018195982854946e-04
1.395860875209478991e+00 5.874689050478614227e-01 2.652604193700862645e-01 8.887018195982854946e-04
1.401260122961170307e+00 5.865489652668856024e-01 2.630165637254533451e-01 5.599244369302045291e-04
1.401260122961170307e+00 5.865489652668856024e-01 2.630165637254533451e-01 5.599244369302045291e-04
1.411514275457126377e+00 5.856747131763888614e-01 2.586723603169986951e-01 3.236871654360914952e-03
1.425844724072097947e+00 5.843369969025220545e-01 2.550033542151766142e-01 -5.890378844528657010e-04
1.437621411982510367e+00 5.829830787798433445e-01 2.494534980669038671e-01 1.025534444997800582e-03
1.437621411982510367e+00 5.829830787798433445e-01 2.494534980669038671e-01 1.025534444997800582e-03
1.481926442605127292e+00 5.784766865411907766e-01 2.336633200062473437e-01 2.825542602691817791e-03
1.481926442605127292e+00 5.784766865411907766e-01 2.336633200062473437e-01 2.825542602691817791e-03
1.526175023041588474e+00 5.730813692836176365e-01 2.161460065066511671e-01 4.647542473175300323e-03
1.569054012190197245e+00 5.698617968047552385e-01 2.013139137882287155e-01 2.590450736117299712e-03
1.667615984764053039e+00 5.589307455794760848e-01 1.659009974663339104e-01 4.887376572122228632e-03
1.667615984764053039e+00 5.589307455794760848e-01 1.659009974663339104e-01 4.887376572122228632e-03
1.840077977910596907e+00 5.407515213299052270e-01 1.001125740969173172e-01 9.658740671587961318e-03
1.987008033189430201e+00 5.272947698797669780e-01 4.812212678880922745e-02 9.773139579430493301e-03
1.987008033189430201e+00 5.272947698797669780e-01 4.812212678880922745e-02 9.773139579430493301e-03
1.987008033189430201e+00 5.272947698797669780e-01 4.812212678880922745e-02 9.773139579430493301e-03
1.987008033189430201e+00 5.272947698797669780e-01 4.812212678880922745e-02 9.773139579430493301e-03
1.879008362856248837e+00 5.379228712185264438e-01 8.796616430423120914e-02 5.331034148889503277e-03
2.166796953909155832e+00 5.099993196305734333e-01 -1.383628021179850176e-02 6.002855042224527343e-03
2.166796953909155832e+00 5.099993196305734333e-01 -1.383628021179850176e-02 6.002855042224527343e-03
1.997859812408982805e+00 5.297778331412381636e-01 4.881285788289069921e-02 3.658349078640467378e-04
2.156594254931653687e+00 5.124685418825722927e-01 -8.533134544602263838e-03 7.165630121082865178e-05
2.156594254931653687e+00 5.124685418825722927e-01 -8.533134544602263838e-03 7.165630121082865178e-05
2.156594254931653687e+00 5.124685418825722927e-01 -8.533134544602263838e-03 7.165630121082865178e-05
2.156594254931653687e+00 5.124685418825722927e-01 -8.533134544602263838e-03 7.165630121082865178e-05
2.156594254931653687e+00 5.124685418825722927e-01 -8.533134544602263838e-03 7.165630121082865178e-05
2.156594254931653687e+00 5.124685418825722927e-01 -8.533134544602263838e-03 7.165630121082865178e-05
2.065629205280811842e+00 5.229095107908404705e-01 2.464130366424606769e-02 -3.711596296782313517e-04
2.065629205280811842e+00 5.229095107908404705e-01 2.464130366424606769e-02 -3.711596296782313517e-04
2.115789452774345492e+00 5.177789347306445134e-01 6.417394355412113678e-03 -8.633387360408052973e-04
2.071454936418947845e+00 5.212496041665976021e-01 2.157474714147150641e-02 -1.045255457048190669e-04
2.117578320101534572e+00 5.167210390997294400e-01 5.052607011525814783e-03 6.663860785966512542e-04
2.124603616787781757e+00 5.160666570397626218e-01 2.944189249280805901e-03 -4.825157849798623183e-05
2.086492893400731852e+00 5.204317847750119519e-01 1.681926905183431242e-02 -2.292960375449856021e-04
2.107910947225797305e+00 5.181981030004598754e-01 9.007548734470112103e-03 -3.961302534142950994e-04
2.090300690398954941e+00 5.195520000726692178e-01 1.501532532662463310e-02 -5.317424670998648149e-05
2.090300690398954941e+00 5.195520000726692178e-01 1.501532532662463310e-02 -5.317424670998648149e-05
2.090300690398954941e+00 5.195520000726692178e-01 1.501532532662463310e-02 -5.317424670998648149e-05
2.090300690398954941e+00 5.195520000726692178e-01 1.501532532662463310e-02 -5.317424670998648149e-05
2.090300690398954941e+00 5.195520000726692178e-01 1.501532532662463310e-02 -5.317424670998648149e-05
2.104800471382703542e+00 5.181732630389622729e-01 9.956518260984797281e-03 1.254775810258690512e-05
2.103315804959323465e+00 5.183048848123995578e-01 1.041227524017936112e-02 1.443218200871794422e-04
2.097213941046278229e+00 5.188292152629309095e-01 1.257715123637332191e-02 1.822711532382058873e-04
2.097213941046278229e+00 5.188292152629309095e-01 1.257715123637332191e-02 1.822711532382058873e-04
2.096078400213733595e+00 5.189520354249229639e-01 1.295353424053639034e-02 5.247229393692864533e-05
2.096078400213733595e+00 5.189520354249229639e-01 1.295353424053639034e-02 5.247229393692864533e-05
2.096078400213733595e+00 5.189520354249229639e-01 1.295353424053639034e-02 5.247229393692864533e-05
2.096078400213733595e+00 5.189520354249229639e-01 1.295353424053639034e-02 5.247229393692864533e-05
2.096078400213733595e+00 5.189520354249229639e-01 1.295353424053639034e-02 5.247229393692864533e-05
2.096098394009488608e+00 5.187749182673273562e-01 1.283201988063324001e-02 7.799151115096670628e-05
2.096098394009488608e+00 5.187749182673273562e-01 1.283201988063324001e-02 7.799151115096670628e-05
2.100295742393038623e+00 5.184085394051987095e-01 1.131842600228285395e-02 2.961699707655906242e-05
2.100295742393038623e+00 5.184085394051987095e-01 1.131842600228285395e-02 2.961699707655906242e-05
2.093190506441702681e+00 5.187483495788598464e-01 1.353942788181932561e-02 1.386122403805457165e-04
2.097679474514888120e+00 5.180100098349889048e-01 1.171079147087724856e-02 1.841530783680683792e-04
2.097679474514888120e+00 5.180100098349889048e-01 1.171079147087724856e-02 1.841530783680683792e-04
2.098084092174651083e+00 5.177235844372924944e-01 1.125639275234692829e-02 1.116669115707053244e-04
2.098084092174651083e+00 5.177235844372924944e-01 1.125639275234692829e-02 1.116669115707053244e-04
2.100219171142944319e+00 5.171236747972618453e-01 1.017605866675379972e-02 2.289631010945424288e-04
2.096008988504362236e+00 5.168244190695472362e-01 1.106894097950587158e-02 2.615774506649854521e-04
2.095229834042921624e+00 5.161525689382746584e-01 1.053784860080041880e-02 2.869816730559390620e-04
2.095229834042921624e+00 5.161525689382746584e-01 1.053784860080041880e-02 2.869816730559390620e-04
2.095229834042921624e+00 5.161525689382746584e-01 1.053784860080041880e-02 2.869816730559390620e-04
2.093059985117070809e+00 5.140033458888515483e-01 9.163740576875953336e-03 3.560343320050000167e-04
2.093059985117070809e+00 5.140033458888515483e-01 9.163740576875953336e-03 3.560343320050000167e-04
2.085436264940767614e+00 5.125280578636666196e-01 9.788860863669160417e-03 6.550381606817214401e-04
2.082009715796818483e+00 5.117882661367429975e-01 9.847777016648850967e-03 4.924858070998631510e-04
2.078556352358123860e+00 5.068837455371628664e-01 6.266359710870791910e-03 7.999238883288691416e-04
2.078556352358123860e+00 5.068837455371628664e-01 6.266359710870791910e-03 7.999238883288691416e-04
2.051893602864460320e+00 5.018955101636188854e-01 8.508020783087825306e-03 1.366104539015327093e-03
2.041984046659836238e+00 4.968716754389526091e-01 6.297150149065407210e-03 1.301396665412087863e-03
2.041984046659836238e+00 4.968716754389526091e-01 6.297150149065407210e-03 1.301396665412087863e-03
2.041984046659836238e+00 4.968716754389526091e-01 6.297150149065407210e-03 1.301396665412087863e-03
2.041984046659836238e+00 4.968716754389526091e-01 6.297150149065407210e-03 1.301396665412087863e-03
2.009307647341612935e+00 4.832006622805483653e-01 2.032414567290821705e-03 2.093774814369184570e-03
1.989107567327408788e+00 4.777718489906430666e-01 1.861197583007491441e-03 2.214533204443831088e-03
1.989107567327408788e+00 4.777718489906430666e-01 1.861197583007491441e-03 2.214533204443831088e-03
1.984588986470422256e+00 4.762515063697887463e-01 1.559367759203175025e-03 1.817213669225046721e-03
1.984588986470422256e+00 4.762515063697887463e-01 1.559367759203175025e-03 1.817213669225046721e-03
1.959656432517990154e+00 4.652497379960121027e-01 -2.888439030152676387e-03 1.782402209777209263e-03
1.959656432517990154e+00 4.652497379960121027e-01 -2.888439030152676387e-03 1.782402209777209263e-03
1.892207314866808154e+00 4.406294710225220346e-01 -8.751470844727186546e-03 2.161633016037672536e-03
1.884573455683465681e+00 4.448469936929213553e-01 -3.348760353289671060e-03 1.381916691073845245e-03
1.884573455683465681e+00 4.448469936929213553e-01 -3.348760353289671060e-03 1.381916691073845245e-03
1.849066562454391160e+00 4.247022597157872337e-01 -1.416659636629368293e-02 2.342262242473842557e-04
1.681867973202513689e+00 3.717012070840663984e-01 -2.160548518169337281e-02 9.169783451870106364e-04
1.681867973202513689e+00 3.717012070840663984e-01 -2.160548518169337281e-02 9.169783451870106364e-04
1.681867973202513689e+00 3.717012070840663984e-01 -2.160548518169337281e-02 9.169783451870106364e-04
1.681867973202513689e+00 3.717012070840663984e-01 -2.160548518169337281e-02 9.169783451870106364e-04
1.378223231154627193e+00 2.764961784719379700e-01 -3.613861737911663180e-02 -1.089177492429200698e-03
1.378223231154627193e+00 2.764961784719379700e-01 -3.613861737911663180e-02 -1.089177492429200698e-03
1.378223231154627193e+00 2.764961784719379700e-01 -3.613861737911663180e-02 -1.089177492429200698e-03
1.289008317101386858e+00 2.453642530713173731e-01 -4.213322965863258024e-02 4.917702070196067416e-04
1.147454088975017328e+00 2.035347547065204932e-01 -4.672206186716386378e-02 -4.339173822198233639e-04
1.054507887756236606e+00 1.842794230128994570e-01 -4.093489495791541311e-02 -3.866154390412661628e-04
1.054507887756236606e+00 1.842794230128994570e-01 -4.093489495791541311e-02 -3.866154390412661628e-04
1.054507887756236606e+00 1.842794230128994570e-01 -4.093489495791541311e-02 -3.866154390412661628e-04
8.878786543518963903e-01 1.416954457809904699e-01 -3.945925361891017280e-02 -3.859809830651917111e-04
8.878786543518963903e-01 1.416954457809904699e-01 -3.945925361891017280e-02 -3.859809830651917111e-04
2.842853219198295811e-01 -3.501301632042053136e-02 -5.336035869717682678e-02 6.154301658541322211e-06
3.425164723400224709e-01 1.523337089544885004e-03 -3.453122933103271175e-02 -2.243885088396652561e-03
-1.979891494912600081e-01 -1.470333520283642892e-01 -3.774109829412859718e-02 -5.523590474350792900e-04
-1.979891494912600081e-01 -1.470333520283642892e-01 -3.774109829412859718e-02 -5.523590474350792900e-04
-1.979891494912600081e-01 -1.470333520283642892e-01 -3.774109829412859718e-02 -5.523590474350792900e-04
-1.979891494912600081e-01 -1.470333520283642892e-01 -3.774109829412859718e-02 -5.523590474350792900e-04
-4.098296358095883107e-01 -1.789042751639378093e-01 -1.399622124405475176e-02 -1.688524988904732682e-03
-4.098296358095883107e-01 -1.789042751639378093e-01 -1.399622124405475176e-02 -1.688524988904732682e-03
-4.098296358095883107e-01 -1.789042751639378093e-01 -1.399622124405475176e-02 -1.688524988904732682e-03
2.303776622426526588e-01 3.077247100782831701e-04 -5.364627009503103450e-03 8.361600729146130041e-04
2.303776622426526588e-01 3.077247100782831701e-04 -5.364627009503103450e-03 8.361600729146130041e-04
2.303776622426526588e-01 3.077247100782831701e-04 -5.364627009503103450e-03 8.361600729146130041e-04
2.303776622426526588e-01 3.077247100782831701e-04 -5.364627009503103450e-03 8.361600729146130041e-04
2.303776622426526588e-01 3.077247100782831701e-04 -5.364627009503103450e-03 8.361600729146130041e-04
2.303776622426526588e-01 3.077247100782831701e-04 -5.364627009503103450e-03 8.361600729146130041e-04
-2.849586359695984727e-01 -1.357708672989711707e-01 -4.405632741021703672e-03 -4.580934861136181291e-04
-1.569699708486193002e-01 -1.041401101767467641e-01 -6.321643481970920693e-03 6.607271752838549811e-04
-2.635819409306509042e-01 -1.252372754420253975e-01 5.620989847135806662e-04 -9.200772182318928908e-05
-7.512287526085728584e-02 -6.910944549200440101e-02 6.045933159083843184e-03 2.776122527436255595e-04
1.760965324511058749e-02 -5.412834994617932161e-02 -3.197219014650951735e-03 4.666098139686406356e-04
1.760965324511058749e-02 -5.412834994617932161e-02 -3.197219014650951735e-03 4.666098139686406356e-04
1.760965324511058749e-02 -5.412834994617932161e-02 -3.197219014650951735e-03 4.666098139686406356e-04
1.760965324511058749e-02 -5.412834994617932161e-02 -3.197219014650951735e-03 4.666098139686406356e-04
-4.106692415277994612e-02 -6.115794383121594957e-02 5.017444952716412949e-03 2.138000445941013806e-04
-8.565816946752044525e-02 -7.415274859657396134e-02 3.746264723631337161e-03 -1.721593264520571891e-04
-5.259804849832686036e-02 -7.191021390372723254e-02 -2.338247664977075469e-03 4.674244432813440611e-05
6.546966270642015640e-02 -3.807435172135417711e-02 -2.347588281568751666e-04 1.370376261865745803e-04
6.546966270642015640e-02 -3.807435172135417711e-02 -2.347588281568751666e-04 1.370376261865745803e-04
6.546966270642015640e-02 -3.807435172135417711e-02 -2.347588281568751666e-04 1.370376261865745803e-04
-4.165346307435974921e-02 -6.551192457944210457e-02 8.430098937235064750e-04 -4.007789368833419472e-05
-4.165346307435974921e-02 -6.551192457944210457e-02 8.430098937235064750e-04 -4.007789368833419472e-05
-2.572640331744963094e-02 -6.331560020137581846e-02 -1.013243557623555880e-03 9.199756014553406237e-05
-2.432430475913729614e-03 -5.451064975418887237e-02 1.354056734783775891e-03 -7.171962635098719859e-05
-2.432430475913729614e-03 -5.451064975418887237e-02 1.354056734783775891e-03 -7.171962635098719859e-05
2.546292634396068316e-02 -4.859628213537515312e-02 -9.303035789466536929e-05 4.955011402647806369e-05
2.546292634396068316e-02 -4.859628213537515312e-02 -9.303035789466536929e-05 4.955011402647806369e-05
-2.764252857687655301e-03 -5.672133595687020580e-02 -6.243265337270206133e-04 2.786102461193051160e-05
-2.764252857687655301e-03 -5.672133595687020580e-02 -6.243265337270206133e-04 2.786102461193051160e-05
-2.764252857687655301e-03 -5.672133595687020580e-02 -6.243265337270206133e-04 2.786102461193051160e-05
6.468991640393201466e-03 -5.309425118209867844e-02 4.439658364920871813e-04 -3.592670909443443686e-05
6.468991640393201466e-03 -5.309425118209867844e-02 4.439658364920871813e-04 -3.592670909443443686e-05
1.383624008259279857e-02 -5.170163373388904360e-02 -9.784338475537681507e-05 1.526772667784481505e-05
7.234200742844833047e-03 -5.360622866812649046e-02 -2.496655454886673002e-04 -3.260108634504943899e-05
1.235355918189865333e-03 -5.525746585521676413e-02 -2.668536333741153635e-04 7.107957883807755361e-06
2.970617032219432900e-04 -5.509358214498590034e-02 1.117104899427992753e-04 -6.429197167539386126e-06
2.970617032219432900e-04 -5.509358214498590034e-02 1.117104899427992753e-04 -6.429197167539386126e-06
2.970617032219432900e-04 -5.509358214498590034e-02 1.117104899427992753e-04 -6.429197167539386126e-06
2.970617032219432900e-04 -5.509358214498590034e-02 1.117104899427992753e-04 -6.429197167539386126e-06
2.970617032219432900e-04 -5.509358214498590034e-02 1.117104899427992753e-04 -6.429197167539386126e-06
2.970617032219432900e-04 -5.509358214498590034e-02 1.117104899427992753e-04 -6.429197167539386126e-06
2.970617032219432900e-04 -5.509358214498590034e-02 1.117104899427992753e-04 -6.429197167539386126e-06
2.970617032219432900e-04 -5.509358214498590034e-02 1.117104899427992753e-04 -6.429197167539386126e-06
2.653758504005265893e-03 -5.452422725567908357e-02 6.373836514129211284e-05 2.779251577445511601e-06
2.638363776360080730e-03 -5.460460599105135260e-02 -1.062553400232871194e-05 -1.101696941558481002e-06
3.398586657076963467e-03 -5.431639347797082018e-02 6.756484499063602068e-05 -5.496019953358493398e-06
3.398586657076963467e-03 -5.431639347797082018e-02 6.756484499063602068e-05 -5.496019953358493398e-06
1.292843414426296349e-03 -5.486024580080100382e-02 8.391607990279979095e-05 -4.209670492700909401e-06
1.479839826523719846e-03 -5.481938961656938197e-02 7.747872116485079715e-05 -3.074571953260682409e-06
1.479839826523719846e-03 -5.481938961656938197e-02 7.747872116485079715e-05 -3.074571953260682409e-06
2.309472917081945888e-03 -5.464881788088297998e-02 2.898577511695732119e-05 -3.363410176679850583e-06
2.553445139941009842e-03 -5.454626467470673201e-02 6.325858087922985853e-05 -5.293995460495026906e-06
1.829979328840753913e-03 -5.474738484037861008e-02 5.441924007632313538e-05 -6.852821634334456227e-06
1.668013858761576915e-03 -5.477535502696771752e-02 6.997582960607003197e-05 -4.427935149446706451e-06
1.785033818840020851e-03 -5.474942261115169073e-02 6.581928879224794280e-05 -4.029556279249846596e-06
2.134295476838893053e-03 -5.467671233459208552e-02 4.617700497771253253e-05 -4.257243653780680132e-06
2.203887880380660594e-03 -5.464174168898962985e-02 6.117821087115913291e-05 -5.092942319848975052e-06
2.203887880380660594e-03 -5.464174168898962985e-02 6.117821087115913291e-05 -5.092942319848975052e-06
2.203887880380660594e-03 -5.464174168898962985e-02 6.117821087115913291e-05 -5.092942319848975052e-06
2.203887880380660594e-03 -5.464174168898962985e-02 6.117821087115913291e-05 -5.092942319848975052e-06
2.203887880380660594e-03 -5.464174168898962985e-02 6.117821087115913291e-05 -5.092942319848975052e-06
2.072019872515685601e-03 -5.466768984437409690e-02 6.941942631936954362e-05 -5.461192564258726251e-06
2.072019872515685601e-03 -5.466768984437409690e-02 6.941942631936954362e-05 -5.461192564258726251e-06
1.979144412819408387e-03 -5.469781552765866361e-02 6.503625764041912278e-05 -4.487465135924522984e-06
2.042256867178851402e-03 -5.467668203433380392e-02 6.919755343811175366e-05 -4.347004835683420822e-06
2.127496672017452524e-03 -5.466257932806430769e-02 6.089126541987945832e-05 -4.583909611793777962e-06
2.129558668256754765e-03 -5.465896668629867394e-02 6.365716828780204617e-05 -4.906417678382043317e-06
2.070817013791901185e-03 -5.467085036923148567e-02 6.705749375796132112e-05 -5.021195939852333761e-06
2.070817013791901185e-03 -5.467085036923148567e-02 6.705749375796132112e-05 -5.021195939852333761e-06
