1.000000000000000000e+00 1.000000000000000000e+00
1.074999999999999734e+00 8.999999999999999112e-01
1.187500000000000000e+00 8.499999999999996447e-01
1.293749999999999734e+00 6.249999999999991118e-01
1.571875000000000355e+00 4.124999999999983125e-01
1.678125000000000089e+00 1.874999999999977796e-01
1.956250000000000711e+00 -2.500000000000301981e-02
1.956250000000000711e+00 -2.500000000000301981e-02
2.119921875000001066e+00 -4.218750000000331957e-02
2.119921875000001066e+00 -4.218750000000331957e-02
2.119921875000001066e+00 -4.218750000000331957e-02
2.119921875000001066e+00 -4.218750000000331957e-02
2.260095214843751421e+00 -1.108398437500349859e-02
2.579742431640627220e+00 -8.283691406250415223e-02
3.019912719726565165e+00 -5.650634765625484057e-02
3.879292297363285513e+00 -1.868469238281315059e-01
5.189322662353521132e+00 -1.993560791015712153e-01
5.189322662353521132e+00 -1.993560791015712153e-01
5.189322662353521132e+00 -1.993560791015712153e-01
5.189322662353521132e+00 -1.993560791015712153e-01
4.900133395195013009e+00 -2.194949150085531986e-01
4.921339613199239515e+00 -1.834387063980184862e-01
5.050029583275323475e+00 -2.004114449024285149e-01
5.050029583275323475e+00 -2.004114449024285149e-01
4.990986152738337900e+00 -1.829110234975898086e-01
4.990986152738337900e+00 -1.829110234975898086e-01
4.990986152738337900e+00 -1.829110234975898086e-01
4.990986152738337900e+00 -1.829110234975898086e-01
5.001959215919493218e+00 -1.974104474298739864e-01
5.001489984529332133e+00 -1.825510064372876384e-01
4.996355376481375288e+00 -1.864458752155853105e-01
4.995886145091214203e+00 -1.715864342229989348e-01
4.995886145091214203e+00 -1.715864342229989348e-01
4.999326523660791111e+00 -1.556632717707626679e-01
4.996407296094192318e+00 -1.464661254154717152e-01
4.999847674663769226e+00 -1.305429629632354482e-01
4.996928447097170434e+00 -1.213458166079445233e-01
5.000368825666747341e+00 -1.054226541557082286e-01
4.997449598100148549e+00 -9.622550780041730367e-02
4.997449598100148549e+00 -9.622550780041730367e-02
4.997970749103126664e+00 -7.110519899289008405e-02
4.997970749103126664e+00 -7.110519899289008405e-02
4.999821226138658758e+00 -5.686354056489012487e-02
4.998491900106103891e+00 -4.598489018536286443e-02
5.000342377141636874e+00 -3.174323175736290525e-02
4.999013051109082895e+00 -2.086458137783564482e-02
4.999013051109082895e+00 -2.086458137783564482e-02
4.999534202112061010e+00 4.255727429691574804e-03
5.000068577377593471e+00 -7.463674961953860321e-03
5.000195559062698969e+00 8.026330039721108270e-03
5.000195559062698969e+00 8.026330039721108270e-03
5.000041462245997437e+00 -1.158123099974753354e-03
5.000041462245997437e+00 -1.158123099974753354e-03
5.000041462245997437e+00 -1.158123099974753354e-03
4.999977073100566827e+00 4.503092792886738676e-04
4.999977073100566827e+00 4.503092792886738676e-04
5.000005555899278420e+00 -8.536314360870041673e-04
5.000005555899278420e+00 -8.536314360870041673e-04
4.999995026273927223e+00 2.980634473447992200e-04
5.000010347040948488e+00 4.337413362588754735e-04
5.000004121278358582e+00 -2.438645221425833967e-04
5.000001130216790379e+00 1.965009272014726156e-04
5.000001130216790379e+00 1.965009272014726156e-04
5.000003964791941868e+00 -2.154958692238353069e-05
4.999998608614469653e+00 -3.007842911507095651e-05
4.999998608614469653e+00 -3.007842911507095651e-05
4.999998608614469653e+00 -3.007842911507095651e-05
5.000000740549763734e+00 3.591248855638952170e-05
5.000000740549763734e+00 3.591248855638952170e-05
