8.664176426739047532e-01 -4.793261898861922443e-01 1.336997441403469100e-01 -5.088152475464731150e-01
8.989083042741765617e-01 -4.973009220069244396e-01 1.387134845456099441e-01 -4.579337227918256481e-01
8.989083042741765617e-01 -4.973009220069244396e-01 1.387134845456099441e-01 -4.579337227918256481e-01
8.989083042741765617e-01 -4.973009220069244396e-01 1.387134845456099441e-01 -4.579337227918256481e-01
9.943496227249739583e-01 -4.826964521588295032e-01 1.409069959729125632e-01 -4.229526745230054452e-01
9.711661818956143222e-01 -4.852241488633073363e-01 1.463124348473368030e-01 -3.585557447554046373e-01
9.711661818956143222e-01 -4.852241488633073363e-01 1.463124348473368030e-01 -3.585557447554046373e-01
1.043910573330077085e+00 -5.187746416954293061e-01 1.592874466383006893e-01 -2.670286269838608728e-01
1.201398267522409302e+00 -5.019262559071320240e-01 1.621835671946612600e-01 -1.492905675052109693e-01
1.201398267522409302e+00 -5.019262559071320240e-01 1.621835671946612600e-01 -1.492905675052109693e-01
1.264791149564395756e+00 -5.055455577422329760e-01 1.936603133697196721e-01 4.944986075856316887e-02
1.264791149564395756e+00 -5.055455577422329760e-01 1.936603133697196721e-01 4.944986075856316887e-02
1.264791149564395756e+00 -5.055455577422329760e-01 1.936603133697196721e-01 4.944986075856316887e-02
1.264791149564395756e+00 -5.055455577422329760e-01 1.936603133697196721e-01 4.944986075856316887e-02
1.253457561682908672e+00 -5.114058456571365374e-01 1.757407112699594098e-01 -3.837243094921796716e-02
1.253457561682908672e+00 -5.114058456571365374e-01 1.757407112699594098e-01 -3.837243094921796716e-02
1.253457561682908672e+00 -5.114058456571365374e-01 1.757407112699594098e-01 -3.837243094921796716e-02
1.283727877966787556e+00 -5.273248776687637918e-01 1.865705947549221588e-01 3.578198088696288998e-02
1.282018749786941303e+00 -5.140593561129997990e-01 1.849156559915708931e-01 3.514306478322792165e-02
1.238725574362891102e+00 -5.175076988802119748e-01 1.798661822319690129e-01 -1.532714618658391134e-02
1.238725574362891102e+00 -5.175076988802119748e-01 1.798661822319690129e-01 -1.532714618658391134e-02
1.260328816936360008e+00 -5.160130254111340298e-01 1.787681313083247514e-01 -1.451965049901883867e-02
1.260328816936360008e+00 -5.160130254111340298e-01 1.787681313083247514e-01 -1.451965049901883867e-02
1.270499571192392096e+00 -5.169881995783299766e-01 1.821668093793571142e-01 1.359124178303088362e-02
1.262425675188954877e+00 -5.209278794685776592e-01 1.784159972091031443e-01 -9.130902765286368766e-03
1.265267000934822583e+00 -5.202088803596537359e-01 1.815060225760849744e-01 4.961618539429657297e-03
1.265267000934822583e+00 -5.202088803596537359e-01 1.815060225760849744e-01 4.961618539429657297e-03
1.266255309103122784e+00 -5.177172943224666035e-01 1.797154565502887824e-01 -4.484793090404949958e-03
1.266255309103122784e+00 -5.177172943224666035e-01 1.797154565502887824e-01 -4.484793090404949958e-03
1.278478714572892416e+00 -5.199148378158222616e-01 1.799774682679944060e-01 3.866248870381715566e-03
1.278478714572892416e+00 -5.199148378158222616e-01 1.799774682679944060e-01 3.866248870381715566e-03
1.265749098455025923e+00 -5.199976409661286603e-01 1.794690001952219116e-01 -3.526425889659821206e-03
1.271156068684310414e+00 -5.184174487431207901e-01 1.792661100911449035e-01 -2.546749451673293446e-03
1.268349429988693711e+00 -5.187202014093306168e-01 1.802480370535785581e-01 1.148099867060698061e-03
1.268349429988693711e+00 -5.187202014093306168e-01 1.802480370535785581e-01 1.148099867060698061e-03
1.268349429988693711e+00 -5.187202014093306168e-01 1.802480370535785581e-01 1.148099867060698061e-03
1.272755948048531316e+00 -5.200083341579180285e-01 1.797343482891087807e-01 1.588544519253779841e-03
1.268700680101563449e+00 -5.196046062175887492e-01 1.796195912716150589e-01 -1.512987018691730598e-03
1.271097241643362352e+00 -5.189629047903931980e-01 1.795623313671353138e-01 -8.939284955757713889e-04
1.271097241643362352e+00 -5.189629047903931980e-01 1.795623313671353138e-01 -8.939284955757713889e-04
1.271097241643362352e+00 -5.189629047903931980e-01 1.795623313671353138e-01 -8.939284955757713889e-04
1.270741589810039152e+00 -5.195748894908838178e-01 1.797283160280675474e-01 3.207608848319234008e-04
1.270741589810039152e+00 -5.195748894908838178e-01 1.797283160280675474e-01 3.207608848319234008e-04
1.270741589810039152e+00 -5.195748894908838178e-01 1.797283160280675474e-01 3.207608848319234008e-04
1.276053134936153466e+00 -5.201315212057702198e-01 1.790734864751303834e-01 -9.360345782943682059e-04
1.276053134936153466e+00 -5.201315212057702198e-01 1.790734864751303834e-01 -9.360345782943682059e-04
1.278197372082591876e+00 -5.197807255852162633e-01 1.791182926206223991e-01 3.426480593751763011e-04
1.278197372082591876e+00 -5.197807255852162633e-01 1.791182926206223991e-01 3.426480593751763011e-04
1.287165535557334373e+00 -5.209088311521685721e-01 1.782820841302473758e-01 -4.149013970727494270e-04
1.293794193915215107e+00 -5.218672995412430016e-01 1.775586033055449042e-01 -3.374297933679696660e-04
1.293794193915215107e+00 -5.218672995412430016e-01 1.775586033055449042e-01 -3.374297933679696660e-04
1.309612379954985251e+00 -5.222309346652431739e-01 1.764372849891363559e-01 4.574680740867132639e-04
1.328885161566403461e+00 -5.247701827163715471e-01 1.743369169745377922e-01 -2.013782190218722703e-03
1.334990756816291757e+00 -5.257960430754351489e-01 1.743211059907036620e-01 1.221419311278095811e-03
1.376130798075003270e+00 -5.291806826943823427e-01 1.704262651844473675e-01 3.255593454790864242e-04
1.424625934479082368e+00 -5.327487832810879897e-01 1.665239732430291442e-01 6.678579922048188478e-04
1.479249728292614918e+00 -5.399098994949715902e-01 1.613316260662658319e-01 -7.641453041159679055e-04
1.479249728292614918e+00 -5.399098994949715902e-01 1.613316260662658319e-01 -7.641453041159679055e-04
1.648983417451261424e+00 -5.540730791193864135e-01 1.465426125896633902e-01 -2.165387003989342231e-04
1.648983417451261424e+00 -5.540730791193864135e-01 1.465426125896633902e-01 -2.165387003989342231e-04
1.835587175050328312e+00 -5.745570278397358344e-01 1.301475023808084108e-01 6.488105939505461797e-04
1.835587175050328312e+00 -5.745570278397358344e-01 1.301475023808084108e-01 6.488105939505461797e-04
2.251957171517620537e+00 -6.109922213928355994e-01 9.386357629456865137e-02 6.722366296002910569e-04
2.251957171517620537e+00 -6.109922213928355994e-01 9.386357629456865137e-02 6.722366296002910569e-04
2.740172113991210523e+00 -6.616790138785004771e-01 5.035372216507622012e-02 -1.596567545462710715e-03
2.740172113991210523e+00 -6.616790138785004771e-01 5.035372216507622012e-02 -1.596567545462710715e-03
2.740172113991210523e+00 -6.616790138785004771e-01 5.035372216507622012e-02 -1.596567545462710715e-03
2.740172113991210523e+00 -6.616790138785004771e-01 5.035372216507622012e-02 -1.596567545462710715e-03
2.740172113991210523e+00 -6.616790138785004771e-01 5.035372216507622012e-02 -1.596567545462710715e-03
2.740172113991210523e+00 -6.616790138785004771e-01 5.035372216507622012e-02 -1.596567545462710715e-03
2.902537892118727036e+00 -6.748040804698085537e-01 3.634148477679142314e-02 -4.556805458974809474e-04
2.704536351034239505e+00 -6.561008928459378664e-01 5.386309930039716309e-02 1.814636437359800562e-04
2.747510025717575743e+00 -6.608111259702704743e-01 5.006169764460795257e-02 6.055039741615193209e-04
2.747510025717575743e+00 -6.608111259702704743e-01 5.006169764460795257e-02 6.055039741615193209e-04
2.774601061130169466e+00 -6.639805034691941277e-01 4.749694797516774980e-02 -7.420975719592043298e-04
2.839791846320358193e+00 -6.691900896397713350e-01 4.188526218082240515e-02 -2.074562004343048825e-04
2.757698012688879263e+00 -6.614746454270652443e-01 4.914883980267842345e-02 6.250091386114000193e-05
2.830718000335109341e+00 -6.686379820400545348e-01 4.272130016002988195e-02 2.390765654223858455e-05
2.774106127918102516e+00 -6.633159655571458924e-01 4.768739258714128210e-02 1.948588368319933322e-04
2.787589778972890731e+00 -6.648175870676016341e-01 4.642882332891787311e-02 -3.618223851294687684e-04
2.787589778972890731e+00 -6.648175870676016341e-01 4.642882332891787311e-02 -3.618223851294687684e-04
2.779608233891396551e+00 -6.636932417130539941e-01 4.720297510775748467e-02 -8.562135955739264763e-07
2.779608233891396551e+00 -6.636932417130539941e-01 4.720297510775748467e-02 -8.562135955739264763e-07
2.785876493074411986e+00 -6.644134157274101948e-01 4.664021362692459538e-02 3.496386876584560996e-05
2.802180458180743905e+00 -6.658855414140270046e-01 4.519814112744095780e-02 -1.007691182246383144e-04
2.790969225993395142e+00 -6.649899205754463694e-01 4.616325472908670846e-02 -1.921499161993116148e-04
2.790969225993395142e+00 -6.649899205754463694e-01 4.616325472908670846e-02 -1.921499161993116148e-04
2.790969225993395142e+00 -6.649899205754463694e-01 4.616325472908670846e-02 -1.921499161993116148e-04
2.790969225993395142e+00 -6.649899205754463694e-01 4.616325472908670846e-02 -1.921499161993116148e-04
2.790969225993395142e+00 -6.649899205754463694e-01 4.616325472908670846e-02 -1.921499161993116148e-04
2.795081759759194817e+00 -6.653581113541708891e-01 4.579721791889448945e-02 -1.854760013361562944e-04
2.789046007214694534e+00 -6.649100285782947317e-01 4.632389558853108880e-02 -1.710359100851123514e-04
2.789046007214694534e+00 -6.649100285782947317e-01 4.632389558853108880e-02 -1.710359100851123514e-04
2.789046007214694534e+00 -6.649100285782947317e-01 4.632389558853108880e-02 -1.710359100851123514e-04
2.789960668028719226e+00 -6.649462974863913356e-01 4.624780634250774680e-02 -8.640583283144460643e-05
2.789960668028719226e+00 -6.649462974863913356e-01 4.624780634250774680e-02 -8.640583283144460643e-05
2.789960668028719226e+00 -6.649462974863913356e-01 4.624780634250774680e-02 -8.640583283144460643e-05
2.789960668028719226e+00 -6.649462974863913356e-01 4.624780634250774680e-02 -8.640583283144460643e-05
2.791429310311819734e+00 -6.652878155240493641e-01 4.609343062227404253e-02 -1.215748503418238359e-04
2.791429310311819734e+00 -6.652878155240493641e-01 4.609343062227404253e-02 -1.215748503418238359e-04
2.791429310311819734e+00 -6.652878155240493641e-01 4.609343062227404253e-02 -1.215748503418238359e-04
2.791369850873381964e+00 -6.653256930742470487e-01 4.608164676530801529e-02 -6.648878832781274163e-05
2.791369850873381964e+00 -6.653256930742470487e-01 4.608164676530801529e-02 -6.648878832781274163e-05
2.780413786649964081e+00 -6.646632914617789378e-01 4.700550436338843396e-02 -1.110324919179012733e-04
2.793479694201785435e+00 -6.659719630186362593e-01 4.582140433058246032e-02 -2.176722280712231746e-04
2.785501275045257685e+00 -6.655465449078019624e-01 4.647690252463854144e-02 -7.679340379403973077e-05
2.785501275045257685e+00 -6.655465449078019624e-01 4.647690252463854144e-02 -7.679340379403973077e-05
2.773930695839837313e+00 -6.653988077761887610e-01 4.735176445258265643e-02 -3.245931349833795364e-04
2.790980506179078446e+00 -6.672752482369326277e-01 4.576374432331747899e-02 -3.956762101023110620e-04
2.762974300058406385e+00 -6.656353690369400944e-01 4.808869938348070416e-02 -3.158997243189832832e-04
2.769375201071676784e+00 -6.674550591123438181e-01 4.732830082837025110e-02 -4.255295380946836226e-04
2.769375201071676784e+00 -6.674550591123438181e-01 4.732830082837025110e-02 -4.255295380946836226e-04
2.766982921199126366e+00 -6.699784146173355381e-01 4.702404347313876576e-02 -6.941847593869538520e-04
2.766982921199126366e+00 -6.699784146173355381e-01 4.702404347313876576e-02 -6.941847593869538520e-04
2.753428846126032781e+00 -6.685755040279710570e-01 4.826566895311518168e-02 -2.554677795210515481e-04
2.746579308618423809e+00 -6.741812615441657996e-01 4.779970130185365318e-02 -8.864561721959140876e-04
2.716680587251943280e+00 -6.755865332172246163e-01 4.967404876718711781e-02 -1.012891520220436312e-03
2.757253260896352032e+00 -6.803872415888676528e-01 4.586968986387926495e-02 -8.384326719416293570e-04
2.696490659771310305e+00 -6.840910760490008791e-01 4.965874471824888170e-02 -8.565665891353661538e-04
2.696490659771310305e+00 -6.840910760490008791e-01 4.965874471824888170e-02 -8.565665891353661538e-04
2.663464560310092821e+00 -6.980967791817320744e-01 4.947902743763110678e-02 -1.414285014500461964e-03
2.683349982836666925e+00 -7.121689203089949238e-01 4.558406650979715535e-02 -1.462459439161436538e-03
2.683349982836666925e+00 -7.121689203089949238e-01 4.558406650979715535e-02 -1.462459439161436538e-03
2.585034681628219033e+00 -7.269711690115983060e-01 5.002723812071477316e-02 -1.065878661199066123e-03
2.585034681628219033e+00 -7.269711690115983060e-01 5.002723812071477316e-02 -1.065878661199066123e-03
2.520487697779058678e+00 -7.715050648287808954e-01 4.685029838408188985e-02 -1.927702432819330611e-03
2.541208944739558717e+00 -7.908988855800602735e-01 4.177148887062218097e-02 -1.254591116742765407e-03
2.301774943761742520e+00 -8.477383634490207598e-01 4.896180493203453055e-02 -1.771922392745515357e-03
2.301774943761742520e+00 -8.477383634490207598e-01 4.896180493203453055e-02 -1.771922392745515357e-03
2.149797760594599261e+00 -9.750370889445667544e-01 3.734411034385470840e-02 -2.330727997650062708e-03
2.000874275404576075e+00 -1.038618315397040526e+00 3.656834878695011670e-02 -9.093496280325828046e-04
1.554180779482338792e+00 -1.185620246257217403e+00 4.282361275111545851e-02 -1.996641143653076801e-03
1.554180779482338792e+00 -1.185620246257217403e+00 4.282361275111545851e-02 -1.996641143653076801e-03
8.803116996631041857e-01 -1.600237574744652669e+00 1.755425540737390322e-02 -2.265111363973738509e-03
8.803116996631041857e-01 -1.600237574744652669e+00 1.755425540737390322e-02 -2.265111363973738509e-03
-3.171320155765817717e-01 -2.059443814938851425e+00 2.238216918161965718e-02 -4.390858035984139367e-03
-9.723797202265296313e-01 -2.394985573393960898e+00 9.910851988391256029e-03 -2.604171553339826826e-03
-9.723797202265296313e-01 -2.394985573393960898e+00 9.910851988391256029e-03 -2.604171553339826826e-03
-9.723797202265296313e-01 -2.394985573393960898e+00 9.910851988391256029e-03 -2.604171553339826826e-03
-9.723797202265296313e-01 -2.394985573393960898e+00 9.910851988391256029e-03 -2.604171553339826826e-03
-9.723797202265296313e-01 -2.394985573393960898e+00 9.910851988391256029e-03 -2.604171553339826826e-03
-9.723797202265296313e-01 -2.394985573393960898e+00 9.910851988391256029e-03 -2.604171553339826826e-03
-9.816079528971468626e-01 -2.486546412683696694e+00 -5.966705220511294219e-03 -8.459545503983704334e-04
-9.816079528971468626e-01 -2.486546412683696694e+00 -5.966705220511294219e-03 -8.459545503983704334e-04
-2.100659677651117274e+00 -2.933109661234942322e+00 -4.518596496983052525e-03 -1.196300043810574060e-03
-9.609507298081898519e-01 -2.389022625682327483e+00 9.983382762176567365e-03 -6.365840949521433048e-04
-9.609507298081898519e-01 -2.389022625682327483e+00 9.983382762176567365e-03 -6.365840949521433048e-04
-9.609507298081898519e-01 -2.389022625682327483e+00 9.983382762176567365e-03 -6.365840949521433048e-04
-9.609507298081898519e-01 -2.389022625682327483e+00 9.983382762176567365e-03 -6.365840949521433048e-04
-9.609507298081898519e-01 -2.389022625682327483e+00 9.983382762176567365e-03 -6.365840949521433048e-04
-1.471205057461550947e+00 -2.579970657873069229e+00 1.298949253523022478e-02 -9.983463609106013169e-04
-1.471205057461550947e+00 -2.579970657873069229e+00 1.298949253523022478e-02 -9.983463609106013169e-04
-1.471205057461550947e+00 -2.579970657873069229e+00 1.298949253523022478e-02 -9.983463609106013169e-04
-1.257564194835464111e+00 -2.502358044699357187e+00 1.128798454154593053e-02 5.925809699320228226e-05
-1.257564194835464111e+00 -2.502358044699357187e+00 1.128798454154593053e-02 5.925809699320228226e-05
-1.257564194835464111e+00 -2.502358044699357187e+00 1.128798454154593053e-02 5.925809699320228226e-05
-1.257564194835464111e+00 -2.502358044699357187e+00 1.128798454154593053e-02 5.925809699320228226e-05
-1.257564194835464111e+00 -2.502358044699357187e+00 1.128798454154593053e-02 5.925809699320228226e-05
-1.257564194835464111e+00 -2.502358044699357187e+00 1.128798454154593053e-02 5.925809699320228226e-05
-1.257564194835464111e+00 -2.502358044699357187e+00 1.128798454154593053e-02 5.925809699320228226e-05
-1.454303467347023204e+00 -2.560160660788114217e+00 1.527385927269829871e-02 -2.880084894813980927e-04
-1.399442543273270445e+00 -2.549105912842759114e+00 1.326981193903515460e-02 -2.840853255181567021e-04
-1.399442543273270445e+00 -2.549105912842759114e+00 1.326981193903515460e-02 -2.840853255181567021e-04
-1.268599637374604683e+00 -2.484087407647682433e+00 1.538918741663710191e-02 -1.201689225445230118e-04
-1.303372381417662984e+00 -2.512283677355285683e+00 1.285478829140380107e-02 -2.880750010644457548e-05
-1.382875631932272587e+00 -2.535200362470560798e+00 1.454534178431817273e-02 -1.700406696718755615e-04
-1.306474586252001080e+00 -2.507826299422687200e+00 1.388414594726234547e-02 3.699737212973105386e-05
-1.357386551258702889e+00 -2.529477674783406904e+00 1.371908889947025430e-02 -1.772951277832173595e-04
-1.357386551258702889e+00 -2.529477674783406904e+00 1.371908889947025430e-02 -1.772951277832173595e-04
-1.329027175999883070e+00 -2.520173855941991725e+00 1.331242474178348512e-02 -6.158296081447575904e-05
-1.362047744265639349e+00 -2.529753885183557927e+00 1.400358685792383630e-02 -1.186423319900162818e-04
-1.330793866177208518e+00 -2.518807801879730413e+00 1.368791905322860880e-02 -3.457827410418138264e-05
-1.330793866177208518e+00 -2.518807801879730413e+00 1.368791905322860880e-02 -3.457827410418138264e-05
-1.330793866177208518e+00 -2.518807801879730413e+00 1.368791905322860880e-02 -3.457827410418138264e-05
-1.330793866177208518e+00 -2.518807801879730413e+00 1.368791905322860880e-02 -3.457827410418138264e-05
-1.330793866177208518e+00 -2.518807801879730413e+00 1.368791905322860880e-02 -3.457827410418138264e-05
-1.355934963051701914e+00 -2.527555485916249012e+00 1.394797324112227038e-02 -1.345198472894438646e-05
-1.355934963051701914e+00 -2.527555485916249012e+00 1.394797324112227038e-02 -1.345198472894438646e-05
-1.355934963051701914e+00 -2.527555485916249012e+00 1.394797324112227038e-02 -1.345198472894438646e-05
-1.355934963051701914e+00 -2.527555485916249012e+00 1.394797324112227038e-02 -1.345198472894438646e-05
-1.340284421455576469e+00 -2.521434154626506441e+00 1.390884777129549818e-02 -4.862639321078265138e-05
-1.340284421455576469e+00 -2.521434154626506441e+00 1.390884777129549818e-02 -4.862639321078265138e-05
-1.340284421455576469e+00 -2.521434154626506441e+00 1.390884777129549818e-02 -4.862639321078265138e-05
-1.347230015623018140e+00 -2.521066629685792648e+00 1.448436731046817520e-02 -6.146488547562104193e-05
-1.347230015623018140e+00 -2.521066629685792648e+00 1.448436731046817520e-02 -6.146488547562104193e-05
-1.349224338826531477e+00 -2.524337611608844512e+00 1.403777476628943234e-02 -2.163866452895790119e-05
-1.338472469275296506e+00 -2.519140155019972127e+00 1.418789105198819435e-02 -2.730112367820583487e-05
-1.338472469275296506e+00 -2.519140155019972127e+00 1.418789105198819435e-02 -2.730112367820583487e-05
-1.351389752148135726e+00 -2.523014187575885359e+00 1.443453399669651291e-02 -1.236216433709460649e-05
-1.351389752148135726e+00 -2.523014187575885359e+00 1.443453399669651291e-02 -1.236216433709460649e-05
-1.343179546748100472e+00 -2.521093449464995473e+00 1.417885186199103510e-02 8.534644063326319289e-06
-1.337831298845932437e+00 -2.516997886461524558e+00 1.452307021900886563e-02 1.856916623471412939e-05
-1.338912507265479501e+00 -2.515767347799542364e+00 1.482807576420429492e-02 -3.130742735563700658e-05
-1.338912507265479501e+00 -2.515767347799542364e+00 1.482807576420429492e-02 -3.130742735563700658e-05
-1.338912507265479501e+00 -2.515767347799542364e+00 1.482807576420429492e-02 -3.130742735563700658e-05
-1.337269604151342550e+00 -2.512900316904016940e+00 1.522109494882868848e-02 4.736234365279614581e-07
-1.342465019454476494e+00 -2.517347086441880766e+00 1.480051414716932606e-02 9.443107172352160331e-06
-1.342465019454476494e+00 -2.517347086441880766e+00 1.480051414716932606e-02 9.443107172352160331e-06
-1.342465019454476494e+00 -2.517347086441880766e+00 1.480051414716932606e-02 9.443107172352160331e-06
-1.340907262780216769e+00 -2.515078187252804298e+00 1.509262034902277873e-02 3.110819921586514586e-05
-1.340907262780216769e+00 -2.515078187252804298e+00 1.509262034902277873e-02 3.110819921586514586e-05
-1.340907262780216769e+00 -2.515078187252804298e+00 1.509262034902277873e-02 3.110819921586514586e-05
-1.340907262780216769e+00 -2.515078187252804298e+00 1.509262034902277873e-02 3.110819921586514586e-05
-1.340907262780216769e+00 -2.515078187252804298e+00 1.509262034902277873e-02 3.110819921586514586e-05
-1.338756297152958963e+00 -2.514951508117104328e+00 1.495787580590678123e-02 3.840772450955861630e-05
-1.338519060147142836e+00 -2.513801425262363054e+00 1.514704312162038456e-02 4.167930841739204707e-05
-1.340398283737338270e+00 -2.514790244385915585e+00 1.510722715810028718e-02 3.511572868381066377e-05
-1.340398283737338270e+00 -2.514790244385915585e+00 1.510722715810028718e-02 3.511572868381066377e-05
-1.340398283737338270e+00 -2.514790244385915585e+00 1.510722715810028718e-02 3.511572868381066377e-05
-1.339839740119454170e+00 -2.514621162084662576e+00 1.509537388374035914e-02 5.228998237637472608e-05
-1.339839740119454170e+00 -2.514621162084662576e+00 1.509537388374035914e-02 5.228998237637472608e-05
-1.339839740119454170e+00 -2.514621162084662576e+00 1.509537388374035914e-02 5.228998237637472608e-05
-1.339839740119454170e+00 -2.514621162084662576e+00 1.509537388374035914e-02 5.228998237637472608e-05
-1.339985943918688527e+00 -2.514771905618316428e+00 1.507988797270998910e-02 4.142541168959101150e-05
-1.339985943918688527e+00 -2.514771905618316428e+00 1.507988797270998910e-02 4.142541168959101150e-05
-1.339985943918688527e+00 -2.514771905618316428e+00 1.507988797270998910e-02 4.142541168959101150e-05
-1.339985943918688527e+00 -2.514771905618316428e+00 1.507988797270998910e-02 4.142541168959101150e-05
-1.340078229882549543e+00 -2.514887334816521491e+00 1.506551379737492563e-02 4.555992781821119211e-05
-1.340078229882549543e+00 -2.514887334816521491e+00 1.506551379737492563e-02 4.555992781821119211e-05
-1.339809744317647766e+00 -2.514521903050262797e+00 1.511154630577162677e-02 4.546069978975298851e-05
-1.339809744317647766e+00 -2.514521903050262797e+00 1.511154630577162677e-02 4.546069978975298851e-05
-1.339809744317647766e+00 -2.514521903050262797e+00 1.511154630577162677e-02 4.546069978975298851e-05
-1.339809744317647766e+00 -2.514521903050262797e+00 1.511154630577162677e-02 4.546069978975298851e-05
-1.339809744317647766e+00 -2.514521903050262797e+00 1.511154630577162677e-02 4.546069978975298851e-05
-1.339954197823793436e+00 -2.514656969055762303e+00 1.509760563447185705e-02 4.816177114460151851e-05
-1.339954197823793436e+00 -2.514656969055762303e+00 1.509760563447185705e-02 4.816177114460151851e-05
-1.339913923514846061e+00 -2.514676314143845737e+00 1.509124489544914731e-02 4.751032748669883497e-05
-1.339995152137693601e+00 -2.514762063179247775e+00 1.508189378731075725e-02 4.611646466717740634e-05
-1.339995152137693601e+00 -2.514762063179247775e+00 1.508189378731075725e-02 4.611646466717740634e-05
-1.339995152137693601e+00 -2.514762063179247775e+00 1.508189378731075725e-02 4.611646466717740634e-05
-1.339995152137693601e+00 -2.514762063179247775e+00 1.508189378731075725e-02 4.611646466717740634e-05
-1.339995152137693601e+00 -2.514762063179247775e+00 1.508189378731075725e-02 4.611646466717740634e-05
-1.339995152137693601e+00 -2.514762063179247775e+00 1.508189378731075725e-02 4.611646466717740634e-05
-1.339995152137693601e+00 -2.514762063179247775e+00 1.508189378731075725e-02 4.611646466717740634e-05
