-2.474253078014729823e-01 7.572815450478838084e-01 -4.568393679338769164e-01 4.180204344612945544e-01
-2.567037568440282413e-01 7.856796029871793152e-01 -4.739708442313972370e-01 3.762183910151650768e-01
-2.567037568440282413e-01 7.856796029871793152e-01 -4.739708442313972370e-01 3.762183910151650768e-01
-2.567037568440282413e-01 7.856796029871793152e-01 -4.739708442313972370e-01 3.762183910151650768e-01
-2.839592009065343703e-01 7.626061809115016743e-01 -4.814658651115624188e-01 3.474794861459509221e-01
-2.773386409126278318e-01 7.665996578092149072e-01 -4.999357379948263791e-01 2.945737749094432534e-01
-2.773386409126278318e-01 7.665996578092149072e-01 -4.999357379948263791e-01 2.945737749094432534e-01
-2.981124600905886712e-01 8.196056682987724606e-01 -5.442701248975890804e-01 2.193790834760734887e-01
-3.430866610893418267e-01 7.929871110604258533e-01 -5.541658946534322450e-01 1.226506245448194532e-01
-3.430866610893418267e-01 7.929871110604258533e-01 -5.541658946534322450e-01 1.226506245448194532e-01
-3.611899435932095503e-01 7.987052014621427443e-01 -6.617189563267134034e-01 -4.062585069535762372e-02
-3.611899435932095503e-01 7.987052014621427443e-01 -6.617189563267134034e-01 -4.062585069535762372e-02
-3.611899435932095503e-01 7.987052014621427443e-01 -6.617189563267134034e-01 -4.062585069535762372e-02
-3.611899435932095503e-01 7.987052014621427443e-01 -6.617189563267134034e-01 -4.062585069535762372e-02
-3.684268718093119954e-01 8.054918498968818286e-01 -6.154881753912186948e-01 9.734765042398868529e-04
-3.684268718093119954e-01 8.054918498968818286e-01 -6.154881753912186948e-01 9.734765042398868529e-04
-3.684268718093119954e-01 8.054918498968818286e-01 -6.154881753912186948e-01 9.734765042398868529e-04
-3.684268718093119954e-01 8.054918498968818286e-01 -6.154881753912186948e-01 9.734765042398868529e-04
-3.684268718093119954e-01 8.054918498968818286e-01 -6.154881753912186948e-01 9.734765042398868529e-04
-3.684268718093119954e-01 8.054918498968818286e-01 -6.154881753912186948e-01 9.734765042398868529e-04
-3.684268718093119954e-01 8.054918498968818286e-01 -6.154881753912186948e-01 9.734765042398868529e-04
-3.684268718093119954e-01 8.054918498968818286e-01 -6.154881753912186948e-01 9.734765042398868529e-04
-3.684268718093119954e-01 8.054918498968818286e-01 -6.154881753912186948e-01 9.734765042398868529e-04
-3.684268718093119954e-01 8.054918498968818286e-01 -6.154881753912186948e-01 9.734765042398868529e-04
-3.898643401980010914e-01 8.375479845520521494e-01 -5.861116341320429246e-01 -1.157152206408143535e-02
-3.898643401980010914e-01 8.375479845520521494e-01 -5.861116341320429246e-01 -1.157152206408143535e-02
-3.898643401980010914e-01 8.375479845520521494e-01 -5.861116341320429246e-01 -1.157152206408143535e-02
-3.845674616339687102e-01 8.139653926366718917e-01 -5.893115102186010645e-01 -7.960310137688284340e-03
-4.055122143209790586e-01 8.678271878051428967e-01 -5.414124197159773111e-01 1.482962812134380574e-03
-4.055122143209790586e-01 8.678271878051428967e-01 -5.414124197159773111e-01 1.482962812134380574e-03
-4.055122143209790586e-01 8.678271878051428967e-01 -5.414124197159773111e-01 1.482962812134380574e-03
-4.171789460723898113e-01 8.427754092863031232e-01 -5.121675282708024746e-01 1.442102025046691424e-02
-4.522313165292703996e-01 9.115481056042868957e-01 -4.479097896368369192e-01 2.398459418879701072e-02
-4.861848752486638281e-01 9.337049637647207856e-01 -3.869748607556970921e-01 1.393536173989301172e-02
-4.861848752486638281e-01 9.337049637647207856e-01 -3.869748607556970921e-01 1.393536173989301172e-02
-4.861848752486638281e-01 9.337049637647207856e-01 -3.869748607556970921e-01 1.393536173989301172e-02
-4.861848752486638281e-01 9.337049637647207856e-01 -3.869748607556970921e-01 1.393536173989301172e-02
-4.861848752486638281e-01 9.337049637647207856e-01 -3.869748607556970921e-01 1.393536173989301172e-02
-4.861848752486638281e-01 9.337049637647207856e-01 -3.869748607556970921e-01 1.393536173989301172e-02
-5.603902733610690579e-01 9.683817964124843414e-01 -2.777235265284607735e-01 -7.404133835767170990e-03
-5.603902733610690579e-01 9.683817964124843414e-01 -2.777235265284607735e-01 -7.404133835767170990e-03
-6.772299400939318925e-01 1.138163318831571402e+00 -2.654133719106999134e-02 2.668220097000120750e-02
-6.044796387668108784e-01 1.014083602875064827e+00 -1.787598103302567298e-01 -1.360229328774595348e-03
-7.144052194637716680e-01 1.112681442832334389e+00 2.145040612341309050e-02 8.637685340971895664e-03
-7.144052194637716680e-01 1.112681442832334389e+00 2.145040612341309050e-02 8.637685340971895664e-03
-7.144052194637716680e-01 1.112681442832334389e+00 2.145040612341309050e-02 8.637685340971895664e-03
-7.144052194637716680e-01 1.112681442832334389e+00 2.145040612341309050e-02 8.637685340971895664e-03
-7.144052194637716680e-01 1.112681442832334389e+00 2.145040612341309050e-02 8.637685340971895664e-03
-7.144052194637716680e-01 1.112681442832334389e+00 2.145040612341309050e-02 8.637685340971895664e-03
-6.589022499214423068e-01 1.073302205336362336e+00 -7.961463048771258433e-02 5.699027506997690097e-04
-7.087147862681166810e-01 1.129614799091152033e+00 6.277358835799224344e-03 -3.910180284720976909e-03
-7.087147862681166810e-01 1.129614799091152033e+00 6.277358835799224344e-03 -3.910180284720976909e-03
-7.087147862681166810e-01 1.129614799091152033e+00 6.277358835799224344e-03 -3.910180284720976909e-03
-7.113972365832654798e-01 1.115988432008507836e+00 1.518220683017497061e-02 3.626667644814627993e-03
-6.902076251448286959e-01 1.101634591594540247e+00 -2.350070681065192374e-02 -2.512803855707812419e-05
-6.902076251448286959e-01 1.101634591594540247e+00 -2.350070681065192374e-02 -2.512803855707812419e-05
-6.902076251448286959e-01 1.101634591594540247e+00 -2.350070681065192374e-02 -2.512803855707812419e-05
-7.054040443220163104e-01 1.122357073494369306e+00 2.599182705481361492e-03 -8.782858689625359580e-04
-7.054040443220163104e-01 1.122357073494369306e+00 2.599182705481361492e-03 -8.782858689625359580e-04
-7.054040443220163104e-01 1.122357073494369306e+00 2.599182705481361492e-03 -8.782858689625359580e-04
-7.054040443220163104e-01 1.122357073494369306e+00 2.599182705481361492e-03 -8.782858689625359580e-04
-7.051397583794063451e-01 1.120963290281097535e+00 4.389856519810480390e-03 8.724939808600312274e-04
-7.051397583794063451e-01 1.120963290281097535e+00 4.389856519810480390e-03 8.724939808600312274e-04
-7.004364173621033807e-01 1.120260109521297176e+00 -4.493265148518671079e-03 7.863335069396590413e-04
-7.063882746743330721e-01 1.128453869988850444e+00 6.044425135385320114e-03 3.140066721779868029e-04
-6.999636049996225129e-01 1.120089851019381300e+00 -5.584140832646419285e-03 -1.087448200846518535e-04
-7.041930290879412357e-01 1.122399426848512904e+00 1.344200811994519622e-03 -2.061317669946398335e-04
-7.041930290879412357e-01 1.122399426848512904e+00 1.344200811994519622e-03 -2.061317669946398335e-04
-7.017298370396383156e-01 1.121962895289768891e+00 -2.421474531489496360e-03 3.753457461802123100e-04
-7.041234609914164277e-01 1.125248403686160081e+00 1.789133152103146961e-03 1.468497130496543724e-04
-7.014311081530353320e-01 1.121711213284772857e+00 -3.103490583819026958e-03 -3.257671643987667759e-05
-7.014311081530353320e-01 1.121711213284772857e+00 -3.103490583819026958e-03 -3.257671643987667759e-05
-7.035308902581342005e-01 1.122557701604143032e+00 4.560470602177478408e-04 -6.433336734407675626e-06
-7.035308902581342005e-01 1.122557701604143032e+00 4.560470602177478408e-04 -6.433336734407675626e-06
-7.035308902581342005e-01 1.122557701604143032e+00 4.560470602177478408e-04 -6.433336734407675626e-06
-7.035308902581342005e-01 1.122557701604143032e+00 4.560470602177478408e-04 -6.433336734407675626e-06
-7.032993833620109214e-01 1.121679424170979766e+00 1.897721269131949582e-04 1.925447210328282838e-04
-7.032993833620109214e-01 1.121679424170979766e+00 1.897721269131949582e-04 1.925447210328282838e-04
-7.020351851567112611e-01 1.120577429910701639e+00 -2.120155438957369021e-03 7.903573490358151653e-05
-7.020351851567112611e-01 1.120577429910701639e+00 -2.120155438957369021e-03 7.903573490358151653e-05
-7.023889053942640182e-01 1.120937532810756476e+00 -1.590027529194719663e-03 3.722044768264586370e-05
-7.017894911485619280e-01 1.119160008869135359e+00 -2.615849701792311716e-03 1.209373053804550791e-04
-7.027910505059984381e-01 1.120954212791078985e+00 -7.957673255252318374e-04 1.159474257213793388e-04
-7.027910505059984381e-01 1.120954212791078985e+00 -7.957673255252318374e-04 1.159474257213793388e-04
-7.030948825801170976e-01 1.119877079837900968e+00 -4.782892047610750805e-04 5.069201256684266249e-05
-7.029169249944011710e-01 1.118361534308149885e+00 -7.047412809611406856e-04 1.444262606718615537e-04
-7.029169249944011710e-01 1.118361534308149885e+00 -7.047412809611406856e-04 1.444262606718615537e-04
-7.029169249944011710e-01 1.118361534308149885e+00 -7.047412809611406856e-04 1.444262606718615537e-04
-7.028975559571009057e-01 1.115684303313289494e+00 -1.001485876374401092e-03 1.402768526819816325e-04
-7.028975559571009057e-01 1.115684303313289494e+00 -1.001485876374401092e-03 1.402768526819816325e-04
-7.028975559571009057e-01 1.115684303313289494e+00 -1.001485876374401092e-03 1.402768526819816325e-04
-7.033576759464530426e-01 1.110804859928130384e+00 -3.354181744892625362e-04 2.764780236573067770e-04
-7.040441543319237994e-01 1.108168445202617924e+00 3.944783077647773945e-04 1.880483496863530205e-04
-7.029432322734092686e-01 1.104383728322181568e+00 -1.668803690132628081e-03 1.547575246566217999e-04
-7.029432322734092686e-01 1.104383728322181568e+00 -1.668803690132628081e-03 1.547575246566217999e-04
-7.044616014009350558e-01 1.088483424562243229e+00 8.777694550809837792e-05 4.307314973132737933e-04
-7.043693055130928471e-01 1.081501234808146084e+00 -9.269621182641581570e-04 2.740192606045989019e-04
-7.043693055130928471e-01 1.081501234808146084e+00 -9.269621182641581570e-04 2.740192606045989019e-04
-7.048006386341127971e-01 1.059980547370740656e+00 -1.583590732444640917e-03 2.911289507479853126e-04
-7.048006386341127971e-01 1.059980547370740656e+00 -1.583590732444640917e-03 2.911289507479853126e-04
-7.048053776545222249e-01 1.027737053094435637e+00 -4.100853912207250498e-03 2.768206360788963644e-04
-7.076850833249692663e-01 1.003933913754600393e+00 -1.169847333258648876e-03 2.287006690376099018e-04
-7.084496913830111708e-01 9.438997921009848469e-01 -3.738882005858268093e-03 4.591811595909931105e-04
-7.084496913830111708e-01 9.438997921009848469e-01 -3.738882005858268093e-03 4.591811595909931105e-04
-7.115366559283891057e-01 8.368850882888758669e-01 -7.110358958563467099e-03 2.024737389286384356e-04
-7.165756365929705218e-01 7.582331032373161861e-01 -4.332961383805409086e-03 1.753301954041229125e-04
-7.165756365929705218e-01 7.582331032373161861e-01 -4.332961383805409086e-03 1.753301954041229125e-04
-7.235973117284255629e-01 5.322472163259677203e-01 -8.575160674399033220e-03 6.374723464490498256e-04
-7.325461613540973360e-01 2.694898371403118276e-01 -1.411221362398040052e-02 1.604119579456508154e-05
-7.421293613326227501e-01 5.797280640310664701e-02 -1.262065071763270041e-02 3.896316297687193618e-04
-7.432064475936837056e-01 5.995099428246886131e-02 -1.105233736908076483e-02 3.786426111879715416e-04
-7.432064475936837056e-01 5.995099428246886131e-02 -1.105233736908076483e-02 3.786426111879715416e-04
-7.432064475936837056e-01 5.995099428246886131e-02 -1.105233736908076483e-02 3.786426111879715416e-04
-7.432064475936837056e-01 5.995099428246886131e-02 -1.105233736908076483e-02 3.786426111879715416e-04
-7.432064475936837056e-01 5.995099428246886131e-02 -1.105233736908076483e-02 3.786426111879715416e-04
-7.432064475936837056e-01 5.995099428246886131e-02 -1.105233736908076483e-02 3.786426111879715416e-04
-7.394469554513767307e-01 2.328456556132213473e-01 -4.388105272742998109e-03 5.936530590830641548e-04
-7.394469554513767307e-01 2.328456556132213473e-01 -4.388105272742998109e-03 5.936530590830641548e-04
-7.394469554513767307e-01 2.328456556132213473e-01 -4.388105272742998109e-03 5.936530590830641548e-04
-7.419740997677766181e-01 1.602343786399287318e-01 -6.381953285868973563e-03 2.978510661013221341e-04
-7.419740997677766181e-01 1.602343786399287318e-01 -6.381953285868973563e-03 2.978510661013221341e-04
-7.472244355262889215e-01 1.401503839364717230e-01 6.229700944600548296e-04 1.993086675839582031e-04
-7.472244355262889215e-01 1.401503839364717230e-01 6.229700944600548296e-04 1.993086675839582031e-04
-7.472244355262889215e-01 1.401503839364717230e-01 6.229700944600548296e-04 1.993086675839582031e-04
-7.472244355262889215e-01 1.401503839364717230e-01 6.229700944600548296e-04 1.993086675839582031e-04
-7.472244355262889215e-01 1.401503839364717230e-01 6.229700944600548296e-04 1.993086675839582031e-04
-7.472244355262889215e-01 1.401503839364717230e-01 6.229700944600548296e-04 1.993086675839582031e-04
-7.472244355262889215e-01 1.401503839364717230e-01 6.229700944600548296e-04 1.993086675839582031e-04
-7.472244355262889215e-01 1.401503839364717230e-01 6.229700944600548296e-04 1.993086675839582031e-04
-7.472244355262889215e-01 1.401503839364717230e-01 6.229700944600548296e-04 1.993086675839582031e-04
-7.472244355262889215e-01 1.401503839364717230e-01 6.229700944600548296e-04 1.993086675839582031e-04
-7.457737639449828482e-01 1.725995740344002660e-01 1.159885859844545647e-04 8.732327643739271538e-05
-7.480013335316448853e-01 9.649479844598982115e-02 -1.851813194267525140e-03 -2.011826929372720281e-05
-7.478641687556977224e-01 1.035134027911905619e-01 -1.455653397933987523e-03 6.001766880363319367e-05
-7.478641687556977224e-01 1.035134027911905619e-01 -1.455653397933987523e-03 6.001766880363319367e-05
-7.476736897306559548e-01 1.136215303809607335e-01 -1.354448649948076112e-03 -4.670163902210196975e-05
-7.468863418603006732e-01 1.401597723435857312e-01 -4.734648957386886721e-04 4.455942204288522982e-05
-7.468863418603006732e-01 1.401597723435857312e-01 -4.734648957386886721e-04 4.455942204288522982e-05
-7.468863418603006732e-01 1.401597723435857312e-01 -4.734648957386886721e-04 4.455942204288522982e-05
-7.468863418603006732e-01 1.401597723435857312e-01 -4.734648957386886721e-04 4.455942204288522982e-05
-7.468863418603006732e-01 1.401597723435857312e-01 -4.734648957386886721e-04 4.455942204288522982e-05
-7.468863418603006732e-01 1.401597723435857312e-01 -4.734648957386886721e-04 4.455942204288522982e-05
-7.468863418603006732e-01 1.401597723435857312e-01 -4.734648957386886721e-04 4.455942204288522982e-05
-7.468863418603006732e-01 1.401597723435857312e-01 -4.734648957386886721e-04 4.455942204288522982e-05
-7.468863418603006732e-01 1.401597723435857312e-01 -4.734648957386886721e-04 4.455942204288522982e-05
-7.468863418603006732e-01 1.401597723435857312e-01 -4.734648957386886721e-04 4.455942204288522982e-05
-7.465495192519762124e-01 1.410527103695551898e-01 -1.045320917225070825e-03 1.654548034240870300e-05
-7.465495192519762124e-01 1.410527103695551898e-01 -1.045320917225070825e-03 1.654548034240870300e-05
-7.465495192519762124e-01 1.410527103695551898e-01 -1.045320917225070825e-03 1.654548034240870300e-05
-7.467990162185028646e-01 1.363080575029593788e-01 -8.888734349395519159e-04 3.327444522543954435e-05
-7.467990162185028646e-01 1.363080575029593788e-01 -8.888734349395519159e-04 3.327444522543954435e-05
-7.467990162185028646e-01 1.363080575029593788e-01 -8.888734349395519159e-04 3.327444522543954435e-05
-7.467990162185028646e-01 1.363080575029593788e-01 -8.888734349395519159e-04 3.327444522543954435e-05
-7.466137778181197726e-01 1.390822046609754836e-01 -1.077052049768021519e-03 1.245054904849616956e-05
-7.466137778181197726e-01 1.390822046609754836e-01 -1.077052049768021519e-03 1.245054904849616956e-05
-7.466137778181197726e-01 1.390822046609754836e-01 -1.077052049768021519e-03 1.245054904849616956e-05
-7.467376526212905485e-01 1.381017276237372360e-01 -8.665334521975906305e-04 2.616624958889874280e-05
-7.467376526212905485e-01 1.381017276237372360e-01 -8.665334521975906305e-04 2.616624958889874280e-05
-7.467376526212905485e-01 1.381017276237372360e-01 -8.665334521975906305e-04 2.616624958889874280e-05
-7.467376526212905485e-01 1.381017276237372360e-01 -8.665334521975906305e-04 2.616624958889874280e-05
-7.467376526212905485e-01 1.381017276237372360e-01 -8.665334521975906305e-04 2.616624958889874280e-05
-7.467376526212905485e-01 1.381017276237372360e-01 -8.665334521975906305e-04 2.616624958889874280e-05
-7.467376526212905485e-01 1.381017276237372360e-01 -8.665334521975906305e-04 2.616624958889874280e-05
-7.467204616451638133e-01 1.394384848102830088e-01 -7.702537645651024584e-04 3.109441287821078446e-05
-7.467204616451638133e-01 1.394384848102830088e-01 -7.702537645651024584e-04 3.109441287821078446e-05
-7.467204616451638133e-01 1.394384848102830088e-01 -7.702537645651024584e-04 3.109441287821078446e-05
-7.466910810767202200e-01 1.392920258592144078e-01 -8.640684489531447968e-04 2.288980162744670471e-05
-7.466910810767202200e-01 1.392920258592144078e-01 -8.640684489531447968e-04 2.288980162744670471e-05
-7.467157877028918200e-01 1.388545262191446250e-01 -8.282556584977029436e-04 2.313306101672008865e-05
-7.467157877028918200e-01 1.388545262191446250e-01 -8.282556584977029436e-04 2.313306101672008865e-05
-7.467157877028918200e-01 1.388545262191446250e-01 -8.282556584977029436e-04 2.313306101672008865e-05
-7.467157877028918200e-01 1.388545262191446250e-01 -8.282556584977029436e-04 2.313306101672008865e-05
-7.467157877028918200e-01 1.388545262191446250e-01 -8.282556584977029436e-04 2.313306101672008865e-05
-7.467157877028918200e-01 1.388545262191446250e-01 -8.282556584977029436e-04 2.313306101672008865e-05
-7.467157877028918200e-01 1.388545262191446250e-01 -8.282556584977029436e-04 2.313306101672008865e-05
-7.467566721894769444e-01 1.383735378182117115e-01 -7.582111105345064155e-04 2.335315357907021537e-05
-7.467566721894769444e-01 1.383735378182117115e-01 -7.582111105345064155e-04 2.335315357907021537e-05
-7.467566721894769444e-01 1.383735378182117115e-01 -7.582111105345064155e-04 2.335315357907021537e-05
-7.467789578195278555e-01 1.387695935089586219e-01 -6.623119121850233257e-04 2.159291904939349968e-05
-7.467789578195278555e-01 1.387695935089586219e-01 -6.623119121850233257e-04 2.159291904939349968e-05
-7.467848523907227865e-01 1.384373945617322077e-01 -6.556966589145632029e-04 1.435616945230766398e-05
-7.467848523907227865e-01 1.384373945617322077e-01 -6.556966589145632029e-04 1.435616945230766398e-05
-7.467848523907227865e-01 1.384373945617322077e-01 -6.556966589145632029e-04 1.435616945230766398e-05
-7.468134364548135729e-01 1.379901901285212062e-01 -6.184696622263032711e-04 -4.674961120786225849e-06
-7.468501374572626972e-01 1.377735767300372616e-01 -5.296404441500293138e-04 -5.292195227248961266e-08
-7.468196791521972688e-01 1.385046510023426602e-01 -5.198320605561248045e-04 -1.284056467544959006e-05
-7.468196791521972688e-01 1.385046510023426602e-01 -5.198320605561248045e-04 -1.284056467544959006e-05
-7.468196791521972688e-01 1.385046510023426602e-01 -5.198320605561248045e-04 -1.284056467544959006e-05
-7.468196791521972688e-01 1.385046510023426602e-01 -5.198320605561248045e-04 -1.284056467544959006e-05
-7.468276555731305777e-01 1.388690309939151213e-01 -4.661230177512606758e-04 -9.229062655201123765e-06
-7.468276555731305777e-01 1.388690309939151213e-01 -4.661230177512606758e-04 -9.229062655201123765e-06
-7.468210215591377654e-01 1.390457389782447650e-01 -4.612629302078641216e-04 -2.068098219155833887e-06
-7.468210215591377654e-01 1.390457389782447650e-01 -4.612629302078641216e-04 -2.068098219155833887e-06
-7.468210215591377654e-01 1.390457389782447650e-01 -4.612629302078641216e-04 -2.068098219155833887e-06
-7.468210215591377654e-01 1.390457389782447650e-01 -4.612629302078641216e-04 -2.068098219155833887e-06
-7.468299205906323568e-01 1.388874844563791622e-01 -4.461136343219619703e-04 -1.005773855331375016e-05
-7.468333458623197529e-01 1.386812997948275172e-01 -4.484609528204162344e-04 -2.984259859740259925e-06
-7.468333458623197529e-01 1.386812997948275172e-01 -4.484609528204162344e-04 -2.984259859740259925e-06
-7.468333458623197529e-01 1.386812997948275172e-01 -4.484609528204162344e-04 -2.984259859740259925e-06
-7.468322423920912279e-01 1.387277984711517975e-01 -4.241648151480695815e-04 -1.090344554205091251e-05
-7.468161856801960319e-01 1.389245430259624658e-01 -4.380017925394545653e-04 4.441554884712048287e-06
-7.468161856801960319e-01 1.389245430259624658e-01 -4.380017925394545653e-04 4.441554884712048287e-06
-7.468161856801960319e-01 1.389245430259624658e-01 -4.380017925394545653e-04 4.441554884712048287e-06
-7.468177227781898075e-01 1.385827739234550826e-01 -4.074932805107206457e-04 -5.915956381378897151e-06
-7.468177227781898075e-01 1.385827739234550826e-01 -4.074932805107206457e-04 -5.915956381378897151e-06
-7.468177227781898075e-01 1.385827739234550826e-01 -4.074932805107206457e-04 -5.915956381378897151e-06
-7.467736407081075889e-01 1.392042950084299013e-01 -4.225343189729257806e-04 1.325340608755652244e-05
-7.467900092178774152e-01 1.383513080087219738e-01 -3.637430250875519668e-04 7.057886774184099536e-06
-7.467900092178774152e-01 1.383513080087219738e-01 -3.637430250875519668e-04 7.057886774184099536e-06
-7.467311960736680021e-01 1.389766699218668022e-01 -3.881399953728627110e-04 -1.630786233284948713e-06
-7.467311960736680021e-01 1.389766699218668022e-01 -3.881399953728627110e-04 -1.630786233284948713e-06
-7.467237569826301602e-01 1.381098008209525885e-01 -2.504232270326490258e-04 -4.306243497610013732e-06
-7.466557557128075118e-01 1.381321325016087176e-01 -3.133706996938760703e-04 2.622231387326674030e-06
-7.465445747286216793e-01 1.390604868188611842e-01 -2.535152858801413382e-04 -2.930353034298159435e-06
-7.465445747286216793e-01 1.390604868188611842e-01 -2.535152858801413382e-04 -2.930353034298159435e-06
-7.464348431448089016e-01 1.370289836330826350e-01 -2.169447722089328130e-05 -1.621265243031240209e-05
-7.462330359485189746e-01 1.379521089440085557e-01 -1.255814515425037348e-04 -1.979154460118905993e-05
-7.462330359485189746e-01 1.379521089440085557e-01 -1.255814515425037348e-04 -1.979154460118905993e-05
-7.458881593628698958e-01 1.379357426409495990e-01 1.849551184049338546e-04 -1.107223178121952769e-05
-7.455178176455805605e-01 1.349858998584584913e-01 5.275250040147060364e-04 -5.402047087533738007e-05
-7.450495116887854152e-01 1.375165933990474820e-01 4.757979976229094379e-04 -5.581173591707762062e-05
-7.445098914558472281e-01 1.355080997447806745e-01 8.177290613129788947e-04 -3.999170648940315680e-05
-7.445098914558472281e-01 1.355080997447806745e-01 8.177290613129788947e-04 -3.999170648940315680e-05
-7.427188374629367651e-01 1.314022536280229358e-01 1.842317592068278735e-03 -1.357158673466719260e-04
-7.413602857605328111e-01 1.346142045201784709e-01 2.143272261888914086e-03 -1.110909365119371408e-04
-7.413602857605328111e-01 1.346142045201784709e-01 2.143272261888914086e-03 -1.110909365119371408e-04
-7.413602857605328111e-01 1.346142045201784709e-01 2.143272261888914086e-03 -1.110909365119371408e-04
-7.413602857605328111e-01 1.346142045201784709e-01 2.143272261888914086e-03 -1.110909365119371408e-04
-7.372037828917705760e-01 1.322168908368638318e-01 3.901932691158326635e-03 -1.340334059840335369e-04
-7.403736005274721421e-01 1.361190776514113465e-01 2.362440385630514006e-03 -3.872986046742445988e-05
-7.370109298818712240e-01 1.390396954553477782e-01 3.214039596245674493e-03 -8.333454991940185711e-05
-7.370109298818712240e-01 1.390396954553477782e-01 3.214039596245674493e-03 -8.333454991940185711e-05
-7.370109298818712240e-01 1.390396954553477782e-01 3.214039596245674493e-03 -8.333454991940185711e-05
-7.373888189792221493e-01 1.448060144447534947e-01 2.653792633208246123e-03 3.310189676386739480e-05
-7.327266105693954756e-01 1.452472960268770819e-01 4.338961062524925028e-03 -2.628577013709574813e-05
-7.317728034275483573e-01 1.463271141953790822e-01 4.251422550041060802e-03 -2.029940146244631140e-06
-7.317728034275483573e-01 1.463271141953790822e-01 4.251422550041060802e-03 -2.029940146244631140e-06
-7.313799081352727605e-01 1.534998315154561532e-01 3.901462684460811452e-03 8.504297753336191785e-05
-7.279975636159470298e-01 1.520804210614017382e-01 5.085544673124520534e-03 -5.422928765160079322e-06
-7.290795675388763719e-01 1.599599049813722473e-01 3.491021542398997646e-03 1.097371233012042177e-04
-7.290795675388763719e-01 1.599599049813722473e-01 3.491021542398997646e-03 1.097371233012042177e-04
-7.290795675388763719e-01 1.599599049813722473e-01 3.491021542398997646e-03 1.097371233012042177e-04
-7.177639823469847968e-01 1.687521873664524219e-01 6.170327803230044733e-03 8.759315108698104710e-05
-7.205681781612587322e-01 1.734233623560333948e-01 4.772349006696020857e-03 2.237170394603672243e-04
-7.189156809598267195e-01 1.859269287371101420e-01 3.576884398974444421e-03 2.338883407990701650e-04
-7.146126460195101338e-01 1.859258518110478153e-01 4.154855854198464399e-03 2.027517414096341366e-04
-7.146126460195101338e-01 1.859258518110478153e-01 4.154855854198464399e-03 2.027517414096341366e-04
-7.146126460195101338e-01 1.859258518110478153e-01 4.154855854198464399e-03 2.027517414096341366e-04
-6.986801023099977748e-01 2.316433164364775088e-01 2.892355159310258661e-03 3.592528047578845809e-04
-6.986801023099977748e-01 2.316433164364775088e-01 2.892355159310258661e-03 3.592528047578845809e-04
-6.878214783519784881e-01 2.230850123845723454e-01 6.939592681681325606e-03 1.452119470858865115e-04
-6.852674442039887737e-01 2.533255845748761947e-01 2.076893615337801341e-03 2.768752040109719557e-04
-6.852674442039887737e-01 2.533255845748761947e-01 2.076893615337801341e-03 2.768752040109719557e-04
-6.613255608203911784e-01 2.954054133266094118e-01 3.176447632854843828e-03 1.312427804594754228e-04
-6.309711210237280987e-01 3.251229382111260335e-01 6.349246195382754476e-03 -2.510005334793448221e-05
-6.359742267463790455e-01 3.535403312514251439e-01 8.545384178382372728e-04 2.319024234757594265e-04
-6.200991962986517336e-01 3.617521982042607442e-01 1.371494885132776981e-03 -2.812313540528537173e-04
-5.889176082405862545e-01 4.145848559218344720e-01 3.798969950266505372e-03 -2.484683057437486308e-04
-5.766555153342813878e-01 4.320947484677137851e-01 3.010677091455292789e-03 -2.926914252938641247e-04
-5.766555153342813878e-01 4.320947484677137851e-01 3.010677091455292789e-03 -2.926914252938641247e-04
-5.766555153342813878e-01 4.320947484677137851e-01 3.010677091455292789e-03 -2.926914252938641247e-04
-5.766555153342813878e-01 4.320947484677137851e-01 3.010677091455292789e-03 -2.926914252938641247e-04
-5.644486142735831713e-01 4.675343293523662735e-01 2.773603236151668885e-03 -1.198803597256930783e-04
-5.644486142735831713e-01 4.675343293523662735e-01 2.773603236151668885e-03 -1.198803597256930783e-04
-5.792439284981392156e-01 4.357198404196758190e-01 3.159792665281243099e-03 -2.032047637446694104e-05
-5.792439284981392156e-01 4.357198404196758190e-01 3.159792665281243099e-03 -2.032047637446694104e-05
-5.792439284981392156e-01 4.357198404196758190e-01 3.159792665281243099e-03 -2.032047637446694104e-05
-5.714319108613552523e-01 4.579079738312076264e-01 1.236447185413547039e-03 -8.439874948948803746e-05
-5.714319108613552523e-01 4.579079738312076264e-01 1.236447185413547039e-03 -8.439874948948803746e-05
-5.658383426757915835e-01 4.665540652290132151e-01 8.390922115152858046e-04 9.944973772294413714e-05
-5.787643153976158583e-01 4.299196475716413612e-01 2.492134132378613295e-03 -1.314363654987234296e-04
-5.787643153976158583e-01 4.299196475716413612e-01 2.492134132378613295e-03 -1.314363654987234296e-04
-5.787643153976158583e-01 4.299196475716413612e-01 2.492134132378613295e-03 -1.314363654987234296e-04
-5.690363089835588362e-01 4.454584486634189933e-01 2.537909270855440158e-04 8.495223594916868686e-05
-5.690363089835588362e-01 4.454584486634189933e-01 2.537909270855440158e-04 8.495223594916868686e-05
-5.690363089835588362e-01 4.454584486634189933e-01 2.537909270855440158e-04 8.495223594916868686e-05
-5.753226325963187726e-01 4.187425134914607439e-01 2.926691808022351213e-03 -4.546811342439656270e-05
-5.357734966110148100e-01 4.846137249577244788e-01 4.144004342362984927e-04 9.675657926158759653e-05
-5.357734966110148100e-01 4.846137249577244788e-01 4.144004342362984927e-04 9.675657926158759653e-05
-5.357734966110148100e-01 4.846137249577244788e-01 4.144004342362984927e-04 9.675657926158759653e-05
-5.443140894936295826e-01 4.297296958798459965e-01 2.579925531498088002e-03 9.781388722195679796e-05
-5.443140894936295826e-01 4.297296958798459965e-01 2.579925531498088002e-03 9.781388722195679796e-05
-5.089165540515088182e-01 4.841481747454368101e-01 1.425805628426114139e-03 -1.838120296051950261e-04
-4.908114658242304085e-01 5.099220401155261095e-01 1.139185737971515518e-03 1.313885744229785805e-04
-4.845577644246232829e-01 4.490090880205483970e-01 2.248584288070416999e-03 6.222068037745710290e-05
-4.845577644246232829e-01 4.490090880205483970e-01 2.248584288070416999e-03 6.222068037745710290e-05
-4.845577644246232829e-01 4.490090880205483970e-01 2.248584288070416999e-03 6.222068037745710290e-05
-4.060430821557177161e-01 4.976346177645418756e-01 4.890161176905284332e-03 1.711392727708975600e-04
-3.786769708588899608e-01 4.368713202611251845e-01 8.276632537014808402e-03 -4.294489115245104117e-04
-3.145844481234085777e-01 4.940074019525877436e-01 3.731638389793338895e-03 1.761433286307830383e-04
-3.087033911213818982e-01 3.552995503371252362e-01 9.968050420211250345e-03 4.126537905588139633e-04
-3.087033911213818982e-01 3.552995503371252362e-01 9.968050420211250345e-03 4.126537905588139633e-04
-2.046624137486603434e-01 3.669031970794480735e-01 1.169032798355037865e-02 -3.995363901808677903e-05
-2.046624137486603434e-01 3.669031970794480735e-01 1.169032798355037865e-02 -3.995363901808677903e-05
-2.046624137486603434e-01 3.669031970794480735e-01 1.169032798355037865e-02 -3.995363901808677903e-05
-2.551639587563281353e-01 2.816640596592998591e-01 6.799400610400303802e-03 8.214855089443992651e-04
-3.649496564992560366e-02 4.016330552509634888e-01 6.856126360403447251e-03 5.088478362970305299e-04
-3.649496564992560366e-02 4.016330552509634888e-01 6.856126360403447251e-03 5.088478362970305299e-04
-1.224359462312537561e-01 2.120715087492492934e-01 6.829789764915401157e-03 4.271124569212025879e-05
-1.224359462312537561e-01 2.120715087492492934e-01 6.829789764915401157e-03 4.271124569212025879e-05
-1.224359462312537561e-01 2.120715087492492934e-01 6.829789764915401157e-03 4.271124569212025879e-05
2.671374708761686811e-02 2.751391588627317697e-01 1.858080955737343234e-03 2.549380933404703535e-04
7.999221529280386989e-02 -6.585551301696712656e-02 1.009949144433700680e-03 3.456608183705824761e-04
7.999221529280386989e-02 -6.585551301696712656e-02 1.009949144433700680e-03 3.456608183705824761e-04
-9.789391589729756760e-02 -8.265953519669411165e-04 1.211654390227689948e-05 -3.784027468356585965e-04
-9.789391589729756760e-02 -8.265953519669411165e-04 1.211654390227689948e-05 -3.784027468356585965e-04
-9.789391589729756760e-02 -8.265953519669411165e-04 1.211654390227689948e-05 -3.784027468356585965e-04
3.268780612065755320e-02 1.180510253964517364e-01 8.093998997924672402e-05 1.686382851290434029e-04
8.757250906786054334e-02 -2.125551424592483918e-02 -1.987350468344102356e-03 -2.341903605507968523e-05
3.765070082727148271e-02 3.403457015086401583e-02 2.039315527195414805e-03 -2.530930030461292371e-04
4.749824516121343987e-02 -1.667732076480556852e-02 5.231022713084548760e-04 1.120458465843132201e-04
-2.327080030152340814e-02 1.385579739108969838e-02 8.805918696851521943e-05 -1.886798618413108289e-04
-2.327080030152340814e-02 1.385579739108969838e-02 8.805918696851521943e-05 -1.886798618413108289e-04
-2.327080030152340814e-02 1.385579739108969838e-02 8.805918696851521943e-05 -1.886798618413108289e-04
2.435659591346071851e-02 4.828838730132723606e-03 -9.868164793014105787e-04 9.491092436751553940e-05
3.525039853366977727e-02 1.631650822986078705e-03 8.375838659342650823e-05 4.333586562987387642e-05
3.525039853366977727e-02 1.631650822986078705e-03 8.375838659342650823e-05 4.333586562987387642e-05
3.525039853366977727e-02 1.631650822986078705e-03 8.375838659342650823e-05 4.333586562987387642e-05
-6.821076338868499803e-03 -4.160226141899847283e-04 -1.991093517510255447e-04 -9.097524667860267694e-05
-6.821076338868499803e-03 -4.160226141899847283e-04 -1.991093517510255447e-04 -9.097524667860267694e-05
-1.388359226330802311e-02 9.094578900496516627e-03 4.582773592754566514e-04 -3.531943740579073768e-05
-2.600850095298897716e-03 2.184015175517757881e-02 1.240952774280429242e-04 3.787565067773016048e-05
-1.459931735750055401e-02 -3.733017075492621635e-03 -3.548251694766387827e-05 -1.662799075817600287e-05
1.288709475996289294e-02 4.164036782241975487e-03 8.535178929731452235e-05 8.537054794332031929e-06
1.288709475996289294e-02 4.164036782241975487e-03 8.535178929731452235e-05 8.537054794332031929e-06
1.288709475996289294e-02 4.164036782241975487e-03 8.535178929731452235e-05 8.537054794332031929e-06
-1.114531124408999147e-03 1.192521184877981533e-02 1.802108022617612121e-05 1.554428324951580081e-05
-5.428166476373383342e-03 1.095906048978770048e-03 -5.507986731494728431e-05 -7.686003217475806252e-06
-5.428166476373383342e-03 1.095906048978770048e-03 -5.507986731494728431e-05 -7.686003217475806252e-06
-1.483928859580433118e-03 4.574612211392979980e-03 -2.763904095632756702e-05 -1.981056306506790056e-05
-1.483928859580433118e-03 4.574612211392979980e-03 -2.763904095632756702e-05 -1.981056306506790056e-05
2.009725404001587792e-03 5.086372641181440869e-03 -1.003441166309114311e-04 3.925502791188685488e-06
-4.193366521442458026e-04 7.913667135465790592e-03 -1.247543568311535654e-05 5.326289180534500945e-06
-4.193366521442458026e-04 7.913667135465790592e-03 -1.247543568311535654e-05 5.326289180534500945e-06
-4.193366521442458026e-04 7.913667135465790592e-03 -1.247543568311535654e-05 5.326289180534500945e-06
-4.193366521442458026e-04 7.913667135465790592e-03 -1.247543568311535654e-05 5.326289180534500945e-06
-1.018850642384052383e-03 5.432255167428809081e-03 9.232711358986820955e-06 -5.171140363964564183e-06
9.076504358098934615e-04 5.228088087605354053e-03 -1.902945731435768469e-05 -1.678548324621846341e-06
9.076504358098934615e-04 5.228088087605354053e-03 -1.902945731435768469e-05 -1.678548324621846341e-06
9.076504358098934615e-04 5.228088087605354053e-03 -1.902945731435768469e-05 -1.678548324621846341e-06
-1.734678521926050416e-04 6.895175215609374020e-03 -1.001028471928831800e-05 9.567263158919133499e-07
-1.734678521926050416e-04 6.895175215609374020e-03 -1.001028471928831800e-05 9.567263158919133499e-07
-1.734678521926050416e-04 6.895175215609374020e-03 -1.001028471928831800e-05 9.567263158919133499e-07
1.271041516849779544e-04 5.623196819146129843e-03 -7.622708601083963892e-06 1.481672376830138341e-06
1.271041516849779544e-04 5.623196819146129843e-03 -7.622708601083963892e-06 1.481672376830138341e-06
1.271041516849779544e-04 5.623196819146129843e-03 -7.622708601083963892e-06 1.481672376830138341e-06
1.271041516849779544e-04 5.623196819146129843e-03 -7.622708601083963892e-06 1.481672376830138341e-06
-8.619571476340298936e-05 6.231573671783259029e-03 -1.087177303766402741e-05 4.460969201859149458e-08
-8.619571476340298936e-05 6.231573671783259029e-03 -1.087177303766402741e-05 4.460969201859149458e-08
-8.619571476340298936e-05 6.231573671783259029e-03 -1.087177303766402741e-05 4.460969201859149458e-08
-7.730040472264037915e-05 5.922330712325737413e-03 -7.217957271150958929e-06 -6.189907109131649327e-07
5.177722132910289517e-05 5.853743043107821793e-03 -7.468180267921662073e-06 7.824471413689495792e-07
7.379191324409532175e-05 6.036455557946155022e-03 -7.089081560912118585e-06 2.367886783355605329e-07
5.658822575666378455e-05 5.941703002715477584e-03 -9.991827416563366822e-06 -1.569846606783333226e-07
8.241921573440959628e-05 5.792050282644067849e-03 -6.476755924873527469e-06 6.891782203308368908e-08
-5.578130353286236466e-06 5.914159341964558662e-03 -7.487209281859313409e-06 -1.930992328241749115e-07
-5.578130353286236466e-06 5.914159341964558662e-03 -7.487209281859313409e-06 -1.930992328241749115e-07
-5.578130353286236466e-06 5.914159341964558662e-03 -7.487209281859313409e-06 -1.930992328241749115e-07
-2.588409057563764585e-06 5.610221517614219153e-03 -2.722466967835115943e-06 3.716904238212281556e-07
-2.588409057563764585e-06 5.610221517614219153e-03 -2.722466967835115943e-06 3.716904238212281556e-07
-2.588409057563764585e-06 5.610221517614219153e-03 -2.722466967835115943e-06 3.716904238212281556e-07
-2.588409057563764585e-06 5.610221517614219153e-03 -2.722466967835115943e-06 3.716904238212281556e-07
-2.546509101147102151e-05 5.725976222615599374e-03 -2.112995550892488215e-06 9.958596201599511571e-08
-2.546509101147102151e-05 5.725976222615599374e-03 -2.112995550892488215e-06 9.958596201599511571e-08
-2.546509101147102151e-05 5.725976222615599374e-03 -2.112995550892488215e-06 9.958596201599511571e-08
-2.855209178414395879e-06 5.819926446825137226e-03 -5.114110837844597845e-06 2.037804179889005827e-08
-2.855209178414395879e-06 5.819926446825137226e-03 -5.114110837844597845e-06 2.037804179889005827e-08
-2.855209178414395879e-06 5.819926446825137226e-03 -5.114110837844597845e-06 2.037804179889005827e-08
2.685625769131254478e-06 5.831240707974819949e-03 -4.194104427868018473e-06 -1.590442296374211331e-07
-1.222901640021379569e-05 5.780969282978054569e-03 -3.115704195833457290e-06 4.638653221719685018e-08
-1.222901640021379569e-05 5.780969282978054569e-03 -3.115704195833457290e-06 4.638653221719685018e-08
-1.222901640021379569e-05 5.780969282978054569e-03 -3.115704195833457290e-06 4.638653221719685018e-08
