1.000000000000000000e+00 5.000000000000000278e-02
1.074999999999999734e+00 4.500000000000001221e-02
1.187500000000000000e+00 4.250000000000000999e-02
1.293749999999999734e+00 3.125000000000002776e-02
1.293749999999999734e+00 3.125000000000002776e-02
1.293749999999999734e+00 3.125000000000002776e-02
1.309374999999999734e+00 3.312500000000002248e-02
1.353906249999999867e+00 3.046875000000002359e-02
1.353906249999999867e+00 3.046875000000002359e-02
1.353906249999999867e+00 3.046875000000002359e-02
1.353906249999999867e+00 3.046875000000002359e-02
1.350927734374999911e+00 3.161132812500001832e-02
1.343981933593749956e+00 3.165283203125002220e-02
1.343981933593749956e+00 3.165283203125002220e-02
1.346710205078125000e+00 3.191772460937501721e-02
1.346710205078125000e+00 3.191772460937501721e-02
1.346431732177734597e+00 3.153274536132814887e-02
1.345276451110839933e+00 3.168903350830080262e-02
1.345276451110839933e+00 3.168903350830080262e-02
1.345784473419189720e+00 3.151464462280276213e-02
1.345796704292297363e+00 3.175073146820069775e-02
1.345533519983291626e+00 3.166086077690126455e-02
1.345533519983291626e+00 3.166086077690126455e-02
1.345668169856071295e+00 3.176481783390046332e-02
1.345668169856071295e+00 3.176481783390046332e-02
1.345597787201404660e+00 3.165381759405137829e-02
1.345597787201404660e+00 3.165381759405137829e-02
1.345597787201404660e+00 3.165381759405137829e-02
1.345619969442486852e+00 3.177010022103787801e-02
1.345608308445662704e+00 3.162298614159228527e-02
1.345605963072739719e+00 3.167518038768322997e-02
1.345605963072739719e+00 3.167518038768322997e-02
