4.826421934750115827e-01 -5.999227297190623531e-02 -1.143740513137805337e-01 -6.921998101224799971e-01
5.007412757303244533e-01 -6.224198320835272469e-02 -1.186630782380472815e-01 -6.229798291102321972e-01
5.007412757303244533e-01 -6.224198320835272469e-02 -1.186630782380472815e-01 -6.229798291102321972e-01
5.007412757303244533e-01 -6.224198320835272469e-02 -1.186630782380472815e-01 -6.229798291102321972e-01
5.539073298553063296e-01 -6.041409364123995207e-02 -1.155356627724360707e-01 -5.753910921643119458e-01
5.409928805377131056e-01 -6.073045914324023964e-02 -1.278442764978057755e-01 -4.877845536956859629e-01
5.409928805377131056e-01 -6.073045914324023964e-02 -1.278442764978057755e-01 -4.877845536956859629e-01
5.815155002486647184e-01 -6.492962532025328692e-02 -1.197102039519795103e-01 -3.632697050388888904e-01
6.692447920203890011e-01 -6.282088813736019794e-02 -1.269290886238288452e-01 -2.030971024915051437e-01
6.692447920203890011e-01 -6.282088813736019794e-02 -1.269290886238288452e-01 -2.030971024915051437e-01
7.045581075999538534e-01 -6.327387849808022158e-02 -1.354440531480978760e-01 6.727232407580352458e-02
7.045581075999538534e-01 -6.327387849808022158e-02 -1.354440531480978760e-01 6.727232407580352458e-02
7.045581075999538534e-01 -6.327387849808022158e-02 -1.354440531480978760e-01 6.727232407580352458e-02
7.045581075999538534e-01 -6.327387849808022158e-02 -1.354440531480978760e-01 6.727232407580352458e-02
7.045581075999538534e-01 -6.327387849808022158e-02 -1.354440531480978760e-01 6.727232407580352458e-02
6.760646719976867169e-01 -6.265450392903108845e-02 -1.359437073482741287e-01 -6.460960004768699638e-02
7.099394446256716007e-01 -6.428414678096931734e-02 -1.353155226569092151e-01 3.243000466061224385e-02
7.099394446256716007e-01 -6.428414678096931734e-02 -1.353155226569092151e-01 3.243000466061224385e-02
6.974761898286536699e-01 -6.352966141906357667e-02 -1.329806876779081604e-01 -2.399321851261426025e-02
6.974761898286536699e-01 -6.352966141906357667e-02 -1.329806876779081604e-01 -2.399321851261426025e-02
6.963225778831489965e-01 -6.355804898859096497e-02 -1.349982478737614400e-01 1.861160810627201373e-02
6.963225778831489965e-01 -6.355804898859096497e-02 -1.349982478737614400e-01 1.861160810627201373e-02
6.963225778831489965e-01 -6.355804898859096497e-02 -1.349982478737614400e-01 1.861160810627201373e-02
6.963225778831489965e-01 -6.355804898859096497e-02 -1.349982478737614400e-01 1.861160810627201373e-02
7.013547606642471788e-01 -6.400171695219718238e-02 -1.347948199645291611e-01 9.997560541605133091e-03
7.013547606642471788e-01 -6.400171695219718238e-02 -1.347948199645291611e-01 9.997560541605133091e-03
6.904381471334279929e-01 -6.414563501031778081e-02 -1.346666979159428512e-01 -8.528305900729424988e-03
6.928151029799042293e-01 -6.359752249264602475e-02 -1.351841692901844250e-01 -6.221243525063217296e-03
6.928151029799042293e-01 -6.359752249264602475e-02 -1.351841692901844250e-01 -6.221243525063217296e-03
6.928151029799042293e-01 -6.359752249264602475e-02 -1.351841692901844250e-01 -6.221243525063217296e-03
6.928151029799042293e-01 -6.359752249264602475e-02 -1.351841692901844250e-01 -6.221243525063217296e-03
6.966480176102660682e-01 -6.400145224036998814e-02 -1.350156838930373082e-01 3.095397128679650001e-03
6.966480176102660682e-01 -6.400145224036998814e-02 -1.350156838930373082e-01 3.095397128679650001e-03
6.933350663373767375e-01 -6.403167870793657901e-02 -1.353679658105616523e-01 -2.458901785902122342e-03
6.933350663373767375e-01 -6.403167870793657901e-02 -1.353679658105616523e-01 -2.458901785902122342e-03
6.936834693830353782e-01 -6.378509727682456221e-02 -1.352883521447379445e-01 -2.343108633235558604e-03
6.934130967190588191e-01 -6.402554988703118566e-02 -1.349507322973161894e-01 -2.470840039470129177e-03
6.950283027976287276e-01 -6.397884961000666060e-02 -1.351504917003218398e-01 9.624319484596618578e-04
6.935338516548849030e-01 -6.396897795861536395e-02 -1.353617666330221014e-01 5.065564520147341479e-04
6.944942939399272319e-01 -6.384755865830230026e-02 -1.350077055771373713e-01 7.864216497864764000e-04
6.944942939399272319e-01 -6.384755865830230026e-02 -1.350077055771373713e-01 7.864216497864764000e-04
6.944942939399272319e-01 -6.384755865830230026e-02 -1.350077055771373713e-01 7.864216497864764000e-04
6.944834928128966745e-01 -6.394663370475803243e-02 -1.351550237980689573e-01 3.551148354699811363e-04
6.939924384521150014e-01 -6.390185023259571662e-02 -1.351752858345455222e-01 -5.311429338019533694e-04
6.948643398912802693e-01 -6.386452780344428759e-02 -1.348401101092344401e-01 -7.530117495930183438e-04
6.948643398912802693e-01 -6.386452780344428759e-02 -1.348401101092344401e-01 -7.530117495930183438e-04
6.948643398912802693e-01 -6.386452780344428759e-02 -1.348401101092344401e-01 -7.530117495930183438e-04
6.948643398912802693e-01 -6.386452780344428759e-02 -1.348401101092344401e-01 -7.530117495930183438e-04
6.954100661201962907e-01 -6.389228371278585228e-02 -1.346626479424199441e-01 2.035321042564122891e-04
6.954100661201962907e-01 -6.389228371278585228e-02 -1.346626479424199441e-01 2.035321042564122891e-04
6.962548043996998892e-01 -6.377207736265697036e-02 -1.342885117390815175e-01 8.674382509563795089e-05
6.975979929631748178e-01 -6.377393937128297829e-02 -1.338474342615161850e-01 -4.712317919633781391e-04
6.975979929631748178e-01 -6.377393937128297829e-02 -1.338474342615161850e-01 -4.712317919633781391e-04
6.992126984788857857e-01 -6.371729178224322387e-02 -1.330375039854431174e-01 -2.619757019191023889e-04
7.020873319181060168e-01 -6.349674239982930346e-02 -1.320082198172102261e-01 -2.512056343852586303e-04
7.020873319181060168e-01 -6.349674239982930346e-02 -1.320082198172102261e-01 -2.512056343852586303e-04
7.067378768534968714e-01 -6.339801609494374879e-02 -1.300825430336637334e-01 -1.889129810799316167e-03
7.109064126442881104e-01 -6.311234962043735242e-02 -1.281410295679050737e-01 -1.836602090808237562e-03
7.140109915670247442e-01 -6.309012484244735930e-02 -1.271461110666342598e-01 -5.729654233479737971e-04
7.140109915670247442e-01 -6.309012484244735930e-02 -1.271461110666342598e-01 -5.729654233479737971e-04
7.225696126205849446e-01 -6.271916522737774891e-02 -1.235023458955231135e-01 -2.904630916968150341e-03
7.353834649263588652e-01 -6.201869110024860188e-02 -1.181656146481669944e-01 -1.717121035058106430e-03
7.353834649263588652e-01 -6.201869110024860188e-02 -1.181656146481669944e-01 -1.717121035058106430e-03
7.440845302495691094e-01 -6.187131396905323766e-02 -1.146264557801328632e-01 -1.195519840343983557e-03
7.440845302495691094e-01 -6.187131396905323766e-02 -1.146264557801328632e-01 -1.195519840343983557e-03
7.803606720480549264e-01 -6.013448480364408377e-02 -9.981838023201161647e-02 -1.151217237169649757e-04
7.803606720480549264e-01 -6.013448480364408377e-02 -9.981838023201161647e-02 -1.151217237169649757e-04
8.177793373423205558e-01 -5.880167405434216787e-02 -8.427785154584888083e-02 -9.804210184619606763e-04
8.177793373423205558e-01 -5.880167405434216787e-02 -8.427785154584888083e-02 -9.804210184619606763e-04
8.929131809462478309e-01 -5.528351934911274190e-02 -5.322789681969830600e-02 1.598885124273503574e-03
8.929131809462478309e-01 -5.528351934911274190e-02 -5.322789681969830600e-02 1.598885124273503574e-03
9.808034450910119162e-01 -5.200741397965330526e-02 -1.693897030867899667e-02 3.470129617274290024e-03
9.792814312059345827e-01 -5.189131950078679223e-02 -1.776650101265357662e-02 1.801559163931278160e-03
9.792814312059345827e-01 -5.189131950078679223e-02 -1.776650101265357662e-02 1.801559163931278160e-03
9.792814312059345827e-01 -5.189131950078679223e-02 -1.776650101265357662e-02 1.801559163931278160e-03
9.792814312059345827e-01 -5.189131950078679223e-02 -1.776650101265357662e-02 1.801559163931278160e-03
9.792814312059345827e-01 -5.189131950078679223e-02 -1.776650101265357662e-02 1.801559163931278160e-03
9.792814312059345827e-01 -5.189131950078679223e-02 -1.776650101265357662e-02 1.801559163931278160e-03
9.792814312059345827e-01 -5.189131950078679223e-02 -1.776650101265357662e-02 1.801559163931278160e-03
9.792814312059345827e-01 -5.189131950078679223e-02 -1.776650101265357662e-02 1.801559163931278160e-03
9.792814312059345827e-01 -5.189131950078679223e-02 -1.776650101265357662e-02 1.801559163931278160e-03
1.043445256238267671e+00 -4.919637327635713320e-02 8.709246787464059586e-03 1.552612507037778172e-03
9.853764206542101611e-01 -5.173499465267333841e-02 -1.515117348026588477e-02 4.584438186440515295e-04
9.853764206542101611e-01 -5.173499465267333841e-02 -1.515117348026588477e-02 4.584438186440515295e-04
9.853764206542101611e-01 -5.173499465267333841e-02 -1.515117348026588477e-02 4.584438186440515295e-04
1.013874125332093090e+00 -5.036039660545010843e-02 -3.337322357480361490e-03 -3.377619803542467915e-04
1.013874125332093090e+00 -5.036039660545010843e-02 -3.337322357480361490e-03 -3.377619803542467915e-04
1.013874125332093090e+00 -5.036039660545010843e-02 -3.337322357480361490e-03 -3.377619803542467915e-04
1.013874125332093090e+00 -5.036039660545010843e-02 -3.337322357480361490e-03 -3.377619803542467915e-04
1.013874125332093090e+00 -5.036039660545010843e-02 -3.337322357480361490e-03 -3.377619803542467915e-04
1.013874125332093090e+00 -5.036039660545010843e-02 -3.337322357480361490e-03 -3.377619803542467915e-04
1.006215881487313446e+00 -5.062456775773187256e-02 -6.753990325504609024e-03 -1.946716368817036184e-04
1.006215881487313446e+00 -5.062456775773187256e-02 -6.753990325504609024e-03 -1.946716368817036184e-04
1.017326771848533484e+00 -5.031744061406331209e-02 -1.976643015152273683e-03 7.658560138048177565e-05
1.008066081217047216e+00 -5.069475974922162814e-02 -5.797515393147023230e-03 1.025911852059479027e-04
1.008066081217047216e+00 -5.069475974922162814e-02 -5.797515393147023230e-03 1.025911852059479027e-04
1.012399919532005033e+00 -5.043863516359407828e-02 -4.008556392209040344e-03 -1.439806649284987501e-04
1.009343802365201714e+00 -5.054747916546772912e-02 -5.373711134559217700e-03 -6.609912169807654822e-05
1.009343802365201714e+00 -5.054747916546772912e-02 -5.373711134559217700e-03 -6.609912169807654822e-05
1.009343802365201714e+00 -5.054747916546772912e-02 -5.373711134559217700e-03 -6.609912169807654822e-05
1.009781756905174799e+00 -5.059516119245069388e-02 -5.107192353065732882e-03 1.546339058920192979e-05
1.009781756905174799e+00 -5.059516119245069388e-02 -5.107192353065732882e-03 1.546339058920192979e-05
1.009781756905174799e+00 -5.059516119245069388e-02 -5.107192353065732882e-03 1.546339058920192979e-05
1.009781756905174799e+00 -5.059516119245069388e-02 -5.107192353065732882e-03 1.546339058920192979e-05
1.009781756905174799e+00 -5.059516119245069388e-02 -5.107192353065732882e-03 1.546339058920192979e-05
1.009781756905174799e+00 -5.059516119245069388e-02 -5.107192353065732882e-03 1.546339058920192979e-05
1.011856895149836344e+00 -5.053149714791607683e-02 -4.203732998407008065e-03 -9.592325470592357145e-06
1.011856895149836344e+00 -5.053149714791607683e-02 -4.203732998407008065e-03 -9.592325470592357145e-06
1.009304775074930216e+00 -5.069242097401874259e-02 -5.196407717128851203e-03 2.536825052196403895e-06
1.009304775074930216e+00 -5.069242097401874259e-02 -5.196407717128851203e-03 2.536825052196403895e-06
1.009304775074930216e+00 -5.069242097401874259e-02 -5.196407717128851203e-03 2.536825052196403895e-06
1.011327802442144819e+00 -5.068251016801991748e-02 -4.247646895096093486e-03 4.883674921119325249e-05
1.011327802442144819e+00 -5.068251016801991748e-02 -4.247646895096093486e-03 4.883674921119325249e-05
1.009628397729267935e+00 -5.085678315113290049e-02 -4.792664909300602127e-03 1.989732193476202748e-06
1.009628397729267935e+00 -5.085678315113290049e-02 -4.792664909300602127e-03 1.989732193476202748e-06
1.009628397729267935e+00 -5.085678315113290049e-02 -4.792664909300602127e-03 1.989732193476202748e-06
1.010149882964971102e+00 -5.101029151847893961e-02 -4.272528236542691080e-03 6.251462297272725589e-05
1.006125206075283884e+00 -5.138272580352912233e-02 -5.656712639222767972e-03 5.491175233712458181e-05
1.010376984336299522e+00 -5.131628688652617454e-02 -3.700014398657552883e-03 1.756157828248041709e-05
1.006743708168487572e+00 -5.162666716971595071e-02 -4.895070988742068752e-03 -4.700112791369120133e-05
1.005790040700246024e+00 -5.228841223142183248e-02 -4.307914878772606260e-03 6.201065487202838799e-05
1.005790040700246024e+00 -5.228841223142183248e-02 -4.307914878772606260e-03 6.201065487202838799e-05
1.008208702759597841e+00 -5.288063900402792394e-02 -2.119321083299740768e-03 -9.947507138145308145e-05
9.980789350550400840e-01 -5.418678092616013853e-02 -4.847197577911809691e-03 -1.125522105201148793e-04
9.988469075555785892e-01 -5.548610567711370622e-02 -2.421179339620084525e-03 -3.259011008258937722e-05
9.988469075555785892e-01 -5.548610567711370622e-02 -2.421179339620084525e-03 -3.259011008258937722e-05
9.930914823972032401e-01 -5.868148053681579435e-02 1.946975891859992203e-04 -3.618819845114060337e-04
9.769162430067037661e-01 -6.184765814119452809e-02 -2.446975997395426337e-03 -2.357157168519077785e-04
9.769162430067037661e-01 -6.184765814119452809e-02 -2.446975997395426337e-03 -2.357157168519077785e-04
9.769162430067037661e-01 -6.184765814119452809e-02 -2.446975997395426337e-03 -2.357157168519077785e-04
9.679951236597676978e-01 -6.725737889019334226e-02 2.239587004511697788e-03 -5.665956930661324034e-04
9.452578129755364600e-01 -7.318418954236216578e-02 8.718833804596953785e-04 -3.285500171163153538e-04
9.452578129755364600e-01 -7.318418954236216578e-02 8.718833804596953785e-04 -3.285500171163153538e-04
9.239998284578661014e-01 -7.822898529507113508e-02 -9.307702450633775033e-04 -5.049174444860562690e-04
9.239998284578661014e-01 -7.822898529507113508e-02 -9.307702450633775033e-04 -5.049174444860562690e-04
8.621375612661514864e-01 -9.515358146402966288e-02 -3.117463723124339059e-03 -4.112045343821226200e-04
8.621375612661514864e-01 -9.515358146402966288e-02 -3.117463723124339059e-03 -4.112045343821226200e-04
7.928008621940190181e-01 -1.161391933148665512e-01 -1.783728695663362902e-03 -9.239223866301844463e-04
7.928008621940190181e-01 -1.161391933148665512e-01 -1.783728695663362902e-03 -9.239223866301844463e-04
6.602513515763970275e-01 -1.531716696836075142e-01 -5.100239956959594367e-03 -6.759490813864209476e-04
6.602513515763970275e-01 -1.531716696836075142e-01 -5.100239956959594367e-03 -6.759490813864209476e-04
4.906221974999072089e-01 -2.000301932864965160e-01 -9.504728790962532065e-03 -1.269953123297588599e-03
4.906221974999072089e-01 -2.000301932864965160e-01 -9.504728790962532065e-03 -1.269953123297588599e-03
3.776898848909877593e-01 -2.309244768859023966e-01 -1.345125729371517836e-02 -1.110447541423642331e-03
1.487470866582309981e-01 -3.006555789313764548e-01 -8.990738364383240450e-03 -1.818733389932845890e-03
1.487470866582309981e-01 -3.006555789313764548e-01 -8.990738364383240450e-03 -1.818733389932845890e-03
1.487470866582309981e-01 -3.006555789313764548e-01 -8.990738364383240450e-03 -1.818733389932845890e-03
1.487470866582309981e-01 -3.006555789313764548e-01 -8.990738364383240450e-03 -1.818733389932845890e-03
-2.400121567129820388e-02 -3.478154213257053096e-01 -1.516797700621213760e-02 -1.301198719938232665e-03
-2.400121567129820388e-02 -3.478154213257053096e-01 -1.516797700621213760e-02 -1.301198719938232665e-03
-2.400121567129820388e-02 -3.478154213257053096e-01 -1.516797700621213760e-02 -1.301198719938232665e-03
2.109794200149073262e-01 -2.840778098067828772e-01 -6.794717538176470867e-03 -1.052532308953528246e-03
2.109794200149073262e-01 -2.840778098067828772e-01 -6.794717538176470867e-03 -1.052532308953528246e-03
6.192451950815280881e-02 -3.270389898691914432e-01 -8.459575654031853409e-03 -3.690515291925127415e-04
6.192451950815280881e-02 -3.270389898691914432e-01 -8.459575654031853409e-03 -3.690515291925127415e-04
6.192451950815280881e-02 -3.270389898691914432e-01 -8.459575654031853409e-03 -3.690515291925127415e-04
3.067002120329201387e-02 -3.405727754532754115e-01 -1.618028763691874150e-03 -3.127760779517928767e-04
3.067002120329201387e-02 -3.405727754532754115e-01 -1.618028763691874150e-03 -3.127760779517928767e-04
3.067002120329201387e-02 -3.405727754532754115e-01 -1.618028763691874150e-03 -3.127760779517928767e-04
3.067002120329201387e-02 -3.405727754532754115e-01 -1.618028763691874150e-03 -3.127760779517928767e-04
3.067002120329201387e-02 -3.405727754532754115e-01 -1.618028763691874150e-03 -3.127760779517928767e-04
3.067002120329201387e-02 -3.405727754532754115e-01 -1.618028763691874150e-03 -3.127760779517928767e-04
3.067002120329201387e-02 -3.405727754532754115e-01 -1.618028763691874150e-03 -3.127760779517928767e-04
3.067002120329201387e-02 -3.405727754532754115e-01 -1.618028763691874150e-03 -3.127760779517928767e-04
3.067002120329201387e-02 -3.405727754532754115e-01 -1.618028763691874150e-03 -3.127760779517928767e-04
-2.377459449868002742e-02 -3.571339930413963693e-01 -7.857231172340552530e-04 -2.276810060684578404e-05
4.627616883196807723e-02 -3.371262375934057087e-01 5.118784589634722696e-05 9.419601473359082990e-05
9.761672547914233833e-03 -3.487367329416237727e-01 1.568038616283530182e-03 -6.832003984509499328e-05
1.468915034116794610e-02 -3.466163046523734748e-01 3.676133121076873836e-04 8.853428691480036579e-05
2.120406025444228695e-02 -3.439880462552376006e-01 -6.588747997142484301e-04 -1.449327688263401441e-04
2.120406025444228695e-02 -3.439880462552376006e-01 -6.588747997142484301e-04 -1.449327688263401441e-04
2.879545533987416805e-02 -3.423089307404857395e-01 1.568328219333743677e-04 2.960827168705314308e-05
2.879545533987416805e-02 -3.423089307404857395e-01 1.568328219333743677e-04 2.960827168705314308e-05
2.879545533987416805e-02 -3.423089307404857395e-01 1.568328219333743677e-04 2.960827168705314308e-05
2.879545533987416805e-02 -3.423089307404857395e-01 1.568328219333743677e-04 2.960827168705314308e-05
2.879545533987416805e-02 -3.423089307404857395e-01 1.568328219333743677e-04 2.960827168705314308e-05
2.335903425700313479e-02 -3.433451745058978544e-01 -7.003157090026267562e-04 -8.655061443067707603e-05
2.335903425700313479e-02 -3.433451745058978544e-01 -7.003157090026267562e-04 -8.655061443067707603e-05
2.481781855913246446e-02 -3.429068219738590773e-01 -7.540576110535511089e-04 -1.455358497320119690e-05
2.481781855913246446e-02 -3.429068219738590773e-01 -7.540576110535511089e-04 -1.455358497320119690e-05
2.840565503348708651e-02 -3.421950405070017798e-01 -2.034101529518130317e-04 -1.085823616611757641e-06
2.840565503348708651e-02 -3.421950405070017798e-01 -2.034101529518130317e-04 -1.085823616611757641e-06
2.591693134510720045e-02 -3.426701140719997651e-01 -5.954407517580168714e-04 -5.154691819246846613e-05
2.591693134510720045e-02 -3.426701140719997651e-01 -5.954407517580168714e-04 -5.154691819246846613e-05
2.591693134510720045e-02 -3.426701140719997651e-01 -5.954407517580168714e-04 -5.154691819246846613e-05
2.376139613570816753e-02 -3.435588620431885287e-01 -1.891800555829540936e-04 -2.359138877672452988e-05
2.376139613570816753e-02 -3.435588620431885287e-01 -1.891800555829540936e-04 -2.359138877672452988e-05
2.376139613570816753e-02 -3.435588620431885287e-01 -1.891800555829540936e-04 -2.359138877672452988e-05
2.376139613570816753e-02 -3.435588620431885287e-01 -1.891800555829540936e-04 -2.359138877672452988e-05
2.532035294462521569e-02 -3.429502103253207479e-01 -4.282098272829304528e-04 -4.397922048885324978e-05
2.502933379104355441e-02 -3.431096317594714007e-01 -3.073637111233068378e-04 -4.394493109488485248e-05
2.413332890191526720e-02 -3.433722290463998017e-01 -3.116422532006661041e-04 -3.920726681300928056e-05
2.565060161776934120e-02 -3.429710064680949189e-01 -2.436903904011797470e-04 -3.053435630906189529e-05
2.439740022477325521e-02 -3.433298157215051161e-01 -2.559533005424874429e-04 -3.150391622658842725e-05
2.439740022477325521e-02 -3.433298157215051161e-01 -2.559533005424874429e-04 -3.150391622658842725e-05
2.485531107964156217e-02 -3.431787474043158648e-01 -2.807661869651825954e-04 -3.868525998751269233e-05
2.485531107964156217e-02 -3.431787474043158648e-01 -2.807661869651825954e-04 -3.868525998751269233e-05
2.511206211391072557e-02 -3.431246063501701693e-01 -2.494894632400894451e-04 -3.262932432695488886e-05
2.511206211391072557e-02 -3.431246063501701693e-01 -2.494894632400894451e-04 -3.262932432695488886e-05
2.511206211391072557e-02 -3.431246063501701693e-01 -2.494894632400894451e-04 -3.262932432695488886e-05
2.511206211391072557e-02 -3.431246063501701693e-01 -2.494894632400894451e-04 -3.262932432695488886e-05
2.512199206168802545e-02 -3.431347118048215794e-01 -2.273210486518975615e-04 -3.313286751904342530e-05
2.512199206168802545e-02 -3.431347118048215794e-01 -2.273210486518975615e-04 -3.313286751904342530e-05
2.493407407390028918e-02 -3.431620058015281693e-01 -2.714119681906407722e-04 -3.623181634442341494e-05
2.493407407390028918e-02 -3.431620058015281693e-01 -2.714119681906407722e-04 -3.623181634442341494e-05
2.519155979256203215e-02 -3.430838394416896864e-01 -2.760603554673925642e-04 -3.487418581826297640e-05
2.529480587265033054e-02 -3.430592886028183131e-01 -2.652848195112750469e-04 -3.695211397545671191e-05
2.518431475385456489e-02 -3.431039017404075020e-01 -2.470995663712120555e-04 -3.443919914217627367e-05
2.518431475385456489e-02 -3.431039017404075020e-01 -2.470995663712120555e-04 -3.443919914217627367e-05
2.509570325609685598e-02 -3.431174748585378298e-01 -2.667440374251758796e-04 -3.580836652314703123e-05
2.509570325609685598e-02 -3.431174748585378298e-01 -2.667440374251758796e-04 -3.580836652314703123e-05
2.526163345630647039e-02 -3.430727678731652630e-01 -2.597845332451716432e-04 -3.621161592208213829e-05
2.525012600794170059e-02 -3.430817943425876759e-01 -2.509028272067759008e-04 -3.589803765133417262e-05
2.503723940299300635e-02 -3.431432235300749811e-01 -2.524057968352035942e-04 -3.590444174778318319e-05
2.503723940299300635e-02 -3.431432235300749811e-01 -2.524057968352035942e-04 -3.590444174778318319e-05
2.503723940299300635e-02 -3.431432235300749811e-01 -2.524057968352035942e-04 -3.590444174778318319e-05
2.503723940299300635e-02 -3.431432235300749811e-01 -2.524057968352035942e-04 -3.590444174778318319e-05
2.503723940299300635e-02 -3.431432235300749811e-01 -2.524057968352035942e-04 -3.590444174778318319e-05
2.503723940299300635e-02 -3.431432235300749811e-01 -2.524057968352035942e-04 -3.590444174778318319e-05
2.503723940299300635e-02 -3.431432235300749811e-01 -2.524057968352035942e-04 -3.590444174778318319e-05
2.504073645645069762e-02 -3.431430639129734450e-01 -2.508924474356406852e-04 -3.585697349995806501e-05
2.504073645645069762e-02 -3.431430639129734450e-01 -2.508924474356406852e-04 -3.585697349995806501e-05
2.504073645645069762e-02 -3.431430639129734450e-01 -2.508924474356406852e-04 -3.585697349995806501e-05
