1.000000000000000000e+00 1.000000000000000000e+00
1.074999999999999734e+00 1.074999999999999734e+00
1.012499999999999734e+00 1.187500000000000000e+00
1.131249999999999201e+00 1.293749999999999734e+00
1.065624999999998934e+00 1.571875000000000355e+00
1.270312499999997513e+00 1.923437500000000355e+00
1.241406249999996270e+00 2.655468750000001599e+00
1.636328124999992806e+00 3.724609375000001776e+00
1.775976562499988809e+00 5.723242187500003908e+00
1.775976562499988809e+00 5.723242187500003908e+00
1.775976562499988809e+00 5.723242187500003908e+00
1.775976562499988809e+00 5.723242187500003908e+00
1.885546874999988409e+00 5.716015625000003375e+00
1.817822265624989386e+00 5.355419921875002487e+00
1.927392578124988987e+00 5.348193359375001066e+00
1.927392578124988987e+00 5.348193359375001066e+00
1.875842285156238853e+00 5.442858886718751954e+00
1.943515014648426131e+00 5.415579223632811967e+00
1.918535614013660684e+00 5.388706207275391513e+00
1.986208343505847962e+00 5.361426544189451526e+00
1.986208343505847962e+00 5.361426544189451526e+00
1.986208343505847962e+00 5.361426544189451526e+00
1.986208343505847962e+00 5.361426544189451526e+00
1.986208343505847962e+00 5.361426544189451526e+00
1.967075920104969011e+00 5.378374671936034801e+00
1.967075920104969011e+00 5.378374671936034801e+00
1.967075920104969011e+00 5.378374671936034801e+00
1.975701714679587218e+00 5.371307886019348388e+00
1.975701714679587218e+00 5.371307886019348388e+00
1.973394839512172538e+00 5.373056303476914763e+00
1.970812098600424500e+00 5.375278383342083188e+00
1.970812098600424500e+00 5.375278383342083188e+00
1.970812098600424500e+00 5.375278383342083188e+00
1.970812098600424500e+00 5.375278383342083188e+00
1.969723691767637730e+00 5.376144644753729551e+00
1.970052609558376577e+00 5.375847811113361630e+00
1.970052609558376577e+00 5.375847811113361630e+00
1.969616048954810239e+00 5.376212793286457625e+00
1.969399265991091497e+00 5.376372187362458810e+00
1.969780133515663723e+00 5.376070150718909701e+00
1.969602874354093869e+00 5.376216981163571162e+00
1.969602874354093869e+00 5.376216981163571162e+00
1.969602874354093869e+00 5.376216981163571162e+00
1.969595987616970856e+00 5.376220584100867228e+00
1.969674811029290318e+00 5.376157708545111547e+00
1.969674811029290318e+00 5.376157708545111547e+00
