1.000000000000000000e+00 1.000000000000000000e+00
1.074999999999999734e+00 8.999999999999999112e-01
1.187500000000000000e+00 8.499999999999996447e-01
1.293749999999999734e+00 6.249999999999991118e-01
1.571875000000000355e+00 4.124999999999983125e-01
1.678125000000000089e+00 1.874999999999977796e-01
1.956250000000000711e+00 -2.500000000000301981e-02
1.956250000000000711e+00 -2.500000000000301981e-02
1.956250000000000711e+00 -2.500000000000301981e-02
1.956250000000000711e+00 -2.500000000000301981e-02
1.956250000000000711e+00 -2.500000000000301981e-02
1.956250000000000711e+00 -2.500000000000301981e-02
1.956250000000000711e+00 -2.500000000000301981e-02
2.001831054687500888e+00 6.376953124999704126e-02
2.027368164062500977e+00 3.808593749996903866e-03
1.985424804687500711e+00 4.394531249996974642e-03
1.985424804687500711e+00 4.394531249996974642e-03
2.011068725585938299e+00 1.148681640624694272e-02
2.011068725585938299e+00 1.148681640624694272e-02
1.993574523925782049e+00 5.554199218719552134e-04
1.997350692749024104e+00 -6.016540527346811093e-03
2.003265666961670632e+00 4.378128051754756958e-03
1.996941351890564764e+00 -1.318931579620359271e-04
1.998727101087570901e+00 -1.946711540225225289e-03
2.000549946725369121e+00 1.669412851330563229e-03
2.000987109914422746e+00 -1.420274376899785811e-04
1.999747814703733528e+00 -5.915094167024664146e-04
1.999747814703733528e+00 -5.915094167024664146e-04
1.999661334458505912e+00 1.158733153685173047e-04
2.000081639549171619e+00 2.067520807000979325e-04
2.000081639549171619e+00 2.067520807000979325e-04
2.000087800572965424e+00 -6.419636665974475485e-05
1.999947185457427334e+00 -7.191025115695141813e-05
2.000049566282183999e+00 6.934938589587492301e-05
2.000043088221385545e+00 -3.273839964514150121e-05
1.999996756354606164e+00 -2.680237901579235531e-05
1.999996756354606164e+00 -2.680237901579235531e-05
