8.838430355494741875e-01 4.695900100070682370e-01 9.816785264775464981e-01 -8.961626555905866098e-01
9.169871493825798581e-01 4.871996353823333514e-01 1.018491471220454692e+00 -8.065463900315279488e-01
9.169871493825798581e-01 4.871996353823333514e-01 1.018491471220454692e+00 -8.065463900315279488e-01
9.169871493825798581e-01 4.871996353823333514e-01 1.018491471220454692e+00 -8.065463900315279488e-01
8.928195663792743986e-01 5.389279099221744307e-01 9.885809536168421729e-01 -7.449352074596751194e-01
9.879362680565719756e-01 5.263627084825324154e-01 9.937577739713137071e-01 -6.315146213614912796e-01
9.879362680565719756e-01 5.263627084825324154e-01 9.937577739713137071e-01 -6.315146213614912796e-01
9.250789740488669644e-01 5.657894673793659734e-01 1.062470477472562180e+00 -4.703103624163875729e-01
9.808640132982402449e-01 6.511462794400382226e-01 1.027964333466311775e+00 -2.629414744845617324e-01
9.808640132982402449e-01 6.511462794400382226e-01 1.027964333466311775e+00 -2.629414744845617324e-01
1.046664708528308729e+00 6.855046103953057468e-01 1.035376803236017107e+00 8.709471414165714798e-02
1.046664708528308729e+00 6.855046103953057468e-01 1.035376803236017107e+00 8.709471414165714798e-02
1.046664708528308729e+00 6.855046103953057468e-01 1.035376803236017107e+00 8.709471414165714798e-02
1.046664708528308729e+00 6.855046103953057468e-01 1.035376803236017107e+00 8.709471414165714798e-02
1.046664708528308729e+00 6.855046103953057468e-01 1.035376803236017107e+00 8.709471414165714798e-02
1.050525863046628539e+00 6.577817281224836998e-01 1.025241719430031617e+00 -8.364739473871354858e-02
1.045671469430908607e+00 6.907404189133379280e-01 1.051908243539304344e+00 4.198579466863859577e-02
1.045671469430908607e+00 6.907404189133379280e-01 1.051908243539304344e+00 4.198579466863859577e-02
1.027628673782392532e+00 6.786142102561263378e-01 1.039562285607832592e+00 -3.106303426263814366e-02
1.027628673782392532e+00 6.786142102561263378e-01 1.039562285607832592e+00 -3.106303426263814366e-02
1.043219679849097803e+00 6.774917956550874365e-01 1.040026803220575280e+00 2.409568436948938269e-02
1.043219679849097803e+00 6.774917956550874365e-01 1.040026803220575280e+00 2.409568436948938269e-02
1.043219679849097803e+00 6.774917956550874365e-01 1.040026803220575280e+00 2.409568436948938269e-02
1.043219679849097803e+00 6.774917956550874365e-01 1.040026803220575280e+00 2.409568436948938269e-02
1.041647659458580399e+00 6.823878921723008917e-01 1.047286726727094441e+00 1.294343089000675982e-02
1.043012672870185398e+00 6.878279348671363369e-01 1.024414729777688660e+00 1.867840607695079452e-02
1.035333647633318144e+00 6.793219281014805100e-01 1.038084556338841891e+00 -1.204499497116568243e-02
1.042538944355953845e+00 6.770841743959076231e-01 1.036076126285047749e+00 -8.453606231949756938e-03
1.039340006694715157e+00 6.837373257487655565e-01 1.034684900562964582e+00 -7.876628773303898448e-03
1.039260647103524615e+00 6.817953150813331753e-01 1.026329253998156332e+00 -1.010802440730408473e-02
1.041065492158531613e+00 6.841563103495040821e-01 1.029104219536970621e+00 4.528796240509969442e-03
1.050986522467908024e+00 6.864359879786718910e-01 1.018476762609670683e+00 7.657892563295538163e-03
1.042787389856385971e+00 6.909782951832298403e-01 1.018221442068833582e+00 5.554624043548519151e-03
1.042787389856385971e+00 6.909782951832298403e-01 1.018221442068833582e+00 5.554624043548519151e-03
1.042787389856385971e+00 6.909782951832298403e-01 1.018221442068833582e+00 5.554624043548519151e-03
1.055818715374569727e+00 6.941477020566528822e-01 9.949603288508210852e-01 8.590732988934746822e-03
1.055818715374569727e+00 6.941477020566528822e-01 9.949603288508210852e-01 8.590732988934746822e-03
1.055818715374569727e+00 6.941477020566528822e-01 9.949603288508210852e-01 8.590732988934746822e-03
1.054990272126743012e+00 7.087959441344497957e-01 9.750856229610720405e-01 1.452327920677346472e-02
1.063465657115585383e+00 7.093769610774909307e-01 9.519159691805718637e-01 7.391144544961774157e-03
1.063465657115585383e+00 7.093769610774909307e-01 9.519159691805718637e-01 7.391144544961774157e-03
1.063465657115585383e+00 7.093769610774909307e-01 9.519159691805718637e-01 7.391144544961774157e-03
1.063465657115585383e+00 7.093769610774909307e-01 9.519159691805718637e-01 7.391144544961774157e-03
1.072268051167044156e+00 7.304940639299264404e-01 9.203853649086299882e-01 8.378440269853945632e-03
1.103885417277223890e+00 7.476744473335101837e-01 8.379184052636730051e-01 1.584428732202851700e-02
1.103885417277223890e+00 7.476744473335101837e-01 8.379184052636730051e-01 1.584428732202851700e-02
1.103885417277223890e+00 7.476744473335101837e-01 8.379184052636730051e-01 1.584428732202851700e-02
1.130652944844586116e+00 7.958634906567474410e-01 7.351180466414097836e-01 5.108010818716434559e-03
1.130652944844586116e+00 7.958634906567474410e-01 7.351180466414097836e-01 5.108010818716434559e-03
1.130652944844586116e+00 7.958634906567474410e-01 7.351180466414097836e-01 5.108010818716434559e-03
1.212529918143129049e+00 8.591260092277961391e-01 5.205351154244075573e-01 1.989061315819262710e-02
1.247578964241221833e+00 9.268873445381946574e-01 3.631747170601937746e-01 4.059253970222692631e-03
1.247578964241221833e+00 9.268873445381946574e-01 3.631747170601937746e-01 4.059253970222692631e-03
1.354078073404051175e+00 1.042340359955965745e+00 7.091386276405597933e-02 1.285052523321350212e-02
1.388641315111933672e+00 1.060404861263021470e+00 -2.490294212476606983e-02 1.165898980223526241e-02
1.394820040297793273e+00 1.097781768709585437e+00 -8.303903968235065713e-02 -7.239424215219614211e-03
1.394820040297793273e+00 1.097781768709585437e+00 -8.303903968235065713e-02 -7.239424215219614211e-03
1.394820040297793273e+00 1.097781768709585437e+00 -8.303903968235065713e-02 -7.239424215219614211e-03
1.394820040297793273e+00 1.097781768709585437e+00 -8.303903968235065713e-02 -7.239424215219614211e-03
1.391172103773178570e+00 1.084532992668616469e+00 -5.654160255158235948e-02 7.832740021969975680e-03
1.395489463573746924e+00 1.084494485439468026e+00 -8.359705904205234905e-02 -3.759486790216235580e-03
1.358516172730926952e+00 1.046376797584908314e+00 3.854851547625924579e-02 4.026487990850627710e-03
1.358516172730926952e+00 1.046376797584908314e+00 3.854851547625924579e-02 4.026487990850627710e-03
1.358516172730926952e+00 1.046376797584908314e+00 3.854851547625924579e-02 4.026487990850627710e-03
1.358516172730926952e+00 1.046376797584908314e+00 3.854851547625924579e-02 4.026487990850627710e-03
1.358516172730926952e+00 1.046376797584908314e+00 3.854851547625924579e-02 4.026487990850627710e-03
1.361441069519499170e+00 1.052776481192629454e+00 2.378350402338467659e-02 -2.415338360915538288e-03
1.364561155023339634e+00 1.052443490750971433e+00 2.344323410565775714e-02 1.748869653389589947e-03
1.364561155023339634e+00 1.052443490750971433e+00 2.344323410565775714e-02 1.748869653389589947e-03
1.376397994909197564e+00 1.068494793814291466e+00 -1.900153107248506862e-02 -8.431522647539611663e-04
1.376397994909197564e+00 1.068494793814291466e+00 -1.900153107248506862e-02 -8.431522647539611663e-04
1.376397994909197564e+00 1.068494793814291466e+00 -1.900153107248506862e-02 -8.431522647539611663e-04
1.370596396997923350e+00 1.058728931218512859e+00 2.900457534989382170e-04 -7.358331199625395497e-04
1.370596396997923350e+00 1.058728931218512859e+00 2.900457534989382170e-04 -7.358331199625395497e-04
1.370596396997923350e+00 1.058728931218512859e+00 2.900457534989382170e-04 -7.358331199625395497e-04
1.370596396997923350e+00 1.058728931218512859e+00 2.900457534989382170e-04 -7.358331199625395497e-04
1.372190605190229062e+00 1.062801059826063099e+00 -5.254894308081448778e-03 -3.881100735924175832e-04
1.368559746796719878e+00 1.057601073648858803e+00 7.598569185163663378e-03 4.163531556854169809e-04
1.368559746796719878e+00 1.057601073648858803e+00 7.598569185163663378e-03 4.163531556854169809e-04
1.368967185051692237e+00 1.058073613376609767e+00 5.611037509986413485e-03 2.982089410164522080e-04
1.370613036355206704e+00 1.059259200004016410e+00 6.100494577111830689e-04 -2.404719879098880049e-04
1.371212944346981821e+00 1.060852531830035694e+00 -1.429302602354931475e-03 -4.815570401451080740e-05
1.371319696974484525e+00 1.059814366510714478e+00 -5.684556758741672253e-04 3.997940773279850808e-04
1.369543981239405683e+00 1.058550500789601445e+00 4.327200678765394382e-03 2.593484936452133136e-04
1.369819799890355849e+00 1.058846381580100804e+00 3.172955237274141613e-03 1.954188303893260314e-04
1.369819799890355849e+00 1.058846381580100804e+00 3.172955237274141613e-03 1.954188303893260314e-04
1.370759853309522436e+00 1.060001118598921765e+00 2.759142830409423968e-04 8.031291293975486667e-05
1.370743249165153443e+00 1.059505379950286930e+00 8.118839911457132515e-04 2.643526580624740120e-04
1.370743249165153443e+00 1.059505379950286930e+00 8.118839911457132515e-04 2.643526580624740120e-04
1.370437810761173880e+00 1.059361997184673054e+00 1.381543603537677134e-03 8.213733262737893154e-05
1.370437810761173880e+00 1.059361997184673054e+00 1.381543603537677134e-03 8.213733262737893154e-05
1.370547368690743895e+00 1.059627564018168933e+00 1.045633107565867043e-03 1.297376538396422267e-04
1.370547368690743895e+00 1.059627564018168933e+00 1.045633107565867043e-03 1.297376538396422267e-04
1.370601788092239648e+00 1.059473697398137571e+00 1.071221894453452516e-03 1.989592586355633957e-04
1.370362828236143304e+00 1.059338664708969091e+00 1.642063592374805705e-03 1.574294124944041937e-04
1.370362828236143304e+00 1.059338664708969091e+00 1.642063592374805705e-03 1.574294124944041937e-04
1.370362828236143304e+00 1.059338664708969091e+00 1.642063592374805705e-03 1.574294124944041937e-04
1.370362828236143304e+00 1.059338664708969091e+00 1.642063592374805705e-03 1.574294124944041937e-04
1.370595912250820003e+00 1.059387058160271344e+00 1.053672703958168089e-03 1.754412992349643654e-04
1.370595912250820003e+00 1.059387058160271344e+00 1.053672703958168089e-03 1.754412992349643654e-04
1.370595912250820003e+00 1.059387058160271344e+00 1.053672703958168089e-03 1.754412992349643654e-04
1.370595912250820003e+00 1.059387058160271344e+00 1.053672703958168089e-03 1.754412992349643654e-04
1.370354288210570592e+00 1.059232611520389833e+00 1.686979460685183920e-03 1.463481391944795938e-04
1.370517328914460542e+00 1.059078490958770491e+00 1.391831056807944691e-03 1.922018996031745310e-04
1.370517328914460542e+00 1.059078490958770491e+00 1.391831056807944691e-03 1.922018996031745310e-04
1.370517328914460542e+00 1.059078490958770491e+00 1.391831056807944691e-03 1.922018996031745310e-04
1.370403106559922257e+00 1.058908799279515200e+00 1.691750712243681246e-03 1.410755917576788287e-04
1.370403106559922257e+00 1.058908799279515200e+00 1.691750712243681246e-03 1.410755917576788287e-04
1.370520297250021891e+00 1.058573577480665051e+00 1.560448467723639637e-03 2.088784747745972559e-04
1.370520297250021891e+00 1.058573577480665051e+00 1.560448467723639637e-03 2.088784747745972559e-04
1.370535118825211285e+00 1.058157632162847417e+00 1.646163160780756730e-03 1.574219614546969268e-04
1.370535118825211285e+00 1.058157632162847417e+00 1.646163160780756730e-03 1.574219614546969268e-04
1.370535118825211285e+00 1.058157632162847417e+00 1.646163160780756730e-03 1.574219614546969268e-04
1.370535118825211285e+00 1.058157632162847417e+00 1.646163160780756730e-03 1.574219614546969268e-04
1.370823914018289624e+00 1.057628796480988509e+00 1.119441414846112856e-03 2.216898584218138409e-04
1.370883478875287054e+00 1.056859087612154191e+00 1.279984404462283613e-03 2.005265808285527050e-04
1.370883478875287054e+00 1.056859087612154191e+00 1.279984404462283613e-03 2.005265808285527050e-04
1.371224543369629956e+00 1.056534055946591000e+00 4.162905622262609226e-04 1.216673588058935244e-04
1.371570765147639648e+00 1.054488489460510880e+00 3.348606653137348524e-04 2.290958873771858527e-04
1.371553313108495153e+00 1.053190930558871141e+00 7.998685950337393151e-04 1.061146151594810063e-04
1.371553313108495153e+00 1.053190930558871141e+00 7.998685950337393151e-04 1.061146151594810063e-04
1.371553313108495153e+00 1.053190930558871141e+00 7.998685950337393151e-04 1.061146151594810063e-04
1.373142076536893796e+00 1.047174559777566571e+00 -1.040549722452100952e-03 1.947569777774327813e-04
1.373142076536893796e+00 1.047174559777566571e+00 -1.040549722452100952e-03 1.947569777774327813e-04
1.373802009144133862e+00 1.042679759776000914e+00 -1.269005375406381895e-03 -3.002380737827627577e-05
1.373458615475858124e+00 1.040233180269348967e+00 6.681841584725676944e-04 1.263083589802859786e-04
1.376389279359230500e+00 1.028448190623318936e+00 -2.644296166147619941e-03 1.323820749720929944e-04
1.376389279359230500e+00 1.028448190623318936e+00 -2.644296166147619941e-03 1.323820749720929944e-04
1.378556387895616631e+00 1.011358185489832806e+00 -2.146332985441244592e-03 -1.855602922489358588e-04
1.380802306744748797e+00 9.968566047783387063e-01 -2.347417387058829512e-03 1.473489144094875815e-04
1.380802306744748797e+00 9.968566047783387063e-01 -2.347417387058829512e-03 1.473489144094875815e-04
1.386399097675178549e+00 9.630003113734084685e-01 -4.645319289925278414e-03 -5.910557060758666367e-05
1.393402870653646097e+00 9.161819061385765295e-01 -5.640412681888270705e-03 -3.809422724022585726e-04
1.400203515649395491e+00 8.789797068921068046e-01 -9.256898815636290662e-03 1.084059769248071122e-04
1.405637616014364433e+00 8.304853338094106974e-01 -5.551662084576180003e-03 -2.304528409587258014e-05
1.405637616014364433e+00 8.304853338094106974e-01 -5.551662084576180003e-03 -2.304528409587258014e-05
1.405637616014364433e+00 8.304853338094106974e-01 -5.551662084576180003e-03 -2.304528409587258014e-05
1.425143579358653323e+00 7.115624634818109584e-01 -1.220324830549614388e-02 1.357606421022309381e-04
1.446117691501601854e+00 5.580942080886455159e-01 -1.046145596719893350e-02 -5.640684004165878338e-04
1.448060072484850025e+00 5.415899610362089334e-01 -8.772090689246718476e-03 1.225965992454288757e-04
1.455254169301010592e+00 4.841856263903676627e-01 -6.383278733684119577e-03 2.554955954844931559e-04
1.455254169301010592e+00 4.841856263903676627e-01 -6.383278733684119577e-03 2.554955954844931559e-04
1.455254169301010592e+00 4.841856263903676627e-01 -6.383278733684119577e-03 2.554955954844931559e-04
1.455254169301010592e+00 4.841856263903676627e-01 -6.383278733684119577e-03 2.554955954844931559e-04
1.460987323436643059e+00 4.316023638490449343e-01 -1.580281839561426677e-03 3.948152241826918536e-04
1.460987323436643059e+00 4.316023638490449343e-01 -1.580281839561426677e-03 3.948152241826918536e-04
1.480124662286453674e+00 2.956408096480760417e-01 -1.496218048914896986e-03 3.020689289195797747e-05
1.480124662286453674e+00 2.956408096480760417e-01 -1.496218048914896986e-03 3.020689289195797747e-05
1.478147489752510868e+00 3.072204353237015795e-01 -5.421919539242885458e-04 -1.225418392599105823e-04
1.478147489752510868e+00 3.072204353237015795e-01 -5.421919539242885458e-04 -1.225418392599105823e-04
1.464552822591645542e+00 3.969166807243389439e-01 1.785187388348835873e-03 1.828430362087561244e-04
1.464552822591645542e+00 3.969166807243389439e-01 1.785187388348835873e-03 1.828430362087561244e-04
1.464552822591645542e+00 3.969166807243389439e-01 1.785187388348835873e-03 1.828430362087561244e-04
1.464552822591645542e+00 3.969166807243389439e-01 1.785187388348835873e-03 1.828430362087561244e-04
1.464552822591645542e+00 3.969166807243389439e-01 1.785187388348835873e-03 1.828430362087561244e-04
1.464552822591645542e+00 3.969166807243389439e-01 1.785187388348835873e-03 1.828430362087561244e-04
1.464552822591645542e+00 3.969166807243389439e-01 1.785187388348835873e-03 1.828430362087561244e-04
1.463636822678838989e+00 4.039905428332721815e-01 1.489189378380153736e-03 -5.802261357597582911e-05
1.463636822678838989e+00 4.039905428332721815e-01 1.489189378380153736e-03 -5.802261357597582911e-05
1.469286561190581430e+00 3.621250233203658353e-01 2.231229254640165662e-03 -8.491896125252111930e-06
1.470594207701123368e+00 3.567963723063649617e-01 7.733176167322884306e-04 5.432988063488791282e-06
1.469421581084244810e+00 3.654406117866261239e-01 6.902597675628896912e-04 1.785714479035091786e-05
1.466393807877671485e+00 3.845024091429981028e-01 1.540593196338855154e-03 8.601847099845452791e-05
1.466393807877671485e+00 3.845024091429981028e-01 1.540593196338855154e-03 8.601847099845452791e-05
1.468729534062060971e+00 3.676053512504541265e-01 1.666013408474255981e-03 7.366475128647267102e-06
1.469150273112449057e+00 3.662921481114648214e-01 1.048644563488063119e-03 1.457060310616252946e-05
1.467352115052614314e+00 3.782817267795330896e-01 1.317698701282683793e-03 7.521977591898079246e-06
1.468664006805221911e+00 3.698055103038693225e-01 1.041748617479427291e-03 2.336326324832075876e-05
1.467433895067879135e+00 3.774992966271641937e-01 1.404559759509981486e-03 4.961202538360584010e-05
1.467433895067879135e+00 3.774992966271641937e-01 1.404559759509981486e-03 4.961202538360584010e-05
1.467433895067879135e+00 3.774992966271641937e-01 1.404559759509981486e-03 4.961202538360584010e-05
1.467433895067879135e+00 3.774992966271641937e-01 1.404559759509981486e-03 4.961202538360584010e-05
1.467433895067879135e+00 3.774992966271641937e-01 1.404559759509981486e-03 4.961202538360584010e-05
1.467433895067879135e+00 3.774992966271641937e-01 1.404559759509981486e-03 4.961202538360584010e-05
1.467433895067879135e+00 3.774992966271641937e-01 1.404559759509981486e-03 4.961202538360584010e-05
1.467433895067879135e+00 3.774992966271641937e-01 1.404559759509981486e-03 4.961202538360584010e-05
1.467433895067879135e+00 3.774992966271641937e-01 1.404559759509981486e-03 4.961202538360584010e-05
1.467433895067879135e+00 3.774992966271641937e-01 1.404559759509981486e-03 4.961202538360584010e-05
1.468038153939529966e+00 3.732573668294346114e-01 1.397768833228156147e-03 4.896136565398600648e-05
1.467872125327885469e+00 3.748591519536259575e-01 1.241806939220334565e-03 4.216815056007988617e-05
1.467836287369399972e+00 3.746596274338714894e-01 1.397211747918849665e-03 3.616449736857559332e-05
1.468164758281682580e+00 3.725543356837105469e-01 1.319982053820224679e-03 4.640383487766069383e-05
1.468164758281682580e+00 3.725543356837105469e-01 1.319982053820224679e-03 4.640383487766069383e-05
1.468164758281682580e+00 3.725543356837105469e-01 1.319982053820224679e-03 4.640383487766069383e-05
1.467857010634197268e+00 3.743868938716214956e-01 1.436562787671304218e-03 4.070813624962981434e-05
1.467903210225081079e+00 3.744500516102510224e-01 1.300833498849016069e-03 4.898360888166121093e-05
1.468345530401464760e+00 3.714206712581754610e-01 1.250033783835359687e-03 3.653469572591422961e-05
1.468345530401464760e+00 3.714206712581754610e-01 1.250033783835359687e-03 3.653469572591422961e-05
1.468037715617353633e+00 3.731798958602114968e-01 1.390135810055451344e-03 3.909901607027549452e-05
1.468037715617353633e+00 3.731798958602114968e-01 1.390135810055451344e-03 3.909901607027549452e-05
1.468037715617353633e+00 3.731798958602114968e-01 1.390135810055451344e-03 3.909901607027549452e-05
1.468037715617353633e+00 3.731798958602114968e-01 1.390135810055451344e-03 3.909901607027549452e-05
1.468540328453360466e+00 3.696048144732120289e-01 1.364863697555261830e-03 4.108804810347985517e-05
1.468540328453360466e+00 3.696048144732120289e-01 1.364863697555261830e-03 4.108804810347985517e-05
1.468540328453360466e+00 3.696048144732120289e-01 1.364863697555261830e-03 4.108804810347985517e-05
1.468540328453360466e+00 3.696048144732120289e-01 1.364863697555261830e-03 4.108804810347985517e-05
1.468617000324122124e+00 3.684953924166640693e-01 1.501687994582915839e-03 2.630546127555427908e-05
1.468617000324122124e+00 3.684953924166640693e-01 1.501687994582915839e-03 2.630546127555427908e-05
1.468613929315393918e+00 3.691437740974710668e-01 1.295647308421349472e-03 3.106535256053031863e-05
1.469030534511747366e+00 3.656831547887596789e-01 1.453617756177376938e-03 3.874522576166440440e-05
1.468772455998093918e+00 3.669365005227835930e-01 1.566655866646076214e-03 2.163946793426479607e-05
1.468772455998093918e+00 3.669365005227835930e-01 1.566655866646076214e-03 2.163946793426479607e-05
1.468772455998093918e+00 3.669365005227835930e-01 1.566655866646076214e-03 2.163946793426479607e-05
1.468772455998093918e+00 3.669365005227835930e-01 1.566655866646076214e-03 2.163946793426479607e-05
1.469414129045397477e+00 3.621968685065540816e-01 1.539311601643004101e-03 4.847348061080367239e-06
1.469131672816078815e+00 3.635945641167124265e-01 1.707949845307726866e-03 2.344850854742190947e-05
1.469131672816078815e+00 3.635945641167124265e-01 1.707949845307726866e-03 2.344850854742190947e-05
1.469131672816078815e+00 3.635945641167124265e-01 1.707949845307726866e-03 2.344850854742190947e-05
1.469482318189125003e+00 3.604356216615931530e-01 1.739883189505331794e-03 -4.362442718169439728e-06
1.468250113952312752e+00 3.685939505603312849e-01 1.945000410408221411e-03 2.231445394376205932e-05
1.469140907184956824e+00 3.632523399688221133e-01 1.605287743668656550e-03 3.213869331874609286e-05
1.469140907184956824e+00 3.632523399688221133e-01 1.605287743668656550e-03 3.213869331874609286e-05
1.468855218805693141e+00 3.624238846101852651e-01 2.068389837456423123e-03 5.082605675654713895e-06
1.468855218805693141e+00 3.624238846101852651e-01 2.068389837456423123e-03 5.082605675654713895e-06
1.470172807839711382e+00 3.526962347954754051e-01 1.942340750301183895e-03 3.050219729208138110e-05
1.468769588499586831e+00 3.629338567773937596e-01 1.728006725764378963e-03 4.516524048710339478e-05
1.468778778297124887e+00 3.572611909809788600e-01 2.653899862692774350e-03 2.908868252519782103e-05
1.470865944926135427e+00 3.425520052894726053e-01 2.133351575791473873e-03 -5.097053039133085271e-06
1.471229902060532169e+00 3.367346966621198590e-01 2.206419510999512064e-03 6.457908909762770594e-05
1.469387544658111722e+00 3.442188426915229194e-01 2.656576755833736647e-03 3.929757471893410500e-05
1.469387544658111722e+00 3.442188426915229194e-01 2.656576755833736647e-03 3.929757471893410500e-05
1.474576109492858222e+00 2.986939097963687839e-01 2.262299001753769606e-03 2.998402265583330773e-05
1.473184399659880128e+00 2.952187095595535382e-01 3.400106145028092795e-03 1.246663005557199083e-04
1.473922358590597170e+00 2.757163364873342903e-01 4.149235250133453262e-03 3.037942487576746411e-05
1.475579816358354890e+00 2.554868268317779245e-01 3.156928610773051744e-03 1.307076797762713317e-04
1.475579816358354890e+00 2.554868268317779245e-01 3.156928610773051744e-03 1.307076797762713317e-04
1.475579816358354890e+00 2.554868268317779245e-01 3.156928610773051744e-03 1.307076797762713317e-04
1.475579816358354890e+00 2.554868268317779245e-01 3.156928610773051744e-03 1.307076797762713317e-04
1.473086254513518156e+00 2.395991220579581915e-01 5.390687423649807852e-03 1.098027374133393654e-04
1.473086254513518156e+00 2.395991220579581915e-01 5.390687423649807852e-03 1.098027374133393654e-04
1.476904324848582917e+00 2.029973616009739246e-01 3.615192514688503334e-03 8.128910985606756191e-05
1.471675195529959623e+00 2.428435666988373320e-01 3.806818179079986958e-03 2.292266300023571577e-04
1.471675195529959623e+00 2.428435666988373320e-01 3.806818179079986958e-03 2.292266300023571577e-04
1.468989241677256530e+00 2.066766126410126692e-01 5.700389550329658730e-03 9.980501695348018877e-05
1.470903605739733777e+00 2.137601401259430212e-01 1.465148519586033371e-03 1.341166113344497389e-04
1.458766925737967846e+00 2.950357449336383775e-01 3.403605341181791671e-03 2.307644925577799380e-04
1.459019111247231493e+00 1.758831055362630735e-01 4.369376035801000521e-03 3.978171803301841242e-04
1.449908772241722765e+00 1.828295690299681642e-01 3.590253227013888437e-03 1.884242158772062720e-04
1.449908772241722765e+00 1.828295690299681642e-01 3.590253227013888437e-03 1.884242158772062720e-04
1.421696369795277803e+00 2.330992847519364197e-01 6.127480422421716783e-03 6.263383687272257739e-04
1.418166812841791469e+00 2.409573000026932199e-02 4.293473090160145750e-03 7.297230134076497119e-04
1.387023218019184156e+00 1.485604771430245608e-01 2.305004491691086538e-03 6.445470126709403405e-04
1.387023218019184156e+00 1.485604771430245608e-01 2.305004491691086538e-03 6.445470126709403405e-04
1.311412971490932833e+00 -1.093137167048441327e-02 7.947189752313225941e-03 1.662677918533834922e-03
1.285125227655563585e+00 -2.944937954312365491e-01 4.237517358916201987e-03 1.564104275188753484e-03
1.192403152672865119e+00 -1.154288300015317570e-01 7.863565225006384496e-03 1.983120932163733030e-03
1.192403152672865119e+00 -1.154288300015317570e-01 7.863565225006384496e-03 1.983120932163733030e-03
1.192403152672865119e+00 -1.154288300015317570e-01 7.863565225006384496e-03 1.983120932163733030e-03
1.123078423737890574e+00 -4.409104786681573018e-01 -9.255078550249144775e-04 1.928588957497113891e-03
1.054118808470374091e+00 1.640185642565650248e-02 2.621568021313296082e-03 2.399099755918546531e-03
1.054118808470374091e+00 1.640185642565650248e-02 2.621568021313296082e-03 2.399099755918546531e-03
8.531345202760243218e-01 -2.741569604780195735e-01 1.595725894987999605e-03 2.573728089822129722e-03
8.531345202760243218e-01 -2.741569604780195735e-01 1.595725894987999605e-03 2.573728089822129722e-03
8.531345202760243218e-01 -2.741569604780195735e-01 1.595725894987999605e-03 2.573728089822129722e-03
6.383508641472088740e-01 1.684631606822055705e-01 -4.234753005587117529e-03 2.600828474391128284e-03
6.383508641472088740e-01 1.684631606822055705e-01 -4.234753005587117529e-03 2.600828474391128284e-03
6.383508641472088740e-01 1.684631606822055705e-01 -4.234753005587117529e-03 2.600828474391128284e-03
4.172579857452312080e-01 -3.256343553380947053e-02 -8.402638181818321284e-03 1.704717823297481963e-03
4.172579857452312080e-01 -3.256343553380947053e-02 -8.402638181818321284e-03 1.704717823297481963e-03
4.172579857452312080e-01 -3.256343553380947053e-02 -8.402638181818321284e-03 1.704717823297481963e-03
2.941688496725101132e-01 3.363477436465866499e-01 -1.539609441718469904e-02 1.314642264088980265e-03
8.587661550163883106e-03 4.171124974187292445e-01 -1.495215416046252049e-02 1.184499365157801447e-03
8.587661550163883106e-03 4.171124974187292445e-01 -1.495215416046252049e-02 1.184499365157801447e-03
1.441657323446383643e-01 -4.349018439430085703e-02 -2.057568872107052790e-02 4.545407436715468916e-04
1.441657323446383643e-01 -4.349018439430085703e-02 -2.057568872107052790e-02 4.545407436715468916e-04
6.655071123120759324e-02 -4.041543505618805376e-03 -1.390378028359290363e-02 -4.105306118003613364e-04
6.655071123120759324e-02 -4.041543505618805376e-03 -1.390378028359290363e-02 -4.105306118003613364e-04
6.655071123120759324e-02 -4.041543505618805376e-03 -1.390378028359290363e-02 -4.105306118003613364e-04
6.655071123120759324e-02 -4.041543505618805376e-03 -1.390378028359290363e-02 -4.105306118003613364e-04
6.655071123120759324e-02 -4.041543505618805376e-03 -1.390378028359290363e-02 -4.105306118003613364e-04
6.448470302710532231e-02 5.200180345524840764e-02 -1.034616775829774390e-02 9.084889698197360676e-04
2.927339138960242948e-02 2.910210413118258233e-01 -9.419014070120419746e-03 -3.990381301654567520e-04
-6.273054248165790825e-02 1.288153790096188689e-02 -7.553833913724598836e-03 -5.573148386883506993e-04
-6.273054248165790825e-02 1.288153790096188689e-02 -7.553833913724598836e-03 -5.573148386883506993e-04
4.917065553158754543e-02 2.351182749901779001e-01 -3.684015989850589201e-03 2.365851109410637212e-04
4.917065553158754543e-02 2.351182749901779001e-01 -3.684015989850589201e-03 2.365851109410637212e-04
9.378347456428846873e-02 -6.056677294539980494e-02 -4.496831272266209323e-03 2.520448286171561060e-04
9.378347456428846873e-02 -6.056677294539980494e-02 -4.496831272266209323e-03 2.520448286171561060e-04
-8.448372803509043849e-02 7.455507153291310307e-03 -1.319774497168548638e-03 -1.465777685067433801e-04
-8.448372803509043849e-02 7.455507153291310307e-03 -1.319774497168548638e-03 -1.465777685067433801e-04
-8.448372803509043849e-02 7.455507153291310307e-03 -1.319774497168548638e-03 -1.465777685067433801e-04
-8.448372803509043849e-02 7.455507153291310307e-03 -1.319774497168548638e-03 -1.465777685067433801e-04
-8.448372803509043849e-02 7.455507153291310307e-03 -1.319774497168548638e-03 -1.465777685067433801e-04
4.735975442250377199e-02 3.450927120301577888e-02 -8.003773574597741400e-04 1.401100518489305701e-04
4.735975442250377199e-02 3.450927120301577888e-02 -8.003773574597741400e-04 1.401100518489305701e-04
4.735975442250377199e-02 3.450927120301577888e-02 -8.003773574597741400e-04 1.401100518489305701e-04
-4.017493972427340493e-02 -3.367566290384814420e-02 8.039158529602613307e-04 -8.223477757120261538e-05
-2.918255294942787015e-03 -5.213950296665078449e-02 -6.770877899931427787e-04 -1.048044511827936896e-04
-4.701536834410666166e-02 -8.659005598335158330e-03 -7.545201687776120639e-04 -6.507593127543694349e-05
-4.701536834410666166e-02 -8.659005598335158330e-03 -7.545201687776120639e-04 -6.507593127543694349e-05
1.505133048400772444e-02 7.671080242835404822e-03 -5.574652750288347112e-04 1.746121156843674144e-05
1.505133048400772444e-02 7.671080242835404822e-03 -5.574652750288347112e-04 1.746121156843674144e-05
1.505133048400772444e-02 7.671080242835404822e-03 -5.574652750288347112e-04 1.746121156843674144e-05
1.505133048400772444e-02 7.671080242835404822e-03 -5.574652750288347112e-04 1.746121156843674144e-05
1.505133048400772444e-02 7.671080242835404822e-03 -5.574652750288347112e-04 1.746121156843674144e-05
1.505133048400772444e-02 7.671080242835404822e-03 -5.574652750288347112e-04 1.746121156843674144e-05
-7.315346078708444624e-03 -1.844040411530424237e-03 -1.390739691837729515e-04 -6.377119918102037424e-05
7.497542227702411882e-03 1.566343827856279958e-02 -2.176205233751988318e-05 3.440623739832942435e-05
7.497542227702411882e-03 1.566343827856279958e-02 -2.176205233751988318e-05 3.440623739832942435e-05
-2.161272158417936427e-03 1.674872466513017966e-02 -2.713588021946385966e-04 -2.392193230531222927e-05
5.813079490283243334e-03 7.902618173805296686e-03 -3.830080473017132220e-04 4.202599009654405278e-06
-3.729205594950880422e-03 4.363390169789348356e-03 -2.043041541439248794e-04 -2.791688159123980364e-05
-4.933287006593385302e-03 6.569022354380057299e-03 -3.110583592884423295e-04 6.877672759674704299e-06
3.122435455141335872e-03 1.227968855966950906e-02 -1.570971965348498403e-04 1.210830093326184718e-05
3.122435455141335872e-03 1.227968855966950906e-02 -1.570971965348498403e-04 1.210830093326184718e-05
-7.434216398305661458e-03 3.107749849960123045e-03 -8.140934590180855853e-05 2.110835971687869862e-06
-4.728925279095274378e-04 2.694298848570842418e-03 -2.224211702035414908e-04 9.926379939666978857e-06
-3.079347857183845245e-03 5.263040036467240765e-03 -1.986503360630427137e-04 -1.008054209508347786e-05
1.001276342464535625e-03 5.103366292953799913e-03 -1.873066506317895867e-05 1.548146150919047225e-07
1.001276342464535625e-03 5.103366292953799913e-03 -1.873066506317895867e-05 1.548146150919047225e-07
1.001276342464535625e-03 5.103366292953799913e-03 -1.873066506317895867e-05 1.548146150919047225e-07
1.001276342464535625e-03 5.103366292953799913e-03 -1.873066506317895867e-05 1.548146150919047225e-07
1.001276342464535625e-03 5.103366292953799913e-03 -1.873066506317895867e-05 1.548146150919047225e-07
1.001276342464535625e-03 5.103366292953799913e-03 -1.873066506317895867e-05 1.548146150919047225e-07
1.001276342464535625e-03 5.103366292953799913e-03 -1.873066506317895867e-05 1.548146150919047225e-07
1.001276342464535625e-03 5.103366292953799913e-03 -1.873066506317895867e-05 1.548146150919047225e-07
1.001276342464535625e-03 5.103366292953799913e-03 -1.873066506317895867e-05 1.548146150919047225e-07
1.001276342464535625e-03 5.103366292953799913e-03 -1.873066506317895867e-05 1.548146150919047225e-07
1.001276342464535625e-03 5.103366292953799913e-03 -1.873066506317895867e-05 1.548146150919047225e-07
-5.570342938241489104e-04 6.884961138370186175e-03 -3.524673011601437371e-06 -1.395986821169742442e-06
-3.507357886197446165e-04 6.039025328935914046e-03 2.717414626004065683e-05 -3.272349375425208057e-07
-3.507357886197446165e-04 6.039025328935914046e-03 2.717414626004065683e-05 -3.272349375425208057e-07
-3.507357886197446165e-04 6.039025328935914046e-03 2.717414626004065683e-05 -3.272349375425208057e-07
3.050081147771670502e-04 5.530760114814576266e-03 -1.454572226590819477e-05 -3.385349564312968744e-07
3.050081147771670502e-04 5.530760114814576266e-03 -1.454572226590819477e-05 -3.385349564312968744e-07
3.050081147771670502e-04 5.530760114814576266e-03 -1.454572226590819477e-05 -3.385349564312968744e-07
3.050081147771670502e-04 5.530760114814576266e-03 -1.454572226590819477e-05 -3.385349564312968744e-07
-1.090637317300013616e-04 5.637352892176901789e-03 8.026272251891133669e-06 -4.765094010768443321e-07
-1.090637317300013616e-04 5.637352892176901789e-03 8.026272251891133669e-06 -4.765094010768443321e-07
-1.090637317300013616e-04 5.637352892176901789e-03 8.026272251891133669e-06 -4.765094010768443321e-07
-1.090637317300013616e-04 5.637352892176901789e-03 8.026272251891133669e-06 -4.765094010768443321e-07
-1.090637317300013616e-04 5.637352892176901789e-03 8.026272251891133669e-06 -4.765094010768443321e-07
-3.515970706188247951e-05 5.478495315374756584e-03 -1.284695032715872625e-05 1.244367368408530078e-07
-7.305556673136413305e-05 5.734861756613768985e-03 -6.201195998928359237e-06 -7.055787320605229412e-07
4.059167282840936571e-05 5.518511340201101914e-03 -8.612613541555969788e-06 -3.934605417036331093e-07
-7.143379860257602831e-05 5.772827571296271915e-03 2.540428390647812626e-06 3.301227550325200123e-07
-7.143379860257602831e-05 5.772827571296271915e-03 2.540428390647812626e-06 3.301227550325200123e-07
-7.143379860257602831e-05 5.772827571296271915e-03 2.540428390647812626e-06 3.301227550325200123e-07
-4.695596359356165933e-06 5.651932791493466390e-03 7.175054318085385808e-06 1.803513356655533547e-07
-4.695596359356165933e-06 5.651932791493466390e-03 7.175054318085385808e-06 1.803513356655533547e-07
1.667941708112432447e-06 5.570950000054117161e-03 -3.752587741852671406e-06 -1.018476223359172445e-07
1.667941708112432447e-06 5.570950000054117161e-03 -3.752587741852671406e-06 -1.018476223359172445e-07
1.667941708112432447e-06 5.570950000054117161e-03 -3.752587741852671406e-06 -1.018476223359172445e-07
1.667941708112432447e-06 5.570950000054117161e-03 -3.752587741852671406e-06 -1.018476223359172445e-07
1.667941708112432447e-06 5.570950000054117161e-03 -3.752587741852671406e-06 -1.018476223359172445e-07
1.667941708112432447e-06 5.570950000054117161e-03 -3.752587741852671406e-06 -1.018476223359172445e-07
1.667941708112432447e-06 5.570950000054117161e-03 -3.752587741852671406e-06 -1.018476223359172445e-07
1.667941708112432447e-06 5.570950000054117161e-03 -3.752587741852671406e-06 -1.018476223359172445e-07
