1.000000000000000000e+00 5.000000000000000278e-02
1.074999999999999734e+00 4.500000000000001221e-02
1.187500000000000000e+00 4.250000000000000999e-02
1.212499999999999689e+00 3.750000000000001943e-02
1.212499999999999689e+00 3.750000000000001943e-02
1.212499999999999689e+00 3.750000000000001943e-02
1.224999999999999201e+00 3.000000000000002665e-02
1.224999999999999201e+00 3.000000000000002665e-02
1.162499999999998979e+00 2.750000000000002442e-02
1.162499999999998979e+00 2.750000000000002442e-02
1.162499999999998979e+00 2.750000000000002442e-02
1.186718749999998934e+00 2.546875000000002609e-02
1.163867187499998845e+00 2.480468750000002637e-02
1.163867187499998845e+00 2.480468750000002637e-02
1.163867187499998845e+00 2.480468750000002637e-02
1.169552612304686434e+00 2.573913574218752304e-02
1.171630096435545720e+00 2.539352416992190012e-02
1.167229270935057350e+00 2.518550872802736984e-02
1.167229270935057350e+00 2.518550872802736984e-02
1.167229270935057350e+00 2.518550872802736984e-02
1.167825472354887761e+00 2.538011789321902023e-02
1.166308847069739141e+00 2.529456198215487145e-02
1.166308847069739141e+00 2.529456198215487145e-02
1.167277001775800072e+00 2.532905552536251700e-02
1.167277001775800072e+00 2.532905552536251700e-02
1.167277001775800072e+00 2.532905552536251700e-02
1.167022748349699324e+00 2.534363799029963615e-02
1.166933095754937977e+00 2.531877288303806262e-02
1.166933095754937977e+00 2.531877288303806262e-02
1.166933095754937977e+00 2.531877288303806262e-02
1.166933095754937977e+00 2.531877288303806262e-02
1.167009939058231138e+00 2.532878305641818664e-02
1.167009939058231138e+00 2.532878305641818664e-02
