1.000000000000000000e+00 5.000000000000000278e-02
1.074999999999999734e+00 4.500000000000001221e-02
1.187500000000000000e+00 4.250000000000000999e-02
1.293749999999999734e+00 3.125000000000002776e-02
1.571875000000000355e+00 2.062500000000003220e-02
1.923437500000000355e+00 -7.187499999999930056e-03
2.655468750000001599e+00 -4.234374999999990230e-02
3.724609375000001776e+00 -1.155468749999998129e-01
5.723242187500003908e+00 -2.224609374999997335e-01
5.723242187500003908e+00 -2.224609374999997335e-01
5.723242187500003908e+00 -2.224609374999997335e-01
4.991210937500002665e+00 -1.873046874999997891e-01
4.991210937500002665e+00 -1.873046874999997891e-01
4.991210937500002665e+00 -1.873046874999997891e-01
4.991210937500002665e+00 -1.873046874999997891e-01
5.351806640625003553e+00 -2.087207031249997680e-01
5.351806640625003553e+00 -2.087207031249997680e-01
5.173315429687503908e+00 -1.967333984374997624e-01
5.173315429687503908e+00 -1.967333984374997624e-01
5.260754394531253375e+00 -2.040063476562497535e-01
5.260754394531253375e+00 -2.040063476562497535e-01
5.260754394531253375e+00 -2.040063476562497535e-01
5.260754394531253375e+00 -2.040063476562497535e-01
5.238081741333011188e+00 -2.006015777587888127e-01
5.238081741333011188e+00 -2.006015777587888127e-01
5.251134300231937502e+00 -2.032508468627927112e-01
5.244438695907596149e+00 -2.006947612762448874e-01
5.242934119701388340e+00 -2.012871909141538129e-01
5.242934119701388340e+00 -2.012871909141538129e-01
5.242934119701388340e+00 -2.012871909141538129e-01
5.239355914294723249e+00 -1.997753390669820273e-01
5.241578761860731461e+00 -2.004416098445651606e-01
5.241578761860731461e+00 -2.004416098445651606e-01
5.239572786726061082e+00 -1.997305114939806336e-01
5.239572786726061082e+00 -1.997305114939806336e-01
5.239572786726061082e+00 -1.997305114939806336e-01
5.239572786726061082e+00 -1.997305114939806336e-01
5.239572786726061082e+00 -1.997305114939806336e-01
5.240923088297134491e+00 -2.002605250658232305e-01
5.240923088297134491e+00 -2.002605250658232305e-01
5.240923088297134491e+00 -2.002605250658232305e-01
5.240923088297134491e+00 -2.002605250658232305e-01
5.239885055683956239e+00 -1.998396626472456195e-01
5.240193643363776133e+00 -1.999666146372235109e-01
5.240193643363776133e+00 -1.999666146372235109e-01
5.240193643363776133e+00 -1.999666146372235109e-01
5.240193643363776133e+00 -1.999666146372235109e-01
5.240194525271317794e+00 -1.999663979920970613e-01
5.239986962844059626e+00 -1.998822146761252139e-01
5.240142193710732421e+00 -1.999454604856673035e-01
5.240142193710732421e+00 -1.999454604856673035e-01
5.240012687670581926e+00 -1.998927917519033037e-01
5.240012687670581926e+00 -1.998927917519033037e-01
5.240111480121573351e+00 -1.999329408291420362e-01
5.240111480121573351e+00 -1.999329408291420362e-01
