-8.356476598715278925e-02 1.790979233723577480e-02 -7.209216646688805241e-01 7.784333391969167071e-01
-8.669844471167104105e-02 1.858140954988211219e-02 -7.479562270939634772e-01 7.005900052772251474e-01
-8.669844471167104105e-02 1.858140954988211219e-02 -7.479562270939634772e-01 7.005900052772251474e-01
-8.669844471167104105e-02 1.858140954988211219e-02 -7.479562270939634772e-01 7.005900052772251474e-01
-8.415233074799999269e-02 1.887524208041488349e-02 -8.273702542176444297e-01 6.470727132074372001e-01
-8.459300431863536751e-02 1.959932938779921502e-02 -8.080799674872467531e-01 5.485522437153274034e-01
-8.459300431863536751e-02 1.959932938779921502e-02 -8.080799674872467531e-01 5.485522437153274034e-01
-9.044212990665212448e-02 2.133740127599530190e-02 -8.686085222918427107e-01 4.085254653168195471e-01
-8.750481614127120222e-02 2.172535203896434897e-02 -9.996495873278767874e-01 2.283987273063614598e-01
-8.750481614127120222e-02 2.172535203896434897e-02 -9.996495873278767874e-01 2.283987273063614598e-01
-8.813579795964190944e-02 2.594182972238760765e-02 -1.052397015125888124e+00 -7.565303991719019017e-02
-8.813579795964190944e-02 2.594182972238760765e-02 -1.052397015125888124e+00 -7.565303991719019017e-02
-8.813579795964190944e-02 2.594182972238760765e-02 -1.052397015125888124e+00 -7.565303991719019017e-02
-8.813579795964190944e-02 2.594182972238760765e-02 -1.052397015125888124e+00 -7.565303991719019017e-02
-8.813579795964190944e-02 2.594182972238760765e-02 -1.052397015125888124e+00 -7.565303991719019017e-02
-8.813579795964190944e-02 2.594182972238760765e-02 -1.052397015125888124e+00 -7.565303991719019017e-02
-9.011840169115543919e-02 2.473530820571089028e-02 -1.069072597874750397e+00 -5.526903444995404091e-02
-9.028138083680053994e-02 2.400403057029178167e-02 -1.026207281501958057e+00 3.444394373540807242e-02
-8.963451307294754977e-02 2.415637832243519925e-02 -1.044417224003860500e+00 1.991905500401722207e-02
-8.963451307294754977e-02 2.415637832243519925e-02 -1.044417224003860500e+00 1.991905500401722207e-02
-8.963451307294754977e-02 2.415637832243519925e-02 -1.044417224003860500e+00 1.991905500401722207e-02
-8.954022491812210771e-02 2.456751469818305167e-02 -1.051228135925404539e+00 -2.003348891869575696e-02
-8.954022491812210771e-02 2.456751469818305167e-02 -1.051228135925404539e+00 -2.003348891869575696e-02
-8.996704525037740874e-02 2.429977879381105960e-02 -1.037573520427099272e+00 1.067776146958976380e-02
-8.996704525037740874e-02 2.429977879381105960e-02 -1.037573520427099272e+00 1.067776146958976380e-02
-8.976269876668060976e-02 2.434809547616374747e-02 -1.045890765274552159e+00 4.187727535188829481e-03
-8.859393165872618547e-02 2.444993573445882959e-02 -1.036202705221976439e+00 7.853376527591302697e-03
-8.859393165872618547e-02 2.444993573445882959e-02 -1.036202705221976439e+00 7.853376527591302697e-03
-8.939701105888994692e-02 2.457972985855693890e-02 -1.043924701175414027e+00 -7.125823023489158414e-03
-8.963754112204558311e-02 2.438654704590404940e-02 -1.040334670903529712e+00 4.781374916638315292e-03
-8.941315107107196403e-02 2.447828857578976738e-02 -1.043976662245883480e+00 -3.475581797780592178e-03
-8.825582864968906094e-02 2.472468495870469574e-02 -1.031547524110998815e+00 -6.850445103157758522e-03
-8.825582864968906094e-02 2.472468495870469574e-02 -1.031547524110998815e+00 -6.850445103157758522e-03
-8.825582864968906094e-02 2.472468495870469574e-02 -1.031547524110998815e+00 -6.850445103157758522e-03
-8.825582864968906094e-02 2.472468495870469574e-02 -1.031547524110998815e+00 -6.850445103157758522e-03
-8.654484252926589183e-02 2.482726013447077856e-02 -1.013783580572906740e+00 3.206330776318408720e-03
-8.654484252926589183e-02 2.482726013447077856e-02 -1.013783580572906740e+00 3.206330776318408720e-03
-8.654484252926589183e-02 2.482726013447077856e-02 -1.013783580572906740e+00 3.206330776318408720e-03
-8.486155403971951117e-02 2.523598048367683283e-02 -9.924201994008159389e-01 -3.434971536030924713e-03
-8.178169859766015737e-02 2.555917834247349585e-02 -9.659506757739961813e-01 8.065624744868805929e-04
-8.178169859766015737e-02 2.555917834247349585e-02 -9.659506757739961813e-01 8.065624744868805929e-04
-8.178169859766015737e-02 2.555917834247349585e-02 -9.659506757739961813e-01 8.065624744868805929e-04
-7.607921537337186679e-02 2.645119180664583236e-02 -8.950211022937013539e-01 7.109877605245320566e-03
-7.607921537337186679e-02 2.645119180664583236e-02 -8.950211022937013539e-01 7.109877605245320566e-03
-6.866437296892530240e-02 2.735898365644263974e-02 -8.241990922077957471e-01 1.777635244397915773e-02
-6.525500861249819429e-02 2.814799392786670323e-02 -7.914439431479354248e-01 -3.308808986428171672e-03
-5.266441368289559444e-02 3.002738597797305342e-02 -6.455678999611893509e-01 1.202607033533348649e-02
-5.266441368289559444e-02 3.002738597797305342e-02 -6.455678999611893509e-01 1.202607033533348649e-02
-2.754918152851032476e-02 3.356585670206457817e-02 -3.949818627321635134e-01 2.079563492126136615e-02
-1.154247275709219256e-02 3.640542778668741375e-02 -2.147129607972504406e-01 1.727147101755345526e-03
-1.154247275709219256e-02 3.640542778668741375e-02 -2.147129607972504406e-01 1.727147101755345526e-03
3.580219156890239451e-03 3.860753824246598853e-02 -5.660920521210899281e-02 1.242086397488807725e-02
3.580219156890239451e-03 3.860753824246598853e-02 -5.660920521210899281e-02 1.242086397488807725e-02
3.580219156890239451e-03 3.860753824246598853e-02 -5.660920521210899281e-02 1.242086397488807725e-02
3.580219156890239451e-03 3.860753824246598853e-02 -5.660920521210899281e-02 1.242086397488807725e-02
8.436531110034561909e-04 3.863891815215897418e-02 -7.544928978116616225e-02 -1.130987775680709038e-02
8.436531110034561909e-04 3.863891815215897418e-02 -7.544928978116616225e-02 -1.130987775680709038e-02
2.013140708712827381e-02 4.134425653323127448e-02 1.186980202107458249e-01 -2.566552176596070822e-03
-1.084362297453303481e-05 3.821447636434912448e-02 -9.156232230381201875e-02 1.364060359141339336e-03
1.383198581128119824e-02 4.035234208161921077e-02 5.674152013472480438e-02 2.718292012390489867e-03
6.139634876749918910e-03 3.912251826265281812e-02 -2.725111157349294211e-02 4.986172292210122071e-03
6.139634876749918910e-03 3.912251826265281812e-02 -2.725111157349294211e-02 4.986172292210122071e-03
1.323996937351181423e-02 4.028312763410715758e-02 4.775922318979259479e-02 -7.549845450190802078e-04
4.825195643021203996e-03 3.897681895838583932e-02 -3.995575488078574600e-02 9.454411098295722928e-04
1.062076158911657089e-02 3.987381142661670930e-02 2.210900696154384504e-02 1.400950573634032834e-03
7.069869972562356497e-03 3.938136365087584190e-02 -1.499052032889896732e-02 -1.598898729923324113e-03
7.069869972562356497e-03 3.938136365087584190e-02 -1.499052032889896732e-02 -1.598898729923324113e-03
1.037687458867485486e-02 3.984251923904770509e-02 1.830491413649868587e-02 2.746305882927145559e-05
1.037687458867485486e-02 3.984251923904770509e-02 1.830491413649868587e-02 2.746305882927145559e-05
9.329461647920539100e-03 3.971040223726646223e-02 8.562684271087615123e-03 -1.023908523928153055e-03
9.515337519657536200e-03 3.971588853374082712e-02 1.025538933165409845e-02 4.714233411740606852e-04
8.045575154767326681e-03 3.951148025622851917e-02 -5.138635605998174288e-03 -7.697110517174446343e-04
8.090129909695660537e-03 3.949632500142032793e-02 -5.136951619159686906e-03 2.196226679839968299e-04
8.090129909695660537e-03 3.949632500142032793e-02 -5.136951619159686906e-03 2.196226679839968299e-04
8.090129909695660537e-03 3.949632500142032793e-02 -5.136951619159686906e-03 2.196226679839968299e-04
8.873571819603898875e-03 3.962437367816176031e-02 3.541516842384630995e-03 4.165267434067486656e-05
8.873571819603898875e-03 3.962437367816176031e-02 3.541516842384630995e-03 4.165267434067486656e-05
8.296876492227874683e-03 3.954119899822926276e-02 -2.340292954087853754e-03 -2.029426455867539870e-04
8.692710515314904657e-03 3.960012454294421780e-02 1.667378757831580651e-03 -2.304072813825913722e-04
8.381964235335100794e-03 3.954521016561500513e-02 -1.818150411761310743e-03 1.107437936335499168e-04
8.381964235335100794e-03 3.954521016561500513e-02 -1.818150411761310743e-03 1.107437936335499168e-04
8.695312076559928716e-03 3.959727923656325421e-02 1.671663694878346585e-03 1.057980816631895628e-06
8.456768860913423808e-03 3.956270192638875610e-02 -7.677466222371206930e-04 -9.573960084665929118e-05
8.456768860913423808e-03 3.956270192638875610e-02 -7.677466222371206930e-04 -9.573960084665929118e-05
8.618233837901131608e-03 3.958368751156574050e-02 8.513365515146569234e-04 7.265760561881757932e-05
8.490420610296454257e-03 3.956399952608181947e-02 -5.732061827094189245e-04 4.103908768067542154e-05
8.490420610296454257e-03 3.956399952608181947e-02 -5.732061827094189245e-04 4.103908768067542154e-05
8.567502638936994735e-03 3.957792503385679228e-02 3.208908761754095682e-04 -4.764140562501380206e-05
8.567502638936994735e-03 3.957792503385679228e-02 3.208908761754095682e-04 -4.764140562501380206e-05
8.562726993676775950e-03 3.957589673449483231e-02 2.612784861568941889e-04 2.653923743518614767e-05
8.562726993676775950e-03 3.957589673449483231e-02 2.612784861568941889e-04 2.653923743518614767e-05
8.521763796090521537e-03 3.956960248428177673e-02 -2.031563548807421068e-04 1.459844894507866972e-05
8.521763796090521537e-03 3.956960248428177673e-02 -2.031563548807421068e-04 1.459844894507866972e-05
8.521763796090521537e-03 3.956960248428177673e-02 -2.031563548807421068e-04 1.459844894507866972e-05
8.521651987115790028e-03 3.957014332957703440e-02 -1.696212064674066018e-04 -7.800841355868214815e-06
8.547624131074578469e-03 3.957387106014655098e-02 9.992913896261128651e-05 9.195680305855182172e-06
8.547624131074578469e-03 3.957387106014655098e-02 9.992913896261128651e-05 9.195680305855182172e-06
8.536593263743804880e-03 3.957193812514099573e-02 -3.411443915154322690e-05 1.235914308436306625e-05
8.536593263743804880e-03 3.957193812514099573e-02 -3.411443915154322690e-05 1.235914308436306625e-05
8.530574827171837071e-03 3.957138252379397564e-02 -8.205721085261140292e-05 -1.497263143570939879e-06
8.540123254779125039e-03 3.957286113456542215e-02 1.608505102787564304e-05 -1.566678805965199817e-06
8.540927620421211175e-03 3.957283381049343102e-02 2.411736284619243637e-05 6.729437721160843335e-06
8.540927620421211175e-03 3.957283381049343102e-02 2.411736284619243637e-05 6.729437721160843335e-06
8.537809393378597428e-03 3.957229166331910353e-02 -1.370076469314160687e-05 6.669601015753970744e-06
8.537809393378597428e-03 3.957229166331910353e-02 -1.370076469314160687e-05 6.669601015753970744e-06
