1.000000000000000000e+00 1.000000000000000000e+00
1.074999999999999734e+00 8.999999999999999112e-01
1.187500000000000000e+00 8.499999999999996447e-01
1.293749999999999734e+00 6.249999999999991118e-01
1.571875000000000355e+00 4.124999999999983125e-01
1.678125000000000089e+00 1.874999999999977796e-01
1.956250000000000711e+00 -2.500000000000301981e-02
1.956250000000000711e+00 -2.500000000000301981e-02
2.119921875000001066e+00 -4.218750000000331957e-02
2.119921875000001066e+00 -4.218750000000331957e-02
2.119921875000001066e+00 -4.218750000000331957e-02
2.119921875000001066e+00 -4.218750000000331957e-02
2.260095214843751421e+00 -1.108398437500349859e-02
2.579742431640627220e+00 -8.283691406250415223e-02
3.019912719726565165e+00 -5.650634765625484057e-02
3.879292297363285513e+00 -1.868469238281315059e-01
4.319462585449223013e+00 -1.605163574218821942e-01
4.319462585449223013e+00 -1.605163574218821942e-01
4.319462585449223013e+00 -1.605163574218821942e-01
4.319462585449223013e+00 -1.605163574218821942e-01
4.459635925292973369e+00 -1.294128417968823663e-01
4.459635925292973369e+00 -1.294128417968823663e-01
4.459635925292973369e+00 -1.294128417968823663e-01
4.459635925292973369e+00 -1.294128417968823663e-01
4.459635925292973369e+00 -1.294128417968823663e-01
4.484399795532231003e+00 -1.487197875976636885e-01
4.481348323822026636e+00 -1.337215423584058593e-01
4.471254992485050650e+00 -1.353167533874585771e-01
4.471254992485050650e+00 -1.353167533874585771e-01
4.475538790225987995e+00 -1.307695865631177679e-01
4.475538790225987995e+00 -1.307695865631177679e-01
4.475538790225987995e+00 -1.307695865631177679e-01
4.476998509466655563e+00 -1.155421316623762573e-01
4.476998509466655563e+00 -1.155421316623762573e-01
4.474721825681637455e+00 -9.915154799819747566e-02
4.478185907192540505e+00 -8.977533057332798272e-02
4.475364580377954482e+00 -5.230605453253567294e-02
4.475364580377954482e+00 -5.230605453253567294e-02
4.476007335074272397e+00 -5.460561066873870217e-03
4.477257309807486152e+00 -3.590657245368547579e-02
4.477900064503804956e+00 1.093892101197632694e-02
4.477900064503804956e+00 1.093892101197632694e-02
4.477900064503804956e+00 1.093892101197632694e-02
4.477900064503804956e+00 1.093892101197632694e-02
4.477728222329488972e+00 -5.383694387281814757e-03
4.477728222329488972e+00 -5.383694387281814757e-03
4.477909977911015638e+00 4.776927333651845992e-03
4.477672870026895957e+00 -1.761856139190749867e-03
4.477759823149222385e+00 -1.938079395025633402e-03
4.477813162249537626e+00 1.463479783271827124e-03
4.477729681363138425e+00 -9.995779725338264487e-04
4.477765622477780205e+00 -8.530642448283165319e-04
4.477780407084998693e+00 2.685793372953778442e-04
4.477780407084998693e+00 2.685793372953778442e-04
4.477780407084998693e+00 2.685793372953778442e-04
4.477780407084998693e+00 2.685793372953778442e-04
4.477777009616016102e+00 -1.101178130734463016e-04
4.477777009616016102e+00 -1.101178130734463016e-04
4.477777248397687870e+00 9.193624240457564192e-05
4.477780108607909426e+00 1.601176794785040799e-05
4.477777844059406931e+00 -2.807190394861663917e-05
4.477777844059406931e+00 -2.807190394861663917e-05
4.477777844059406931e+00 -2.807190394861663917e-05
