-8.618934986170807555e-01 2.590297440511521998e-01 8.397841467080435773e-01 7.117041947642752664e-01
-8.942145048152210229e-01 2.687433594530703740e-01 8.712760522095952531e-01 6.405337752878479396e-01
-8.942145048152210229e-01 2.687433594530703740e-01 8.712760522095952531e-01 6.405337752878479396e-01
-8.942145048152210229e-01 2.687433594530703740e-01 8.712760522095952531e-01 6.405337752878479396e-01
-8.706471044624097821e-01 2.729930661914096168e-01 9.637835246204029538e-01 5.916041118978041524e-01
-9.634016587081144500e-01 2.834655577966024298e-01 9.413127378823165081e-01 5.015290497479509835e-01
-9.634016587081144500e-01 2.834655577966024298e-01 9.413127378823165081e-01 5.015290497479509835e-01
-9.021053754690626647e-01 3.086033320300823890e-01 1.011820982035855465e+00 3.735056975257058376e-01
-9.565050377566541862e-01 3.142142729580457150e-01 1.164467537657877472e+00 2.088198489423127580e-01
-9.565050377566541862e-01 3.142142729580457150e-01 1.164467537657877472e+00 2.088198489423127580e-01
-1.020671625196039933e+00 3.751972879795975047e-01 1.225911735849289474e+00 -6.916788264911521988e-02
-1.020671625196039933e+00 3.751972879795975047e-01 1.225911735849289474e+00 -6.916788264911521988e-02
-1.020671625196039933e+00 3.751972879795975047e-01 1.225911735849289474e+00 -6.916788264911521988e-02
-1.020671625196039933e+00 3.751972879795975047e-01 1.225911735849289474e+00 -6.916788264911521988e-02
-1.020671625196039933e+00 3.751972879795975047e-01 1.225911735849289474e+00 -6.916788264911521988e-02
-1.020671625196039933e+00 3.751972879795975047e-01 1.225911735849289474e+00 -6.916788264911521988e-02
-1.015779837097000593e+00 3.577473391598552377e-01 1.245336717391555492e+00 -5.053124227590567036e-02
-1.001206733661381465e+00 3.471708536726885175e-01 1.195403950909874613e+00 3.149132752459758711e-02
-9.948583693283922225e-01 3.493742627631687414e-01 1.216616270881679895e+00 1.821154656187575285e-02
-9.948583693283922225e-01 3.493742627631687414e-01 1.216616270881679895e+00 1.821154656187575285e-02
-9.948583693283922225e-01 3.493742627631687414e-01 1.216616270881679895e+00 1.821154656187575285e-02
-1.012138610597773436e+00 3.553205377492092421e-01 1.224550136843336912e+00 -1.831617093109987049e-02
-1.014468686139176956e+00 3.527434780476436105e-01 1.199253384608437889e+00 1.818666714599448744e-02
-1.005126240009349470e+00 3.511834260512427530e-01 1.205032753468413320e+00 1.423359728692921711e-02
-1.010682647941300250e+00 3.577505706559912513e-01 1.214794784112410486e+00 -1.104983228190104319e-02
-1.010682647941300250e+00 3.577505706559912513e-01 1.214794784112410486e+00 -1.104983228190104319e-02
-1.015165931115576292e+00 3.551405629668024089e-01 1.196829999387287291e+00 1.091534154021554966e-02
-1.014399910829792750e+00 3.542716519191856928e-01 1.202358791754560396e+00 8.770169897163414274e-03
-1.010887896617434389e+00 3.538776541544781384e-01 1.204914230970316247e+00 6.110706543910053752e-03
-1.019566909820716738e+00 3.571924267064945369e-01 1.204961855095381784e+00 -6.498909763533681355e-03
-1.019566909820716738e+00 3.571924267064945369e-01 1.204961855095381784e+00 -6.498909763533681355e-03
-1.014795293343604854e+00 3.552924446179667184e-01 1.201010672134569468e+00 6.116322528083860052e-03
-1.014585296385233093e+00 3.564134607061465454e-01 1.206102076588000838e+00 -3.404322438058284515e-03
-1.013167873879735392e+00 3.551055651181107553e-01 1.205032753675795654e+00 2.192895486050125756e-03
-1.020898720034787210e+00 3.551317782688073743e-01 1.195769514706014114e+00 5.029994586868724929e-03
-1.020898720034787210e+00 3.551317782688073743e-01 1.195769514706014114e+00 5.029994586868724929e-03
-1.020898720034787210e+00 3.551317782688073743e-01 1.195769514706014114e+00 5.029994586868724929e-03
-1.020499091124498214e+00 3.549760292831900532e-01 1.198122536292375528e+00 3.406552910641830363e-03
-1.031789246438698626e+00 3.567759528715925832e-01 1.191088748931408148e+00 -3.472202194781153634e-03
-1.031789246438698626e+00 3.567759528715925832e-01 1.191088748931408148e+00 -3.472202194781153634e-03
-1.031789246438698626e+00 3.567759528715925832e-01 1.191088748931408148e+00 -3.472202194781153634e-03
-1.042023931669542769e+00 3.562125387868568804e-01 1.180939518031563384e+00 7.834613425012366267e-04
-1.058966819898904177e+00 3.574514188858417540e-01 1.163346211163231558e+00 2.063026018849580673e-03
-1.058966819898904177e+00 3.574514188858417540e-01 1.163346211163231558e+00 2.063026018849580673e-03
-1.058966819898904177e+00 3.574514188858417540e-01 1.163346211163231558e+00 2.063026018849580673e-03
-1.100123092108283629e+00 3.588720863602381517e-01 1.129637008006503684e+00 -5.016452674934512163e-04
-1.100123092108283629e+00 3.588720863602381517e-01 1.129637008006503684e+00 -5.016452674934512163e-04
-1.100123092108283629e+00 3.588720863602381517e-01 1.129637008006503684e+00 -5.016452674934512163e-04
-1.150606797484122090e+00 3.611999898819577837e-01 1.078999136827323735e+00 6.847937258108036801e-03
-1.212467999326508838e+00 3.635378674964770962e-01 1.028367632732448911e+00 1.408030361584513418e-04
-1.212467999326508838e+00 3.635378674964770962e-01 1.028367632732448911e+00 1.408030361584513418e-04
-1.296803511241497286e+00 3.676150252037456712e-01 9.541577344995766374e-01 2.774561946666422377e-03
-1.431358822774311701e+00 3.719926587090380821e-01 8.235909921082442686e-01 1.770079961240253116e-02
-1.431358822774311701e+00 3.719926587090380821e-01 8.235909921082442686e-01 1.770079961240253116e-02
-1.649078762334819537e+00 3.841157190227126872e-01 6.430680198043754459e-01 -2.255337966834747299e-03
-1.916124238476123232e+00 3.937324913221120770e-01 3.952823915147272160e-01 2.066603659984597371e-02
-1.916124238476123232e+00 3.937324913221120770e-01 3.952823915147272160e-01 2.066603659984597371e-02
-2.355915685892256306e+00 4.154924148703242892e-01 1.880674450469577152e-04 2.276549328045167353e-02
-2.482649025808242538e+00 4.210022499312773281e-01 -1.037802367289617500e-01 1.295543159167822714e-02
-2.482649025808242538e+00 4.210022499312773281e-01 -1.037802367289617500e-01 1.295543159167822714e-02
-2.482649025808242538e+00 4.210022499312773281e-01 -1.037802367289617500e-01 1.295543159167822714e-02
-2.482649025808242538e+00 4.210022499312773281e-01 -1.037802367289617500e-01 1.295543159167822714e-02
-2.482649025808242538e+00 4.210022499312773281e-01 -1.037802367289617500e-01 1.295543159167822714e-02
-2.482649025808242538e+00 4.210022499312773281e-01 -1.037802367289617500e-01 1.295543159167822714e-02
-2.482649025808242538e+00 4.210022499312773281e-01 -1.037802367289617500e-01 1.295543159167822714e-02
-2.499080916008233011e+00 4.236104881946601841e-01 -1.179478714076314383e-01 9.011672397661776857e-03
-2.391703943066064042e+00 4.188526316588161436e-01 -1.286691143591423003e-02 -2.063840213948252289e-03
-2.391703943066064042e+00 4.188526316588161436e-01 -1.286691143591423003e-02 -2.063840213948252289e-03
-2.391703943066064042e+00 4.188526316588161436e-01 -1.286691143591423003e-02 -2.063840213948252289e-03
-2.391703943066064042e+00 4.188526316588161436e-01 -1.286691143591423003e-02 -2.063840213948252289e-03
-2.391703943066064042e+00 4.188526316588161436e-01 -1.286691143591423003e-02 -2.063840213948252289e-03
-2.391703943066064042e+00 4.188526316588161436e-01 -1.286691143591423003e-02 -2.063840213948252289e-03
-2.391703943066064042e+00 4.188526316588161436e-01 -1.286691143591423003e-02 -2.063840213948252289e-03
-2.391703943066064042e+00 4.188526316588161436e-01 -1.286691143591423003e-02 -2.063840213948252289e-03
-2.385714862970221173e+00 4.188203366416334283e-01 -1.135688512845935139e-02 1.550290538739791018e-03
-2.385714862970221173e+00 4.188203366416334283e-01 -1.135688512845935139e-02 1.550290538739791018e-03
-2.352210830167841049e+00 4.176089750826533220e-01 2.065973772119145124e-02 -1.783408706084435276e-03
-2.350919018199798316e+00 4.171350077232124365e-01 2.033415090945962789e-02 8.256849062364857335e-04
-2.375363662973257295e+00 4.182602817639762272e-01 1.648036855234034925e-04 -7.450874058161521298e-04
-2.375363662973257295e+00 4.182602817639762272e-01 1.648036855234034925e-04 -7.450874058161521298e-04
-2.374600836687060124e+00 4.183332665720194687e-01 -5.834632956369942627e-04 4.487635330015588226e-04
-2.374600836687060124e+00 4.183332665720194687e-01 -5.834632956369942627e-04 4.487635330015588226e-04
-2.361217734229372756e+00 4.176665278621657373e-01 1.166106673279709155e-02 1.448885634154940816e-04
-2.361217734229372756e+00 4.176665278621657373e-01 1.166106673279709155e-02 1.448885634154940816e-04
-2.369797745766345720e+00 4.180647026865551008e-01 4.613881488894471146e-03 -3.703461669439651297e-04
-2.369797745766345720e+00 4.180647026865551008e-01 4.613881488894471146e-03 -3.703461669439651297e-04
-2.369797745766345720e+00 4.180647026865551008e-01 4.613881488894471146e-03 -3.703461669439651297e-04
-2.369797745766345720e+00 4.180647026865551008e-01 4.613881488894471146e-03 -3.703461669439651297e-04
-2.364858107337353132e+00 4.178576896707986155e-01 8.578933536065451101e-03 -7.160204002787617884e-05
-2.364858107337353132e+00 4.178576896707986155e-01 8.578933536065451101e-03 -7.160204002787617884e-05
-2.368014215958366808e+00 4.180212790130551359e-01 5.767062012433404883e-03 -5.496262502051541205e-05
-2.368014215958366808e+00 4.180212790130551359e-01 5.767062012433404883e-03 -5.496262502051541205e-05
-2.368014215958366808e+00 4.180212790130551359e-01 5.767062012433404883e-03 -5.496262502051541205e-05
-2.367413154397926434e+00 4.179999174400435002e-01 6.371428203021150399e-03 -2.428412992516783297e-04
-2.367413154397926434e+00 4.179999174400435002e-01 6.371428203021150399e-03 -2.428412992516783297e-04
-2.367413154397926434e+00 4.179999174400435002e-01 6.371428203021150399e-03 -2.428412992516783297e-04
-2.368036824516574601e+00 4.180382075510854500e-01 5.674105658149134618e-03 -1.011388928210852039e-04
-2.367791776201253917e+00 4.180381068025819657e-01 5.983712946444663498e-03 -2.026223472947683685e-04
-2.366258502857621959e+00 4.179759651034348766e-01 7.285516947009029048e-03 -2.683292473582456878e-04
-2.366339373504783072e+00 4.179656528317778896e-01 7.202301024962955676e-03 -1.518570760357173339e-04
-2.366800084142190563e+00 4.180090487043965908e-01 6.701390085261741889e-03 -1.191324825032300081e-04
-2.366800084142190563e+00 4.180090487043965908e-01 6.701390085261741889e-03 -1.191324825032300081e-04
-2.366800084142190563e+00 4.180090487043965908e-01 6.701390085261741889e-03 -1.191324825032300081e-04
-2.366800084142190563e+00 4.180090487043965908e-01 6.701390085261741889e-03 -1.191324825032300081e-04
-2.366996586570345507e+00 4.180335330608455635e-01 6.436905766272696047e-03 -1.496058290006887083e-04
-2.366996586570345507e+00 4.180335330608455635e-01 6.436905766272696047e-03 -1.496058290006887083e-04
-2.366996586570345507e+00 4.180335330608455635e-01 6.436905766272696047e-03 -1.496058290006887083e-04
-2.366856137991100617e+00 4.180487599031968982e-01 6.467155988759549536e-03 -1.012765321181306700e-04
-2.366327272929256154e+00 4.180552644358890291e-01 6.811119223783176913e-03 -2.051913215316110905e-04
-2.366327272929256154e+00 4.180552644358890291e-01 6.811119223783176913e-03 -2.051913215316110905e-04
-2.366327272929256154e+00 4.180552644358890291e-01 6.811119223783176913e-03 -2.051913215316110905e-04
-2.366327272929256154e+00 4.180552644358890291e-01 6.811119223783176913e-03 -2.051913215316110905e-04
-2.365141766967588488e+00 4.180613750796791095e-01 7.514537178935146167e-03 -1.284779537086249823e-04
-2.365141766967588488e+00 4.180613750796791095e-01 7.514537178935146167e-03 -1.284779537086249823e-04
-2.366890621349073243e+00 4.182142539217721389e-01 5.693976972680418747e-03 -2.207700929810614511e-04
-2.366890621349073243e+00 4.182142539217721389e-01 5.693976972680418747e-03 -2.207700929810614511e-04
-2.363701230182842394e+00 4.182064352069854163e-01 7.753043875190112483e-03 -1.861454864816773982e-04
-2.363701230182842394e+00 4.182064352069854163e-01 7.753043875190112483e-03 -1.861454864816773982e-04
-2.365101495289369637e+00 4.184579508457155761e-01 5.778682325435786221e-03 -3.806716442534212970e-04
-2.366198123643082241e+00 4.186386739409356794e-01 4.123256632669014890e-03 -2.392827177564844053e-04
-2.361361527337072275e+00 4.187361103469822154e-01 6.843452828455189735e-03 -3.089714128153852896e-04
-2.361361527337072275e+00 4.187361103469822154e-01 6.843452828455189735e-03 -3.089714128153852896e-04
-2.361361527337072275e+00 4.187361103469822154e-01 6.843452828455189735e-03 -3.089714128153852896e-04
-2.360804391826650139e+00 4.195136843180304886e-01 3.427522045006164281e-03 -2.669078759922238926e-04
-2.354565836256901079e+00 4.198084959104113612e-01 6.216572489792567685e-03 -5.704045976629022914e-04
-2.354565836256901079e+00 4.198084959104113612e-01 6.216572489792567685e-03 -5.704045976629022914e-04
-2.348367863045222492e+00 4.204934858076569970e-01 6.892435171929391438e-03 -3.549246266976536840e-04
-2.341882914741229449e+00 4.218789385290202532e-01 4.433582870788523034e-03 -4.973534063620298207e-04
-2.341882914741229449e+00 4.218789385290202532e-01 4.433582870788523034e-03 -4.973534063620298207e-04
-2.326743527946398160e+00 4.239245510316456134e-01 4.775575112071921841e-03 -9.212471713242738162e-04
-2.308218193716502498e+00 4.260330264075100626e-01 6.509925426270452703e-03 -6.332189908530730469e-04
-2.308218193716502498e+00 4.260330264075100626e-01 6.509925426270452703e-03 -6.332189908530730469e-04
-2.286032021987618457e+00 4.309368449205921436e-01 -2.363587879828411842e-03 -1.080354264986587527e-03
-2.239322388088395677e+00 4.364451621951388471e-01 1.983036421667075042e-03 -1.706589517273371815e-03
-2.204035306784557058e+00 4.417443955625079965e-01 -7.953520787033572376e-04 -1.447808746810707106e-03
-2.204035306784557058e+00 4.417443955625079965e-01 -7.953520787033572376e-04 -1.447808746810707106e-03
-2.204035306784557058e+00 4.417443955625079965e-01 -7.953520787033572376e-04 -1.447808746810707106e-03
-2.037951810664971219e+00 4.648949548114391650e-01 -2.943233070394722130e-03 -2.968670588871961686e-03
-1.980343145395847770e+00 4.752156647245708854e-01 -1.533118379243204529e-02 -2.662760887997334645e-03
-1.980343145395847770e+00 4.752156647245708854e-01 -1.533118379243204529e-02 -2.662760887997334645e-03
-1.831763514221490752e+00 4.933241839224102865e-01 -5.422544907763737071e-03 -3.260080702016911885e-03
-1.831763514221490752e+00 4.933241839224102865e-01 -5.422544907763737071e-03 -3.260080702016911885e-03
-1.831763514221490752e+00 4.933241839224102865e-01 -5.422544907763737071e-03 -3.260080702016911885e-03
-1.603011841932110215e+00 5.268557858161304619e-01 -1.754577225385671110e-02 -3.545797756377806580e-03
-1.603011841932110215e+00 5.268557858161304619e-01 -1.754577225385671110e-02 -3.545797756377806580e-03
-1.395767644623677306e+00 5.544022814360500817e-01 -1.547701100220173070e-02 -3.399769963355534635e-03
-1.395767644623677306e+00 5.544022814360500817e-01 -1.547701100220173070e-02 -3.399769963355534635e-03
-1.395767644623677306e+00 5.544022814360500817e-01 -1.547701100220173070e-02 -3.399769963355534635e-03
-1.078168275642340745e+00 5.982995868310103660e-01 -2.032855174276875648e-02 -2.530066181606336825e-03
-1.078168275642340745e+00 5.982995868310103660e-01 -2.032855174276875648e-02 -2.530066181606336825e-03
-1.307753237134853030e+00 5.630590340997776444e-01 -1.211536167487758942e-03 -1.294281213754425175e-03
-6.998247823637289144e-01 6.502586410122865868e-01 -2.574423840389829937e-02 -4.075499889243184085e-04
-2.059736581436424352e-01 7.146027248395241394e-01 -1.459808847111122854e-02 1.016354820626361698e-03
-2.059736581436424352e-01 7.146027248395241394e-01 -1.459808847111122854e-02 1.016354820626361698e-03
-2.059736581436424352e-01 7.146027248395241394e-01 -1.459808847111122854e-02 1.016354820626361698e-03
-2.059736581436424352e-01 7.146027248395241394e-01 -1.459808847111122854e-02 1.016354820626361698e-03
-2.059736581436424352e-01 7.146027248395241394e-01 -1.459808847111122854e-02 1.016354820626361698e-03
-2.059736581436424352e-01 7.146027248395241394e-01 -1.459808847111122854e-02 1.016354820626361698e-03
-2.059736581436424352e-01 7.146027248395241394e-01 -1.459808847111122854e-02 1.016354820626361698e-03
-2.059736581436424352e-01 7.146027248395241394e-01 -1.459808847111122854e-02 1.016354820626361698e-03
-2.869705242163353986e-01 7.020040150685511460e-01 -5.626699121180777849e-03 -6.246760403167720636e-04
-2.869705242163353986e-01 7.020040150685511460e-01 -5.626699121180777849e-03 -6.246760403167720636e-04
-2.869705242163353986e-01 7.020040150685511460e-01 -5.626699121180777849e-03 -6.246760403167720636e-04
-2.651527087368382718e-01 7.044810429421828335e-01 -4.350684392704414621e-03 8.572046900620484923e-04
-2.221875963923922725e-01 7.094004262314703713e-01 1.008967104164917514e-03 -8.287786809111424239e-04
-1.301229161290338721e-01 7.231896641820008131e-01 -5.914714467600151043e-03 8.842776954478802636e-06
-1.355086711410073419e-01 7.207198584416969478e-01 2.709813744322712992e-03 -2.615377177520109291e-04
-1.355086711410073419e-01 7.207198584416969478e-01 2.709813744322712992e-03 -2.615377177520109291e-04
-2.047431800741358887e-01 7.122657001817529476e-01 -2.155660134332233486e-03 3.574858391291223041e-04
-2.047431800741358887e-01 7.122657001817529476e-01 -2.155660134332233486e-03 3.574858391291223041e-04
-1.261895658924387376e-01 7.223530871495161820e-01 5.226983515962322063e-04 2.272168018691233214e-04
-1.261895658924387376e-01 7.223530871495161820e-01 5.226983515962322063e-04 2.272168018691233214e-04
-1.261895658924387376e-01 7.223530871495161820e-01 5.226983515962322063e-04 2.272168018691233214e-04
-1.802986777046414191e-01 7.151630674948495914e-01 6.668517596225128296e-05 -4.918130809215004733e-05
-1.802986777046414191e-01 7.151630674948495914e-01 6.668517596225128296e-05 -4.918130809215004733e-05
-1.797922547818764649e-01 7.152690079688236446e-01 -2.431246699041006692e-04 1.850960979880662740e-04
-1.797922547818764649e-01 7.152690079688236446e-01 -2.431246699041006692e-04 1.850960979880662740e-04
-1.797922547818764649e-01 7.152690079688236446e-01 -2.431246699041006692e-04 1.850960979880662740e-04
-1.797922547818764649e-01 7.152690079688236446e-01 -2.431246699041006692e-04 1.850960979880662740e-04
-1.525183973967971784e-01 7.188189545656313850e-01 4.263689684903333894e-04 1.655351942020125914e-04
-1.761004182644179683e-01 7.156809306221458833e-01 2.433228547393531606e-04 5.417570200814623689e-05
-1.761004182644179683e-01 7.156809306221458833e-01 2.433228547393531606e-04 5.417570200814623689e-05
-1.761004182644179683e-01 7.156809306221458833e-01 2.433228547393531606e-04 5.417570200814623689e-05
-1.761004182644179683e-01 7.156809306221458833e-01 2.433228547393531606e-04 5.417570200814623689e-05
-1.761004182644179683e-01 7.156809306221458833e-01 2.433228547393531606e-04 5.417570200814623689e-05
-1.662201231690643155e-01 7.169681094257447374e-01 5.043364174094970261e-04 6.524134266460232144e-05
-1.662201231690643155e-01 7.169681094257447374e-01 5.043364174094970261e-04 6.524134266460232144e-05
-1.662201231690643155e-01 7.169681094257447374e-01 5.043364174094970261e-04 6.524134266460232144e-05
-1.662201231690643155e-01 7.169681094257447374e-01 5.043364174094970261e-04 6.524134266460232144e-05
-1.709680036966822747e-01 7.163825674467698690e-01 2.075080296269909573e-04 6.884960474954273800e-05
-1.664628489389718968e-01 7.169899607934958619e-01 2.266308256224147991e-04 6.316697580169770268e-05
-1.660426508099942522e-01 7.170503639020133768e-01 1.836421666957825042e-04 1.014627791664608964e-04
-1.671465023789352466e-01 7.169481231962911982e-01 -3.072489808672579500e-05 9.141401171118765921e-05
-1.671465023789352466e-01 7.169481231962911982e-01 -3.072489808672579500e-05 9.141401171118765921e-05
-1.671465023789352466e-01 7.169481231962911982e-01 -3.072489808672579500e-05 9.141401171118765921e-05
-1.670500058417241918e-01 7.169250944407656867e-01 1.468266456438865192e-04 7.654263788960658757e-05
-1.669658261562015911e-01 7.169396373123685384e-01 1.207303760490833702e-04 9.257552191238140938e-05
-1.669658261562015911e-01 7.169396373123685384e-01 1.207303760490833702e-04 9.257552191238140938e-05
-1.669658261562015911e-01 7.169396373123685384e-01 1.207303760490833702e-04 9.257552191238140938e-05
-1.671360789128100710e-01 7.169317515556659082e-01 5.548669854906165713e-05 8.744874630893285938e-05
-1.668178679582313639e-01 7.169553452492622991e-01 1.527990608070973794e-04 8.353773992081007073e-05
-1.668178679582313639e-01 7.169553452492622991e-01 1.527990608070973794e-04 8.353773992081007073e-05
-1.668178679582313639e-01 7.169553452492622991e-01 1.527990608070973794e-04 8.353773992081007073e-05
-1.670618437373237453e-01 7.169285062009003173e-01 1.160577775005849682e-04 8.834298344664691513e-05
-1.670618437373237453e-01 7.169285062009003173e-01 1.160577775005849682e-04 8.834298344664691513e-05
-1.669969868781434330e-01 7.169430567942967070e-01 9.201983592227031526e-05 8.626299973907545517e-05
-1.669969868781434330e-01 7.169430567942967070e-01 9.201983592227031526e-05 8.626299973907545517e-05
-1.669947940451386170e-01 7.169367447845461649e-01 1.241624047684980242e-04 8.384289537362386423e-05
-1.668815496297353373e-01 7.169504526048010584e-01 1.328947045876120421e-04 8.480614013260521404e-05
-1.669810007558329978e-01 7.169397763811076185e-01 1.166286788202342310e-04 8.676665648126841005e-05
-1.668454416857821088e-01 7.169582198514021787e-01 1.180738906529036079e-04 8.563447787494917981e-05
-1.668454416857821088e-01 7.169582198514021787e-01 1.180738906529036079e-04 8.563447787494917981e-05
-1.668454416857821088e-01 7.169582198514021787e-01 1.180738906529036079e-04 8.563447787494917981e-05
-1.668454416857821088e-01 7.169582198514021787e-01 1.180738906529036079e-04 8.563447787494917981e-05
-1.668454416857821088e-01 7.169582198514021787e-01 1.180738906529036079e-04 8.563447787494917981e-05
-1.668454416857821088e-01 7.169582198514021787e-01 1.180738906529036079e-04 8.563447787494917981e-05
-1.668493869536074037e-01 7.169577833762936780e-01 1.177948387920474340e-04 8.485406146843408660e-05
-1.668493869536074037e-01 7.169577833762936780e-01 1.177948387920474340e-04 8.485406146843408660e-05
-1.668493869536074037e-01 7.169577833762936780e-01 1.177948387920474340e-04 8.485406146843408660e-05
