7.405341220793291157e-01 1.272500440152137813e-01 7.789195398441861595e-01 -9.800430020976602652e-01
7.683041516573041463e-01 1.320219206657843314e-01 8.081290225883428491e-01 -8.820387018878945717e-01
7.683041516573041463e-01 1.320219206657843314e-01 8.081290225883428491e-01 -8.820387018878945717e-01
7.683041516573041463e-01 1.320219206657843314e-01 8.081290225883428491e-01 -8.820387018878945717e-01
8.498786135426055210e-01 1.285424272747432983e-01 7.843963178587149976e-01 -8.146607454936805048e-01
8.300635403541549717e-01 1.422367191209118475e-01 7.885039013696117927e-01 -6.906240530406955180e-01
8.300635403541549717e-01 1.422367191209118475e-01 7.885039013696117927e-01 -6.906240530406955180e-01
8.922387563168223679e-01 1.331869296136774516e-01 8.430244658406387259e-01 -5.143311614524255226e-01
1.026844754178422914e+00 1.412185013004531031e-01 8.156453299155730363e-01 -2.875526562307069156e-01
9.964204358846826537e-01 1.576845436018174951e-01 8.865474984174719353e-01 -2.697750207190430238e-02
9.964204358846826537e-01 1.576845436018174951e-01 8.865474984174719353e-01 -2.697750207190430238e-02
9.964204358846826537e-01 1.576845436018174951e-01 8.865474984174719353e-01 -2.697750207190430238e-02
9.964204358846826537e-01 1.576845436018174951e-01 8.865474984174719353e-01 -2.697750207190430238e-02
9.964204358846826537e-01 1.576845436018174951e-01 8.865474984174719353e-01 -2.697750207190430238e-02
9.964204358846826537e-01 1.576845436018174951e-01 8.865474984174719353e-01 -2.697750207190430238e-02
9.964204358846826537e-01 1.576845436018174951e-01 8.865474984174719353e-01 -2.697750207190430238e-02
9.964204358846826537e-01 1.576845436018174951e-01 8.865474984174719353e-01 -2.697750207190430238e-02
9.964204358846826537e-01 1.576845436018174951e-01 8.865474984174719353e-01 -2.697750207190430238e-02
9.964204358846826537e-01 1.576845436018174951e-01 8.865474984174719353e-01 -2.697750207190430238e-02
9.964204358846826537e-01 1.576845436018174951e-01 8.865474984174719353e-01 -2.697750207190430238e-02
1.030074912913630847e+00 1.524552066261558869e-01 8.762370424222231113e-01 1.599172115909409247e-02
1.030074912913630847e+00 1.524552066261558869e-01 8.762370424222231113e-01 1.599172115909409247e-02
1.023294875279618488e+00 1.529189780471979510e-01 8.600412032600075474e-01 -1.287921406948913661e-02
1.023294875279618488e+00 1.529189780471979510e-01 8.600412032600075474e-01 -1.287921406948913661e-02
1.023294875279618488e+00 1.529189780471979510e-01 8.600412032600075474e-01 -1.287921406948913661e-02
1.023294875279618488e+00 1.529189780471979510e-01 8.600412032600075474e-01 -1.287921406948913661e-02
1.023294875279618488e+00 1.529189780471979510e-01 8.600412032600075474e-01 -1.287921406948913661e-02
1.023294875279618488e+00 1.529189780471979510e-01 8.600412032600075474e-01 -1.287921406948913661e-02
1.017766320458606266e+00 1.545713664404762544e-01 8.744019283804163045e-01 3.562627401275496840e-03
1.017766320458606266e+00 1.545713664404762544e-01 8.744019283804163045e-01 3.562627401275496840e-03
1.017766320458606266e+00 1.545713664404762544e-01 8.744019283804163045e-01 3.562627401275496840e-03
1.017766320458606266e+00 1.545713664404762544e-01 8.744019283804163045e-01 3.562627401275496840e-03
1.017766320458606266e+00 1.545713664404762544e-01 8.744019283804163045e-01 3.562627401275496840e-03
1.021622755492507473e+00 1.536715080934199784e-01 8.665850159929642249e-01 -4.970002685429865917e-03
1.021622755492507473e+00 1.536715080934199784e-01 8.665850159929642249e-01 -4.970002685429865917e-03
1.016539529013992027e+00 1.552258915245186555e-01 8.658234776440911773e-01 -2.088713060073750516e-05
1.016539529013992027e+00 1.552258915245186555e-01 8.658234776440911773e-01 -2.088713060073750516e-05
1.016539529013992027e+00 1.552258915245186555e-01 8.658234776440911773e-01 -2.088713060073750516e-05
1.016539529013992027e+00 1.552258915245186555e-01 8.658234776440911773e-01 -2.088713060073750516e-05
1.017609181291220910e+00 1.549712959121933298e-01 8.604339196574879445e-01 5.720889557363117300e-03
1.015610938501452676e+00 1.549242172871737877e-01 8.574798886532332132e-01 -5.073695873598281850e-03
1.014764773476860782e+00 1.566848369291478082e-01 8.501743263714174326e-01 2.263443722449272680e-03
1.014764773476860782e+00 1.566848369291478082e-01 8.501743263714174326e-01 2.263443722449272680e-03
1.010298844211253488e+00 1.574238556644418918e-01 8.381560599899193775e-01 7.738594979044490126e-03
1.002676786846820267e+00 1.597724667032788815e-01 8.322267812124497510e-01 -2.231679330622189650e-03
1.002676786846820267e+00 1.597724667032788815e-01 8.322267812124497510e-01 -2.231679330622189650e-03
1.003489747937024390e+00 1.613856596565620971e-01 7.977535827865063212e-01 6.002670938672904910e-04
1.003489747937024390e+00 1.613856596565620971e-01 7.977535827865063212e-01 6.002670938672904910e-04
1.003489747937024390e+00 1.613856596565620971e-01 7.977535827865063212e-01 6.002670938672904910e-04
9.822558693197991353e-01 1.683004350860978215e-01 7.476130637202311746e-01 -1.589065900273078577e-02
9.821842959033997289e-01 1.699991892955380890e-01 6.960113331560062733e-01 -6.194345137478874178e-03
9.821842959033997289e-01 1.699991892955380890e-01 6.960113331560062733e-01 -6.194345137478874178e-03
9.821842959033997289e-01 1.699991892955380890e-01 6.960113331560062733e-01 -6.194345137478874178e-03
9.343112728988547389e-01 1.887338321375007233e-01 5.362233137904741653e-01 -3.245805130203056887e-02
9.408205828175968399e-01 1.902293290669814230e-01 4.779620394757067015e-01 -1.190174333330924761e-02
9.408205828175968399e-01 1.902293290669814230e-01 4.779620394757067015e-01 -1.190174333330924761e-02
9.408205828175968399e-01 1.902293290669814230e-01 4.779620394757067015e-01 -1.190174333330924761e-02
8.850671354283754511e-01 2.118002589420758808e-01 2.800529756689713601e-01 -3.361386879562248964e-02
8.953214980970938264e-01 2.125313281848508762e-01 1.995220820653909044e-01 4.336918584215157524e-03
8.953214980970938264e-01 2.125313281848508762e-01 1.995220820653909044e-01 4.336918584215157524e-03
8.621670085891350865e-01 2.304684972033883006e-01 2.056779298046507165e-02 4.467226429293542911e-03
8.621670085891350865e-01 2.304684972033883006e-01 2.056779298046507165e-02 4.467226429293542911e-03
8.621670085891350865e-01 2.304684972033883006e-01 2.056779298046507165e-02 4.467226429293542911e-03
8.621670085891350865e-01 2.304684972033883006e-01 2.056779298046507165e-02 4.467226429293542911e-03
8.621670085891350865e-01 2.304684972033883006e-01 2.056779298046507165e-02 4.467226429293542911e-03
8.621670085891350865e-01 2.304684972033883006e-01 2.056779298046507165e-02 4.467226429293542911e-03
8.621670085891350865e-01 2.304684972033883006e-01 2.056779298046507165e-02 4.467226429293542911e-03
8.621670085891350865e-01 2.304684972033883006e-01 2.056779298046507165e-02 4.467226429293542911e-03
8.574131314831663353e-01 2.323050728347099692e-01 -2.419240765364984863e-02 2.510053669862307053e-03
8.574131314831663353e-01 2.323050728347099692e-01 -2.419240765364984863e-02 2.510053669862307053e-03
8.574131314831663353e-01 2.323050728347099692e-01 -2.419240765364984863e-02 2.510053669862307053e-03
8.618436344591546838e-01 2.294662172431749525e-01 1.730698370418402160e-02 -2.163603880028243474e-03
8.610563539815021539e-01 2.304333082129194632e-01 1.278609973392435921e-02 1.890079285168496043e-03
8.626075804039734507e-01 2.291276395704425761e-01 2.057730133818246737e-02 -1.088052134280613156e-04
8.572911880250844163e-01 2.315779012284782112e-01 -5.207842080503135261e-03 -1.279353537338857438e-03
8.590564103502975613e-01 2.312281696992318780e-01 -6.413385989851460092e-03 1.047316416727820179e-03
8.590564103502975613e-01 2.312281696992318780e-01 -6.413385989851460092e-03 1.047316416727820179e-03
8.605129816912560070e-01 2.304619911637877383e-01 8.933966960104544261e-03 7.914159356889923901e-04
8.578651493822593288e-01 2.316725732342672095e-01 -7.032149781443362835e-03 -6.888558305284130687e-05
8.598023455934544756e-01 2.306320723959563723e-01 4.470705377193844032e-03 -3.827620065583343121e-04
8.583002048897006020e-01 2.312883014258945158e-01 -2.609028969501121960e-03 -4.662911733187240899e-04
8.583002048897006020e-01 2.312883014258945158e-01 -2.609028969501121960e-03 -4.662911733187240899e-04
8.596384896250213181e-01 2.308202329797966468e-01 3.478642271254505508e-03 3.444459793481083332e-04
8.585362410008683387e-01 2.313189814832275759e-01 -3.190567092932214497e-03 -3.403833472268982726e-05
8.593465760323926173e-01 2.308845946999810439e-01 1.603201427620631675e-03 -1.473860874959807853e-04
8.590218341283641923e-01 2.310994898871645553e-01 -1.457847193760521045e-03 2.160127254557375471e-04
8.590218341283641923e-01 2.310994898871645553e-01 -1.457847193760521045e-03 2.160127254557375471e-04
8.592720755881114725e-01 2.309679451354722801e-01 1.202377552214769704e-03 1.533257399116606410e-04
8.588129305994403051e-01 2.311734398437183258e-01 -1.583109049235217327e-03 -1.249590779444463150e-05
8.591513924360834054e-01 2.309923520950622478e-01 4.154864014342246874e-04 -5.230851171839809809e-05
8.588912766155905043e-01 2.311089349172864016e-01 -8.030544402822233172e-04 -5.481639493628813887e-05
8.588912766155905043e-01 2.311089349172864016e-01 -8.030544402822233172e-04 -5.481639493628813887e-05
8.591213473090806296e-01 2.310283232925600949e-01 2.517340102390058093e-04 7.573770295102458868e-05
8.591213473090806296e-01 2.310283232925600949e-01 2.517340102390058093e-04 7.573770295102458868e-05
8.591012737061949345e-01 2.310223323848185628e-01 8.961506389314626865e-05 -4.941650441976859124e-06
8.590483153773347258e-01 2.310589774888365255e-01 -4.162866434112538869e-04 6.267720351598196312e-05
8.590001452958052619e-01 2.310671607976611530e-01 -3.569873695115862214e-04 -6.154033350970852150e-06
8.589704213327379323e-01 2.310964834360098030e-01 -6.472188437106492741e-04 2.709955442467335939e-05
8.590756931185494771e-01 2.310447809096958238e-01 -4.049271897303997609e-05 4.770398574397574447e-05
8.590756931185494771e-01 2.310447809096958238e-01 -4.049271897303997609e-05 4.770398574397574447e-05
8.590756931185494771e-01 2.310447809096958238e-01 -4.049271897303997609e-05 4.770398574397574447e-05
8.590756931185494771e-01 2.310447809096958238e-01 -4.049271897303997609e-05 4.770398574397574447e-05
8.590094934284917549e-01 2.310751092329188794e-01 -4.311650873983346728e-04 2.811681887033526151e-05
8.590094934284917549e-01 2.310751092329188794e-01 -4.311650873983346728e-04 2.811681887033526151e-05
8.590255718291746057e-01 2.310646188508435062e-01 -3.214267921420882880e-04 2.772380571286846540e-05
8.590137160175863595e-01 2.310747531355292206e-01 -2.122094374475958205e-04 3.288941591561579377e-05
8.590137160175863595e-01 2.310747531355292206e-01 -2.122094374475958205e-04 3.288941591561579377e-05
8.590137160175863595e-01 2.310747531355292206e-01 -2.122094374475958205e-04 3.288941591561579377e-05
8.590137160175863595e-01 2.310747531355292206e-01 -2.122094374475958205e-04 3.288941591561579377e-05
8.590137160175863595e-01 2.310747531355292206e-01 -2.122094374475958205e-04 3.288941591561579377e-05
8.590137160175863595e-01 2.310747531355292206e-01 -2.122094374475958205e-04 3.288941591561579377e-05
8.590137160175863595e-01 2.310747531355292206e-01 -2.122094374475958205e-04 3.288941591561579377e-05
8.589897961930246240e-01 2.310884233687832134e-01 -1.337148968111486185e-04 4.507280787987231194e-05
8.589897961930246240e-01 2.310884233687832134e-01 -1.337148968111486185e-04 4.507280787987231194e-05
8.589793290939318204e-01 2.310990333337914482e-01 4.984381948863400580e-05 4.025586207971059587e-05
8.588971873024728865e-01 2.311368642347613189e-01 -3.356489484098968638e-04 3.483337430260079225e-05
8.588631266383655039e-01 2.311623836985500224e-01 -5.781257347507100068e-05 6.416474814143109402e-05
8.588215481369356752e-01 2.311819637659637827e-01 8.891102811693217967e-05 3.205296956664467373e-05
8.586913009927301665e-01 2.312583370372335301e-01 7.639978791274597779e-05 3.833459980804573624e-05
8.584962141150143111e-01 2.313565948847986498e-01 -2.708006683687353257e-04 4.652754470462053043e-05
8.584962141150143111e-01 2.313565948847986498e-01 -2.708006683687353257e-04 4.652754470462053043e-05
8.581847248860663413e-01 2.315299859627806267e-01 2.270060593229737266e-04 1.136756882448694463e-06
8.577902644507742203e-01 2.317518424755657946e-01 3.713012954349850575e-05 4.217315451887454719e-05
8.577902644507742203e-01 2.317518424755657946e-01 3.713012954349850575e-05 4.217315451887454719e-05
8.571359032253331733e-01 2.320924633405316850e-01 -4.775437005667087891e-04 -1.820696654947417329e-05
8.562010571061433595e-01 2.326167258297574536e-01 4.169958330279473777e-04 -4.839982578374581542e-05
8.553362847290970628e-01 2.330849985740259811e-01 -4.361252920767404954e-04 5.229312860951979182e-06
8.553362847290970628e-01 2.330849985740259811e-01 -4.361252920767404954e-04 5.229312860951979182e-06
8.524879050460953955e-01 2.346225204243639340e-01 -6.545438951412788607e-04 -1.634090954860811123e-04
8.503106288625490450e-01 2.358388215073063954e-01 2.420536191482082836e-04 -1.515504500518388383e-04
8.503106288625490450e-01 2.358388215073063954e-01 2.420536191482082836e-04 -1.515504500518388383e-04
8.456966278080551014e-01 2.383358654675286070e-01 -8.172520617737444055e-04 -2.405823425948291146e-04
8.456966278080551014e-01 2.383358654675286070e-01 -8.172520617737444055e-04 -2.405823425948291146e-04
8.381103758611807564e-01 2.425076016279998914e-01 -3.586710932442956079e-04 -3.240773057155123477e-04
8.381103758611807564e-01 2.425076016279998914e-01 -3.586710932442956079e-04 -3.240773057155123477e-04
8.381103758611807564e-01 2.425076016279998914e-01 -3.586710932442956079e-04 -3.240773057155123477e-04
8.281323963723776771e-01 2.479681317930698681e-01 -2.170063799791157200e-04 -4.109562684903505852e-04
8.281323963723776771e-01 2.479681317930698681e-01 -2.170063799791157200e-04 -4.109562684903505852e-04
8.146601674355684608e-01 2.553317338098524125e-01 -1.534304275459443239e-03 -5.604829247868389633e-04
8.121156492546095507e-01 2.567937117469858421e-01 6.285126791858340004e-04 -3.957688542411024520e-04
8.121156492546095507e-01 2.567937117469858421e-01 6.285126791858340004e-04 -3.957688542411024520e-04
7.954757133385568224e-01 2.658992952102747775e-01 -1.126030947956401830e-03 -3.500065538468931890e-04
7.611347091934299591e-01 2.847348233714965815e-01 -1.211464712928448468e-03 -6.455134482061231603e-04
7.479350733854444044e-01 2.920599365091646193e-01 1.665260749930452594e-03 -4.102330281776096332e-04
7.479350733854444044e-01 2.920599365091646193e-01 1.665260749930452594e-03 -4.102330281776096332e-04
6.722148984517350989e-01 3.335884990061495081e-01 -1.655986813786506197e-03 -4.506155353369641244e-04
6.722148984517350989e-01 3.335884990061495081e-01 -1.655986813786506197e-03 -4.506155353369641244e-04
6.162736434079070236e-01 3.644690023412192614e-01 2.981408639339410034e-03 6.125192804692534618e-05
5.179456859334670149e-01 4.183873365064229022e-01 2.408748357716883511e-03 -4.950949614607284832e-04
3.643490319679445477e-01 5.027606966378221909e-01 -8.358482883497097074e-05 -2.391779447910474029e-04
3.643490319679445477e-01 5.027606966378221909e-01 -8.358482883497097074e-05 -2.391779447910474029e-04
2.828360918805200575e-01 5.476567748489478138e-01 4.924379880790142640e-03 9.739596757121267044e-05
1.720585711606545942e-01 6.083701577677421701e-01 1.258470048389592928e-03 -3.963994760505331651e-04
9.744297124868839255e-02 6.494432342331982744e-01 1.255991175348474594e-03 2.092951561622183776e-04
9.744297124868839255e-02 6.494432342331982744e-01 1.255991175348474594e-03 2.092951561622183776e-04
9.744297124868839255e-02 6.494432342331982744e-01 1.255991175348474594e-03 2.092951561622183776e-04
9.744297124868839255e-02 6.494432342331982744e-01 1.255991175348474594e-03 2.092951561622183776e-04
9.744297124868839255e-02 6.494432342331982744e-01 1.255991175348474594e-03 2.092951561622183776e-04
9.744297124868839255e-02 6.494432342331982744e-01 1.255991175348474594e-03 2.092951561622183776e-04
2.030425973415595220e-01 5.914218063674009374e-01 1.747851607065789483e-03 -1.611141436744857228e-05
2.030425973415595220e-01 5.914218063674009374e-01 1.747851607065789483e-03 -1.611141436744857228e-05
2.030425973415595220e-01 5.914218063674009374e-01 1.747851607065789483e-03 -1.611141436744857228e-05
2.030425973415595220e-01 5.914218063674009374e-01 1.747851607065789483e-03 -1.611141436744857228e-05
2.030425973415595220e-01 5.914218063674009374e-01 1.747851607065789483e-03 -1.611141436744857228e-05
1.635174936482688968e-01 6.131575304524582437e-01 2.078244057432130591e-03 1.141251404297779907e-04
1.949442594760544267e-01 5.958893960084016284e-01 1.463339492579533718e-03 1.368760069806221032e-04
1.949442594760544267e-01 5.958893960084016284e-01 1.463339492579533718e-03 1.368760069806221032e-04
1.702519353591218088e-01 6.094477269716460643e-01 1.255901404684479743e-03 1.553594245900130925e-04
1.702519353591218088e-01 6.094477269716460643e-01 1.255901404684479743e-03 1.553594245900130925e-04
1.895617310356885743e-01 5.988300086009487044e-01 8.755832272269374432e-04 1.122782334654493907e-04
1.895617310356885743e-01 5.988300086009487044e-01 8.755832272269374432e-04 1.122782334654493907e-04
1.895617310356885743e-01 5.988300086009487044e-01 8.755832272269374432e-04 1.122782334654493907e-04
1.895617310356885743e-01 5.988300086009487044e-01 8.755832272269374432e-04 1.122782334654493907e-04
1.710933146398739835e-01 6.089596219309267866e-01 5.802828235449528256e-04 4.542424553160461431e-05
1.719880413322421864e-01 6.084662976585697436e-01 2.222736222707785703e-04 9.527144263632801168e-05
1.719880413322421864e-01 6.084662976585697436e-01 2.222736222707785703e-04 9.527144263632801168e-05
1.719880413322421864e-01 6.084662976585697436e-01 2.222736222707785703e-04 9.527144263632801168e-05
1.719880413322421864e-01 6.084662976585697436e-01 2.222736222707785703e-04 9.527144263632801168e-05
1.719880413322421864e-01 6.084662976585697436e-01 2.222736222707785703e-04 9.527144263632801168e-05
1.769197284117417501e-01 6.057598655147207189e-01 1.311822383567398415e-04 1.074905190999739864e-04
1.769197284117417501e-01 6.057598655147207189e-01 1.311822383567398415e-04 1.074905190999739864e-04
1.866532654470582087e-01 6.004048355596001141e-01 -4.348089037420518855e-05 6.748755256001072662e-05
1.866532654470582087e-01 6.004048355596001141e-01 -4.348089037420518855e-05 6.748755256001072662e-05
1.866532654470582087e-01 6.004048355596001141e-01 -4.348089037420518855e-05 6.748755256001072662e-05
1.866532654470582087e-01 6.004048355596001141e-01 -4.348089037420518855e-05 6.748755256001072662e-05
1.866532654470582087e-01 6.004048355596001141e-01 -4.348089037420518855e-05 6.748755256001072662e-05
1.866532654470582087e-01 6.004048355596001141e-01 -4.348089037420518855e-05 6.748755256001072662e-05
1.825951090494593032e-01 6.026359042962322610e-01 2.121521060686722485e-05 6.703900820499429408e-05
1.830092098586158511e-01 6.024064916273903503e-01 -1.573628167121212740e-04 8.015545332641470363e-05
1.830092098586158511e-01 6.024064916273903503e-01 -1.573628167121212740e-04 8.015545332641470363e-05
1.815672532897365521e-01 6.032007692635428242e-01 -4.935723484263733620e-05 8.419268437161322267e-05
1.843220546182175457e-01 6.016859231835809396e-01 -5.844957803419796258e-05 7.262998596056676999e-05
1.843220546182175457e-01 6.016859231835809396e-01 -5.844957803419796258e-05 7.262998596056676999e-05
1.849118782313454723e-01 6.013630689505833349e-01 -4.244640602750420042e-05 7.533882328908091401e-05
1.834866566037467728e-01 6.021464309277507754e-01 8.814091470510243965e-06 7.439705319570490691e-05
1.834866566037467728e-01 6.021464309277507754e-01 8.814091470510243965e-06 7.439705319570490691e-05
1.829530849210332932e-01 6.024392357957499833e-01 -4.052134619435761895e-05 7.991391091722290982e-05
1.829530849210332932e-01 6.024392357957499833e-01 -4.052134619435761895e-05 7.991391091722290982e-05
1.829530849210332932e-01 6.024392357957499833e-01 -4.052134619435761895e-05 7.991391091722290982e-05
1.829530849210332932e-01 6.024392357957499833e-01 -4.052134619435761895e-05 7.991391091722290982e-05
1.829530849210332932e-01 6.024392357957499833e-01 -4.052134619435761895e-05 7.991391091722290982e-05
1.829530849210332932e-01 6.024392357957499833e-01 -4.052134619435761895e-05 7.991391091722290982e-05
1.829530849210332932e-01 6.024392357957499833e-01 -4.052134619435761895e-05 7.991391091722290982e-05
1.829530849210332932e-01 6.024392357957499833e-01 -4.052134619435761895e-05 7.991391091722290982e-05
1.829530849210332932e-01 6.024392357957499833e-01 -4.052134619435761895e-05 7.991391091722290982e-05
1.830481877830371917e-01 6.023870732625106195e-01 -1.901083002625571038e-05 7.862006263268949715e-05
1.831582381782996538e-01 6.023267888714243234e-01 -1.277601404525420663e-05 7.840353964180848110e-05
1.831582381782996538e-01 6.023267888714243234e-01 -1.277601404525420663e-05 7.840353964180848110e-05
1.831582381782996538e-01 6.023267888714243234e-01 -1.277601404525420663e-05 7.840353964180848110e-05
1.830764051381774116e-01 6.023715510897359460e-01 -3.093966320534770516e-05 7.926587108104458349e-05
1.831274837385719056e-01 6.023435295515193744e-01 -2.167550926868325276e-05 7.869967299482227819e-05
1.832358961442587253e-01 6.022839313031775887e-01 -2.664766849813895631e-05 7.859039245922002064e-05
1.832155628567095351e-01 6.022951972171602941e-01 -2.263654782876777384e-05 7.894274033274251579e-05
1.831610375738645380e-01 6.023251705809112844e-01 -1.912543062274431517e-05 7.863910442938292378e-05
1.831610375738645380e-01 6.023251705809112844e-01 -1.912543062274431517e-05 7.863910442938292378e-05
