1.000000000000000000e+00
1.150000000000000355e+00
1.350000000000000977e+00
1.750000000000001776e+00
2.550000000000003375e+00
3.350000000000004974e+00
2.950000000000004174e+00
2.950000000000004174e+00
2.950000000000004174e+00
2.900000000000003908e+00
2.900000000000003908e+00
2.912500000000004086e+00
2.912500000000004086e+00
2.912500000000004086e+00
2.910937500000004174e+00
2.910937500000004174e+00
2.910937500000004174e+00
2.911132812500004441e+00
2.911132812500004441e+00
2.911132812500004441e+00
