1.000000000000000000e+00 1.000000000000000000e+00
1.012499999999999956e+00 1.012499999999999956e+00
1.015625000000000000e+00 1.028125000000000178e+00
9.960937500000001110e-01 1.030468750000000266e+00
1.009179687500000089e+00 1.020898437500000089e+00
9.961425781250001776e-01 1.024462890625000178e+00
9.993774414062501776e-01 1.026574707031250089e+00
9.993774414062501776e-01 1.026574707031250089e+00
9.993774414062501776e-01 1.026574707031250089e+00
1.000454139709472834e+00 1.025390815734863459e+00
9.979219913482667570e-01 1.025907564163208274e+00
9.992827534675600143e-01 1.026111948490143089e+00
9.976764887571336615e-01 1.026319226622581793e+00
9.982008062303067142e-01 1.026061575859785302e+00
9.982008062303067142e-01 1.026061575859785302e+00
9.975370813161136274e-01 1.026242220774293390e+00
9.975370813161136274e-01 1.026242220774293390e+00
9.975370813161136274e-01 1.026242220774293390e+00
9.975370813161136274e-01 1.026242220774293390e+00
9.982136832317338726e-01 1.026137097994797465e+00
9.980729461123702961e-01 1.026144869084237410e+00
9.980729461123702961e-01 1.026144869084237410e+00
9.983124651509571734e-01 1.026114702844643567e+00
9.979142844335002760e-01 1.026174805794290101e+00
9.980931604522995659e-01 1.026144811701852122e+00
9.980931604522995659e-01 1.026144811701852122e+00
9.979041772635357521e-01 1.026174834485482634e+00
9.979041772635357521e-01 1.026174834485482634e+00
9.979041772635357521e-01 1.026174834485482634e+00
9.979041772635357521e-01 1.026174834485482634e+00
9.979878049558040809e-01 1.026161696827844860e+00
9.978983027973934439e-01 1.026175311885024755e+00
9.978983027973934439e-01 1.026175311885024755e+00
