1.000000000000000000e+00 5.000000000000000278e-02
1.074999999999999734e+00 4.500000000000001221e-02
1.187500000000000000e+00 4.250000000000000999e-02
1.293749999999999734e+00 3.125000000000002776e-02
1.571875000000000355e+00 2.062500000000003220e-02
1.923437500000000355e+00 -7.187499999999930056e-03
2.655468750000001599e+00 -4.234374999999990230e-02
3.724609375000001776e+00 -1.155468749999998129e-01
5.723242187500003908e+00 -2.224609374999997335e-01
5.723242187500003908e+00 -2.224609374999997335e-01
5.723242187500003908e+00 -2.224609374999997335e-01
4.991210937500002665e+00 -1.873046874999997891e-01
4.991210937500002665e+00 -1.873046874999997891e-01
4.991210937500002665e+00 -1.873046874999997891e-01
4.991210937500002665e+00 -1.873046874999997891e-01
4.991210937500002665e+00 -1.873046874999997891e-01
4.991210937500002665e+00 -1.873046874999997891e-01
4.991210937500002665e+00 -1.873046874999997891e-01
4.991210937500002665e+00 -1.873046874999997891e-01
4.991210937500002665e+00 -1.873046874999997891e-01
4.991210937500002665e+00 -1.873046874999997891e-01
5.003710937500001954e+00 -1.863671874999998090e-01
5.003710937500002842e+00 -1.888671874999998113e-01
5.003710937500002842e+00 -1.888671874999998113e-01
5.003710937500002842e+00 -1.888671874999998113e-01
5.000585937500003020e+00 -1.900390624999998002e-01
5.005273437500001421e+00 -1.932812499999998490e-01
5.001367187499999645e+00 -1.972460937499999067e-01
5.006054687499998046e+00 -2.004882812499999556e-01
5.000585937499995026e+00 -2.100390625000001510e-01
5.005273437499992539e+00 -2.132812500000001998e-01
5.005273437499992539e+00 -2.132812500000001998e-01
5.004492187499987921e+00 -2.260742187500004441e-01
5.004492187499987921e+00 -2.260742187500004441e-01
5.001562499999986144e+00 -2.340478515625006306e-01
5.004394531249980460e+00 -2.476733398437508948e-01
4.999951171874974065e+00 -2.704333496093763722e-01
5.003393554687459499e+00 -3.090643310546895561e-01
5.003393554687459499e+00 -3.090643310546895561e-01
5.002392578124938538e+00 -3.704553222656282729e-01
5.002392578124938538e+00 -3.704553222656282729e-01
4.999920654296804656e+00 -3.971830749511756631e-01
5.001626586913964445e+00 -4.798734283447319005e-01
4.999154663085830563e+00 -5.066011810302792906e-01
4.999154663085830563e+00 -5.066011810302792906e-01
5.000640869140527300e+00 -4.778895568847709163e-01
4.999768829345592636e+00 -5.157629585266174654e-01
4.999679756164445266e+00 -5.017137193679868101e-01
5.000182580947773126e+00 -4.933139479160365548e-01
5.000182580947773126e+00 -4.933139479160365548e-01
4.999848023056879143e+00 -5.008449456840812219e-01
4.999932650476589302e+00 -5.018589214421866895e-01
4.999932650476589302e+00 -5.018589214421866895e-01
5.000052820471942994e+00 -4.989714237942883268e-01
5.000014597165760577e+00 -4.988740566789113817e-01
4.999983179647720988e+00 -5.003908308393932858e-01
4.999983179647720988e+00 -5.003908308393932858e-01
4.999983179647720988e+00 -5.003908308393932858e-01
5.000007331361926433e+00 -4.999533515825090868e-01
5.000007331361926433e+00 -4.999533515825090868e-01
5.000007331361926433e+00 -4.999533515825090868e-01
5.000007331361926433e+00 -4.999533515825090868e-01
4.999998933227718823e+00 -4.998882961908031053e-01
4.999997786740625116e+00 -4.999929729115775157e-01
4.999997786740625116e+00 -4.999929729115775157e-01
5.000001007696395661e+00 -5.000108263884187609e-01
5.000001007696395661e+00 -5.000108263884187609e-01
