-9.082004868870954262e-01 -1.605801531528621151e-01 4.150703804799116270e-02 -1.172806033311155627e-01
-9.422580051453617322e-01 -1.666019088960944972e-01 4.306355197479083685e-02 -1.055525429980039842e-01
-9.422580051453617322e-01 -1.666019088960944972e-01 4.306355197479083685e-02 -1.055525429980039842e-01
-9.422580051453617322e-01 -1.666019088960944972e-01 4.306355197479083685e-02 -1.055525429980039842e-01
-1.042301965029018618e+00 -1.617092323547182908e-01 4.192859390316608370e-02 -9.748950151898977401e-02
-1.018000506688485407e+00 -1.625560417561103810e-01 4.639546459934640321e-02 -8.264617515989541863e-02
-1.018000506688485407e+00 -1.625560417561103810e-01 4.639546459934640321e-02 -8.264617515989541863e-02
-1.094252984090945180e+00 -1.737958683940317717e-01 4.344356025770093610e-02 -6.154941038099742689e-02
-1.259335495687531115e+00 -1.681514524882254946e-01 4.606333736008302870e-02 -3.441109108479831202e-02
-1.259335495687531115e+00 -1.681514524882254946e-01 4.606333736008302870e-02 -3.441109108479831202e-02
-1.325785488739411822e+00 -1.693639629982918726e-01 4.915346971463704917e-02 1.139806547144414650e-02
-1.325785488739411822e+00 -1.693639629982918726e-01 4.915346971463704917e-02 1.139806547144414650e-02
-1.325785488739411822e+00 -1.693639629982918726e-01 4.915346971463704917e-02 1.139806547144414650e-02
-1.325785488739411822e+00 -1.693639629982918726e-01 4.915346971463704917e-02 1.139806547144414650e-02
-1.325785488739411822e+00 -1.693639629982918726e-01 4.915346971463704917e-02 1.139806547144414650e-02
-1.325785488739411822e+00 -1.693639629982918726e-01 4.915346971463704917e-02 1.139806547144414650e-02
-1.346793003305642333e+00 -1.731737841243011777e-01 4.891789114828828944e-02 8.326963118648512616e-03
-1.292792266320965222e+00 -1.734869689439945684e-01 4.821608012436232049e-02 -5.189405821902366711e-03
-1.315732731917889531e+00 -1.722439316020946132e-01 4.791035580884692169e-02 -3.001051819114823951e-03
-1.315732731917889531e+00 -1.722439316020946132e-01 4.791035580884692169e-02 -3.001051819114823951e-03
-1.315732731917889531e+00 -1.722439316020946132e-01 4.791035580884692169e-02 -3.001051819114823951e-03
-1.324312961679930067e+00 -1.720627451156190313e-01 4.874253708530106033e-02 3.018292702668791752e-03
-1.328200706054996516e+00 -1.743159777353184836e-01 4.801309895214947443e-02 2.897409185597470647e-03
-1.307111191984864806e+00 -1.728829337861987336e-01 4.829962934985850692e-02 -1.608736733540845620e-03
-1.307111191984864806e+00 -1.728829337861987336e-01 4.829962934985850692e-02 -1.608736733540845620e-03
-1.317759731098044895e+00 -1.727881885756170632e-01 4.807817941796182354e-02 -1.211758036993192426e-03
-1.321230692156329489e+00 -1.727882757648790124e-01 4.841122534777148045e-02 1.269157881440867268e-03
-1.322303312606529335e+00 -1.737239293284237873e-01 4.809627208064844173e-02 1.005184709885631510e-03
-1.322303312606529335e+00 -1.737239293284237873e-01 4.809627208064844173e-02 1.005184709885631510e-03
-1.313052363291279612e+00 -1.728569583727315451e-01 4.828726257786725845e-02 -4.560770369027733083e-04
-1.313052363291279612e+00 -1.728569583727315451e-01 4.828726257786725845e-02 -4.560770369027733083e-04
-1.318032344513159648e+00 -1.728816694822222222e-01 4.818419353684084971e-02 -2.613850139457853279e-04
-1.318032344513159648e+00 -1.728816694822222222e-01 4.818419353684084971e-02 -2.613850139457853279e-04
-1.318838933971018923e+00 -1.732968131411714574e-01 4.815978613901213817e-02 4.480637449682223737e-04
-1.316279693286241503e+00 -1.727962394030841675e-01 4.826889984728653660e-02 3.531117888899700874e-04
-1.316279693286241503e+00 -1.727962394030841675e-01 4.826889984728653660e-02 3.531117888899700874e-04
-1.316279693286241503e+00 -1.727962394030841675e-01 4.826889984728653660e-02 3.531117888899700874e-04
-1.317574539043657955e+00 -1.729195792535684062e-01 4.821676651926390389e-02 -4.470154299198109485e-08
-1.316116398106911500e+00 -1.731259888556437310e-01 4.814248787484178005e-02 -1.685994644302484533e-05
-1.316116398106911500e+00 -1.731259888556437310e-01 4.814248787484178005e-02 -1.685994644302484533e-05
-1.316116398106911500e+00 -1.731259888556437310e-01 4.814248787484178005e-02 -1.685994644302484533e-05
-1.316116398106911500e+00 -1.731259888556437310e-01 4.814248787484178005e-02 -1.685994644302484533e-05
-1.314672889242859632e+00 -1.732369280690956859e-01 4.816444169498401706e-02 3.437913089322967115e-04
-1.312447792882140085e+00 -1.729329111092273163e-01 4.819665600005446082e-02 -9.037173765450996332e-05
-1.312551878241928094e+00 -1.732616968040875394e-01 4.808813819650777088e-02 3.019679837277878046e-04
-1.308703362863782083e+00 -1.735945912653817924e-01 4.797942270188154668e-02 -1.180910731408144412e-05
-1.308703362863782083e+00 -1.735945912653817924e-01 4.797942270188154668e-02 -1.180910731408144412e-05
-1.301985169636501016e+00 -1.734083493220205385e-01 4.792316035026888965e-02 -3.212553860786176432e-04
-1.298588394923711142e+00 -1.743729619013522081e-01 4.765361000278878212e-02 3.739079707769150007e-04
-1.298588394923711142e+00 -1.743729619013522081e-01 4.765361000278878212e-02 3.739079707769150007e-04
-1.298588394923711142e+00 -1.743729619013522081e-01 4.765361000278878212e-02 3.739079707769150007e-04
-1.276086285972587220e+00 -1.750072240463275142e-01 4.719503761236340522e-02 -2.924372879233175584e-04
-1.270098509679213450e+00 -1.765788639762801981e-01 4.676147026215959901e-02 3.480688432222298762e-04
-1.270098509679213450e+00 -1.765788639762801981e-01 4.676147026215959901e-02 3.480688432222298762e-04
-1.248199929796204977e+00 -1.779886901585293613e-01 4.607993319898187612e-02 9.588458603153915709e-04
-1.205476525551734124e+00 -1.801941461975397063e-01 4.504421367434488510e-02 3.752900161328307687e-04
-1.205476525551734124e+00 -1.801941461975397063e-01 4.504421367434488510e-02 3.752900161328307687e-04
-1.205476525551734124e+00 -1.801941461975397063e-01 4.504421367434488510e-02 3.752900161328307687e-04
-1.116286087318034692e+00 -1.869956197328525027e-01 4.216249266258703665e-02 2.119961120502505177e-03
-1.061147865225423814e+00 -1.909311645490966436e-01 4.058748638664635977e-02 1.769243531456517237e-03
-9.882032525084034624e-01 -1.945213047803472373e-01 3.862074217684524635e-02 1.232512726721149247e-03
-9.882032525084034624e-01 -1.945213047803472373e-01 3.862074217684524635e-02 1.232512726721149247e-03
-9.882032525084034624e-01 -1.945213047803472373e-01 3.862074217684524635e-02 1.232512726721149247e-03
-6.985354717046878825e-01 -2.134470321458219466e-01 3.036628211598449423e-02 1.566310793410108891e-03
-6.985354717046878825e-01 -2.134470321458219466e-01 3.036628211598449423e-02 1.566310793410108891e-03
-6.985354717046878825e-01 -2.134470321458219466e-01 3.036628211598449423e-02 1.566310793410108891e-03
-4.398773103688737862e-01 -2.288633928693809549e-01 2.305789055991214198e-02 3.538672736780046346e-04
-2.749346040917810541e-02 -2.546022309118841642e-01 1.157402005266677802e-02 6.356165497892192311e-04
-2.749346040917810541e-02 -2.546022309118841642e-01 1.157402005266677802e-02 6.356165497892192311e-04
9.775627144841414484e-02 -2.637605411483764373e-01 7.691958756686531617e-03 7.563655403584894528e-04
9.775627144841414484e-02 -2.637605411483764373e-01 7.691958756686531617e-03 7.563655403584894528e-04
9.775627144841414484e-02 -2.637605411483764373e-01 7.691958756686531617e-03 7.563655403584894528e-04
-5.074774411371860139e-02 -2.532245017384353036e-01 1.221877272343305579e-02 -2.913930554491180958e-04
2.237610858640517175e-01 -2.704181926111240974e-01 4.402860389903521555e-03 -3.955665916980039888e-04
5.512043470530930689e-02 -2.599959655485795662e-01 9.182346264305984301e-03 2.938531562543076226e-04
1.808201090282268719e-01 -2.680026827523964705e-01 5.611541283669967128e-03 -8.511603998368231583e-05
9.999737140969072735e-02 -2.633354384055051067e-01 7.772919461007331797e-03 3.184049538196826292e-04
4.458850306905053074e-02 -2.593312857839182861e-01 9.480594786577378058e-03 -1.292495929255210545e-04
4.458850306905053074e-02 -2.593312857839182861e-01 9.480594786577378058e-03 -1.292495929255210545e-04
8.816675844209573287e-02 -2.621494421253750540e-01 8.225224500984432488e-03 1.414256512155382631e-04
1.394349267802881265e-01 -2.654211456489057874e-01 6.766532412830731855e-03 -1.974123550355413035e-05
1.039532523923447360e-01 -2.633482368808852114e-01 7.721423120477339738e-03 1.397509877327237455e-04
1.267411026897526660e-01 -2.645523977383165137e-01 7.127899562307156607e-03 -5.750014178680345057e-05
7.958125657258541263e-02 -2.615995456911444639e-01 8.470432342863647157e-03 -3.913288875552247548e-05
1.002971965254192410e-01 -2.629398868075940587e-01 7.873398180302075555e-03 7.363491581862459693e-05
8.424733967739422846e-02 -2.619544523447746576e-01 8.314166245815966111e-03 5.365294513016046878e-05
1.008349881293163081e-01 -2.630549037631713105e-01 7.833948601649775439e-03 7.370734766716926861e-05
1.089906489579657300e-01 -2.634697974449938251e-01 7.625442952482510903e-03 -8.517280910847744625e-06
1.089906489579657300e-01 -2.634697974449938251e-01 7.625442952482510903e-03 -8.517280910847744625e-06
9.128274183069620684e-02 -2.624132664141953786e-01 8.108923554153608937e-03 -1.196676158269506095e-05
9.128274183069620684e-02 -2.624132664141953786e-01 8.108923554153608937e-03 -1.196676158269506095e-05
9.128274183069620684e-02 -2.624132664141953786e-01 8.108923554153608937e-03 -1.196676158269506095e-05
9.128274183069620684e-02 -2.624132664141953786e-01 8.108923554153608937e-03 -1.196676158269506095e-05
9.128274183069620684e-02 -2.624132664141953786e-01 8.108923554153608937e-03 -1.196676158269506095e-05
8.893689653879788271e-02 -2.623776700620197300e-01 8.147402660825687343e-03 2.100287099439179057e-05
8.893689653879788271e-02 -2.623776700620197300e-01 8.147402660825687343e-03 2.100287099439179057e-05
8.893689653879788271e-02 -2.623776700620197300e-01 8.147402660825687343e-03 2.100287099439179057e-05
8.633799590676469182e-02 -2.622059837299279828e-01 8.217123301938611055e-03 -1.050607080733620831e-05
9.389867756996611581e-02 -2.628190944497205139e-01 7.969009041378240232e-03 5.690318513150232575e-05
9.389867756996611581e-02 -2.628190944497205139e-01 7.969009041378240232e-03 5.690318513150232575e-05
9.757183468109187352e-02 -2.630332952018850090e-01 7.870067287390251909e-03 -2.904298589610018885e-06
1.033116575658143965e-01 -2.634309053577069681e-01 7.689963963255622148e-03 5.647917591314124421e-07
1.033116575658143965e-01 -2.634309053577069681e-01 7.689963963255622148e-03 5.647917591314124421e-07
1.090801268096477372e-01 -2.641472106225719596e-01 7.431652134673723958e-03 4.770336030899169528e-05
1.090801268096477372e-01 -2.641472106225719596e-01 7.431652134673723958e-03 4.770336030899169528e-05
1.090801268096477372e-01 -2.641472106225719596e-01 7.431652134673723958e-03 4.770336030899169528e-05
1.182265859872149716e-01 -2.647905771808424236e-01 7.145143194033252640e-03 7.160661958801340781e-06
1.282605121868819475e-01 -2.658937517260288041e-01 6.734272218707232360e-03 1.020186418527660167e-05
1.123926207980626701e-01 -2.650247312485057849e-01 7.141042592570017583e-03 5.201125177771693490e-05
1.123926207980626701e-01 -2.650247312485057849e-01 7.141042592570017583e-03 5.201125177771693490e-05
1.123926207980626701e-01 -2.650247312485057849e-01 7.141042592570017583e-03 5.201125177771693490e-05
1.123926207980626701e-01 -2.650247312485057849e-01 7.141042592570017583e-03 5.201125177771693490e-05
1.223923293003131296e-01 -2.661916710178535705e-01 6.703200373850925348e-03 -4.170066535486797316e-05
1.227919655561155454e-01 -2.671818165967767555e-01 6.408660984164135654e-03 7.153603914775963336e-05
1.227919655561155454e-01 -2.671818165967767555e-01 6.408660984164135654e-03 7.153603914775963336e-05
9.888095491603476894e-02 -2.649531137596984331e-01 7.290130791381917164e-03 -1.529051823347517356e-05
1.163157228910181029e-01 -2.681717239555934107e-01 6.186117393331545811e-03 -5.420899475015554525e-05
1.163157228910181029e-01 -2.681717239555934107e-01 6.186117393331545811e-03 -5.420899475015554525e-05
1.084969179664385663e-01 -2.685027227569938280e-01 6.148587524014106909e-03 -5.072728784325523699e-05
1.084969179664385663e-01 -2.685027227569938280e-01 6.148587524014106909e-03 -5.072728784325523699e-05
1.148549568562724499e-01 -2.731376199664151683e-01 4.742777094624388290e-03 -6.962081030567374325e-05
1.148549568562724499e-01 -2.731376199664151683e-01 4.742777094624388290e-03 -6.962081030567374325e-05
8.707511888339164452e-02 -2.738499532766415223e-01 4.776372187990943208e-03 -2.082805209287846241e-04
8.707511888339164452e-02 -2.738499532766415223e-01 4.776372187990943208e-03 -2.082805209287846241e-04
8.707511888339164452e-02 -2.738499532766415223e-01 4.776372187990943208e-03 -2.082805209287846241e-04
9.918007456671712463e-02 -2.837220940718531148e-01 1.767318022018729215e-03 -1.325781557692960657e-04
9.918007456671712463e-02 -2.837220940718531148e-01 1.767318022018729215e-03 -1.325781557692960657e-04
9.918007456671712463e-02 -2.837220940718531148e-01 1.767318022018729215e-03 -1.325781557692960657e-04
4.571581579248512606e-02 -2.854188437345862583e-01 1.744469500282216923e-03 -1.727699891326016975e-04
4.571581579248512606e-02 -2.854188437345862583e-01 1.744469500282216923e-03 -1.727699891326016975e-04
2.755838983556632704e-02 -2.934641128723365355e-01 -4.234062382299282751e-04 -1.424694885718931145e-07
2.755838983556632704e-02 -2.934641128723365355e-01 -4.234062382299282751e-04 -1.424694885718931145e-07
2.755838983556632704e-02 -2.934641128723365355e-01 -4.234062382299282751e-04 -1.424694885718931145e-07
2.755838983556632704e-02 -2.934641128723365355e-01 -4.234062382299282751e-04 -1.424694885718931145e-07
-1.835051816384375770e-02 -2.911149139585104129e-01 6.779267196397227319e-04 -7.039356916249523929e-05
-1.835051816384375770e-02 -2.911149139585104129e-01 6.779267196397227319e-04 -7.039356916249523929e-05
-1.835051816384375770e-02 -2.911149139585104129e-01 6.779267196397227319e-04 -7.039356916249523929e-05
-1.835051816384375770e-02 -2.911149139585104129e-01 6.779267196397227319e-04 -7.039356916249523929e-05
-1.835051816384375770e-02 -2.911149139585104129e-01 6.779267196397227319e-04 -7.039356916249523929e-05
-1.835051816384375770e-02 -2.911149139585104129e-01 6.779267196397227319e-04 -7.039356916249523929e-05
-1.835051816384375770e-02 -2.911149139585104129e-01 6.779267196397227319e-04 -7.039356916249523929e-05
-1.232903337882354511e-02 -2.876808858413457681e-01 1.624272992058674748e-03 -2.529639032559752681e-05
-1.232903337882354511e-02 -2.876808858413457681e-01 1.624272992058674748e-03 -2.529639032559752681e-05
-1.232903337882354511e-02 -2.876808858413457681e-01 1.624272992058674748e-03 -2.529639032559752681e-05
-2.264596199525842693e-03 -2.895260690462149733e-01 9.921885486069196257e-04 -3.959563355635463931e-05
-1.190214038990696291e-02 -2.899938116145432954e-01 9.466608616175261259e-04 -4.309313219765960041e-05
-1.190214038990696291e-02 -2.899938116145432954e-01 9.466608616175261259e-04 -4.309313219765960041e-05
-1.087533761502346152e-02 -2.900125812497429401e-01 9.248036225543661065e-04 -4.516149468743977128e-05
-1.003889787682180068e-02 -2.887418794174099745e-01 1.292963766923459473e-03 -3.020389907435245169e-05
-1.003889787682180068e-02 -2.887418794174099745e-01 1.292963766923459473e-03 -3.020389907435245169e-05
-1.003889787682180068e-02 -2.887418794174099745e-01 1.292963766923459473e-03 -3.020389907435245169e-05
-1.003889787682180068e-02 -2.887418794174099745e-01 1.292963766923459473e-03 -3.020389907435245169e-05
-1.003889787682180068e-02 -2.887418794174099745e-01 1.292963766923459473e-03 -3.020389907435245169e-05
-1.003889787682180068e-02 -2.887418794174099745e-01 1.292963766923459473e-03 -3.020389907435245169e-05
-1.003889787682180068e-02 -2.887418794174099745e-01 1.292963766923459473e-03 -3.020389907435245169e-05
-8.235622478954473039e-03 -2.885010886821482434e-01 1.341192230506994734e-03 -3.101289381690989762e-05
-1.060342756927894377e-02 -2.892129514050858496e-01 1.157274750443183526e-03 -3.284250451181056497e-05
-1.060342756927894377e-02 -2.892129514050858496e-01 1.157274750443183526e-03 -3.284250451181056497e-05
-1.060342756927894377e-02 -2.892129514050858496e-01 1.157274750443183526e-03 -3.284250451181056497e-05
-1.037596184082510004e-02 -2.891474682983762312e-01 1.165194862836695794e-03 -3.251709241850505964e-05
-1.037596184082510004e-02 -2.891474682983762312e-01 1.165194862836695794e-03 -3.251709241850505964e-05
-1.037596184082510004e-02 -2.891474682983762312e-01 1.165194862836695794e-03 -3.251709241850505964e-05
-1.037596184082510004e-02 -2.891474682983762312e-01 1.165194862836695794e-03 -3.251709241850505964e-05
-8.480367502872926400e-03 -2.887379813163755138e-01 1.257907437060825848e-03 -3.579135464625355007e-05
-8.480367502872926400e-03 -2.887379813163755138e-01 1.257907437060825848e-03 -3.579135464625355007e-05
-8.219836111707472595e-03 -2.891552586736552133e-01 1.130666776479575305e-03 -3.321642634703157412e-05
-9.530476965199739109e-03 -2.888037890642414229e-01 1.232324162912577445e-03 -3.685303449675269801e-05
-9.530476965199739109e-03 -2.888037890642414229e-01 1.232324162912577445e-03 -3.685303449675269801e-05
-9.530476965199739109e-03 -2.888037890642414229e-01 1.232324162912577445e-03 -3.685303449675269801e-05
-7.425269095011469145e-03 -2.889827434603284839e-01 1.133942010490426866e-03 -3.636211135503100581e-05
-7.425269095011469145e-03 -2.889827434603284839e-01 1.133942010490426866e-03 -3.636211135503100581e-05
-7.425269095011469145e-03 -2.889827434603284839e-01 1.133942010490426866e-03 -3.636211135503100581e-05
-9.895146799144060451e-03 -2.887128376743205438e-01 1.205884659292340289e-03 -3.750877223518437546e-05
-6.426647766539325679e-03 -2.887625657305165072e-01 1.111831768080500868e-03 -4.389479339262298597e-05
-6.426647766539325679e-03 -2.887625657305165072e-01 1.111831768080500868e-03 -4.389479339262298597e-05
-6.323174827476935045e-03 -2.887333413483016420e-01 1.077418212348084554e-03 -3.300438011825930853e-05
-8.691739112763371966e-03 -2.887147819681892269e-01 1.016484059742214872e-03 -4.298313165254307963e-05
-8.691739112763371966e-03 -2.887147819681892269e-01 1.016484059742214872e-03 -4.298313165254307963e-05
-2.490204595284234435e-03 -2.877343578868265528e-01 1.103000248702750048e-03 -4.194965818417923807e-05
-4.174044038207105900e-03 -2.881679647403384559e-01 8.407586754947673699e-04 -3.243827346741402751e-05
-4.174044038207105900e-03 -2.881679647403384559e-01 8.407586754947673699e-04 -3.243827346741402751e-05
-4.086353643037089756e-03 -2.863973935109664914e-01 1.077594835372340607e-03 -3.844336509120741289e-05
-4.086353643037089756e-03 -2.863973935109664914e-01 1.077594835372340607e-03 -3.844336509120741289e-05
-3.175607518078797306e-03 -2.864083987826930855e-01 5.565094311471073356e-04 -3.205883265510333800e-05
3.352812560099361142e-04 -2.843734854846303728e-01 8.500915610079044955e-04 -1.112497168837136381e-05
4.157724318929620355e-03 -2.814170988594345557e-01 8.699741948114290621e-04 -2.399239520211073875e-05
4.157724318929620355e-03 -2.814170988594345557e-01 8.699741948114290621e-04 -2.399239520211073875e-05
7.117751312558752604e-03 -2.784595215558880454e-01 1.217108027017433161e-04 1.454580884535563307e-05
1.301627818562033079e-02 -2.724758530923312438e-01 8.377826398181869531e-04 3.673022509849171497e-05
1.550524833465065887e-02 -2.676224553942322393e-01 2.413866892043044221e-04 3.075390075517507398e-05
1.550524833465065887e-02 -2.676224553942322393e-01 2.413866892043044221e-04 3.075390075517507398e-05
3.538089005983383051e-02 -2.514697019184242155e-01 -6.321870016004020858e-04 1.432300904177002867e-04
5.065819013303186208e-02 -2.371424917974194191e-01 2.989164293923604089e-04 1.626668935020260333e-04
5.065819013303186208e-02 -2.371424917974194191e-01 2.989164293923604089e-04 1.626668935020260333e-04
5.268322697975634517e-02 -2.305525331809366030e-01 -6.949055213911764376e-04 2.004002019677182309e-04
5.268322697975634517e-02 -2.305525331809366030e-01 -6.949055213911764376e-04 2.004002019677182309e-04
6.696436619800688606e-02 -2.174638293598057937e-01 3.323625435810526746e-04 1.748407818288495990e-04
6.696436619800688606e-02 -2.174638293598057937e-01 3.323625435810526746e-04 1.748407818288495990e-04
6.696436619800688606e-02 -2.174638293598057937e-01 3.323625435810526746e-04 1.748407818288495990e-04
8.702552220018482110e-02 -1.873758891998261733e-01 -7.158158190955497043e-05 2.686881287655386503e-04
8.702552220018482110e-02 -1.873758891998261733e-01 -7.158158190955497043e-05 2.686881287655386503e-04
6.225140859404151850e-02 -2.098790718074161621e-01 9.093604581052853759e-04 1.219453881796292135e-04
6.225140859404151850e-02 -2.098790718074161621e-01 9.093604581052853759e-04 1.219453881796292135e-04
1.034218628845444410e-01 -1.614916424985455290e-01 1.065450565516833786e-03 2.522439847072907278e-04
8.551047119868718238e-02 -1.698943579261527059e-01 -8.370470204329808796e-04 1.979746154879845929e-04
9.042151642977477866e-02 -1.599642177878149996e-01 1.446820415924422428e-03 6.707996688724653621e-05
9.042151642977477866e-02 -1.599642177878149996e-01 1.446820415924422428e-03 6.707996688724653621e-05
1.370297890396252050e-01 -8.294831178864447985e-02 -4.341803800023786783e-05 2.084663990387942284e-04
7.989482507492989827e-02 -1.208156723739600147e-01 -1.187249705461138321e-03 -8.496398326790125617e-05
7.989482507492989827e-02 -1.208156723739600147e-01 -1.187249705461138321e-03 -8.496398326790125617e-05
7.989482507492989827e-02 -1.208156723739600147e-01 -1.187249705461138321e-03 -8.496398326790125617e-05
7.989482507492989827e-02 -1.208156723739600147e-01 -1.187249705461138321e-03 -8.496398326790125617e-05
7.989482507492989827e-02 -1.208156723739600147e-01 -1.187249705461138321e-03 -8.496398326790125617e-05
1.068995114404384383e-01 -8.304942962807521090e-02 2.607814172375828312e-04 -8.795351229478996649e-05
1.068995114404384383e-01 -8.304942962807521090e-02 2.607814172375828312e-04 -8.795351229478996649e-05
9.492130015703495460e-02 -7.157971545389346657e-02 -7.600207344838637346e-04 -2.148746960513667887e-04
1.128493965809203303e-01 -5.545824229175490283e-02 -1.091339155275489279e-03 -1.018893647957609270e-04
1.049641428777404462e-01 -5.226560424165348218e-02 -5.657945268512920827e-04 -2.013937111200622915e-04
8.833459701309374912e-02 -7.798168416990498841e-02 -1.020149894769896122e-03 -1.985727276338058783e-04
1.035834352988179025e-01 -7.368537058368845871e-02 -2.992723303037762503e-04 -1.335680685975194622e-04
1.099444857282512455e-01 -5.811573518960744256e-02 -7.282572191163631326e-04 -1.028372400222074773e-04
1.099444857282512455e-01 -5.811573518960744256e-02 -7.282572191163631326e-04 -1.028372400222074773e-04
1.099444857282512455e-01 -5.811573518960744256e-02 -7.282572191163631326e-04 -1.028372400222074773e-04
1.099444857282512455e-01 -5.811573518960744256e-02 -7.282572191163631326e-04 -1.028372400222074773e-04
1.099444857282512455e-01 -5.811573518960744256e-02 -7.282572191163631326e-04 -1.028372400222074773e-04
1.099444857282512455e-01 -5.811573518960744256e-02 -7.282572191163631326e-04 -1.028372400222074773e-04
1.005966392890770833e-01 -5.985277393706885107e-02 -8.050621962550415667e-04 -1.527524072638769504e-04
1.005966392890770833e-01 -5.985277393706885107e-02 -8.050621962550415667e-04 -1.527524072638769504e-04
1.005966392890770833e-01 -5.985277393706885107e-02 -8.050621962550415667e-04 -1.527524072638769504e-04
1.035937508536617091e-01 -6.522873757039582276e-02 -4.642719153909332340e-04 -8.065200129614262265e-05
9.248490275690152140e-02 -5.713996272232141349e-02 -1.258770025451806879e-03 -1.350061203151277215e-04
9.248490275690152140e-02 -5.713996272232141349e-02 -1.258770025451806879e-03 -1.350061203151277215e-04
8.681246196172012763e-02 -7.015091513974405779e-02 -1.247389797554964569e-05 -1.443066323293847324e-04
7.577513254582035618e-02 -8.454141636264703163e-02 -2.498725704630543401e-04 -7.138844366505410531e-05
7.577513254582035618e-02 -8.454141636264703163e-02 -2.498725704630543401e-04 -7.138844366505410531e-05
6.886108498526666288e-02 -5.969906372305408548e-02 -1.532719373881019989e-04 -1.023905106119692111e-04
6.886108498526666288e-02 -5.969906372305408548e-02 -1.532719373881019989e-04 -1.023905106119692111e-04
6.886108498526666288e-02 -5.969906372305408548e-02 -1.532719373881019989e-04 -1.023905106119692111e-04
6.886108498526666288e-02 -5.969906372305408548e-02 -1.532719373881019989e-04 -1.023905106119692111e-04
2.130682953231582966e-02 -6.935484879440967365e-02 1.355652293259720052e-03 -8.407400932145800204e-05
3.260776236551193863e-02 -4.198621077281000646e-02 -9.827210694408742599e-05 4.414736097721380084e-06
3.260776236551193863e-02 -4.198621077281000646e-02 -9.827210694408742599e-05 4.414736097721380084e-06
1.797239725573593350e-02 9.990555970706638256e-03 9.531700396416063325e-04 -6.581804146862799609e-05
1.797239725573593350e-02 9.990555970706638256e-03 9.531700396416063325e-04 -6.581804146862799609e-05
8.379646377230577647e-03 2.125682412217517331e-02 -5.038664193340730568e-04 -1.925237095455834208e-05
8.379646377230577647e-03 2.125682412217517331e-02 -5.038664193340730568e-04 -1.925237095455834208e-05
8.379646377230577647e-03 2.125682412217517331e-02 -5.038664193340730568e-04 -1.925237095455834208e-05
8.379646377230577647e-03 2.125682412217517331e-02 -5.038664193340730568e-04 -1.925237095455834208e-05
8.379646377230577647e-03 2.125682412217517331e-02 -5.038664193340730568e-04 -1.925237095455834208e-05
-7.861720043891611692e-03 2.712062420131729212e-03 -3.333981033175833792e-04 5.398072677027939640e-05
7.635651799684222731e-03 -1.938171632895759923e-03 2.158243335396740556e-04 2.189294598797737789e-06
-1.466604448370539956e-03 4.664567396904241783e-03 3.976329095969117111e-04 -2.060395318268892260e-06
-1.466604448370539956e-03 4.664567396904241783e-03 3.976329095969117111e-04 -2.060395318268892260e-06
4.130344021745969811e-03 1.296432039914440643e-02 -1.771476843336405936e-04 -1.218516082902398366e-06
-2.491331180610427062e-03 4.973471795499268162e-03 -7.238222395240291335e-05 2.849812742286874547e-05
3.991481868640659250e-03 3.512310197534902322e-03 1.662031747897161965e-04 5.891015440136793394e-06
8.651057730794525780e-04 -1.914736257729310331e-04 -1.610719747978728365e-04 2.403386626711179999e-06
7.864783617168684404e-05 4.989612294252826138e-03 1.682666162616808236e-04 3.416554016717343402e-06
2.370660048033156574e-03 8.142650282261462008e-03 -7.594689312918014479e-05 4.416877396853058494e-06
2.370660048033156574e-03 8.142650282261462008e-03 -7.594689312918014479e-05 4.416877396853058494e-06
2.368489060285292481e-03 3.941675379020641648e-03 7.150633761347927671e-05 6.258240337164428325e-06
9.932239234054190784e-04 2.606427092965921555e-03 -6.305894812889622733e-05 4.996282644258277351e-06
2.345347150243130233e-03 5.108450247545736136e-03 4.979254052423562739e-05 -9.745385501209207537e-07
1.049038940831718055e-03 4.969706522350633184e-03 8.191993774079522493e-05 3.545384736878027234e-06
1.049038940831718055e-03 4.969706522350633184e-03 8.191993774079522493e-05 3.545384736878027234e-06
8.402371511359780533e-04 5.475420325593552059e-03 -4.740630409335613410e-05 -5.063709994322335790e-07
8.402371511359780533e-04 5.475420325593552059e-03 -4.740630409335613410e-05 -5.063709994322335790e-07
8.402371511359780533e-04 5.475420325593552059e-03 -4.740630409335613410e-05 -5.063709994322335790e-07
-3.183456863992380551e-04 3.679498072446919787e-03 -1.331861589603351107e-06 2.250279908133706521e-06
-3.183456863992380551e-04 3.679498072446919787e-03 -1.331861589603351107e-06 2.250279908133706521e-06
-3.183456863992380551e-04 3.679498072446919787e-03 -1.331861589603351107e-06 2.250279908133706521e-06
-1.092546900556578323e-04 4.841258904241142226e-03 2.720586062902897792e-05 -1.803375412865190077e-06
-1.092546900556578323e-04 4.841258904241142226e-03 2.720586062902897792e-05 -1.803375412865190077e-06
4.093004444357237117e-04 5.101604786304106062e-03 -2.097544743565247474e-05 6.424512293958697387e-07
4.093004444357237117e-04 5.101604786304106062e-03 -2.097544743565247474e-05 6.424512293958697387e-07
-1.808206279165425667e-04 5.106870336915330169e-03 -1.277732355086488049e-05 2.186502738701952857e-06
3.289057240399643187e-04 5.601806971103220380e-03 1.781199307652605550e-06 6.945787154851110822e-08
-1.093304638589869589e-04 5.531355173871327011e-03 -1.190381525000874594e-05 -1.612497433017767706e-06
1.379539559690900336e-06 5.088334110644819608e-03 8.118506948405301529e-06 -7.409484056040242887e-07
1.379539559690900336e-06 5.088334110644819608e-03 8.118506948405301529e-06 -7.409484056040242887e-07
1.379539559690900336e-06 5.088334110644819608e-03 8.118506948405301529e-06 -7.409484056040242887e-07
1.379539559690900336e-06 5.088334110644819608e-03 8.118506948405301529e-06 -7.409484056040242887e-07
1.144123583793001011e-04 5.471486691785999376e-03 5.403276726976088650e-07 -2.368983652132699346e-07
-1.155272065319506471e-05 5.223621350985506624e-03 9.567645277633174400e-06 5.072164639729940447e-07
-9.136473007505121027e-05 5.366751759048216108e-03 4.622782715230476925e-06 -2.391226891269151287e-07
-5.411326100172958952e-05 5.281996496135813596e-03 3.856158246104608541e-07 2.719576970131603692e-07
-5.411326100172958952e-05 5.281996496135813596e-03 3.856158246104608541e-07 2.719576970131603692e-07
3.474125069402447059e-05 5.417738801455809772e-03 2.022129163118138329e-06 6.062287124164606719e-08
3.474125069402447059e-05 5.417738801455809772e-03 2.022129163118138329e-06 6.062287124164606719e-08
3.474125069402447059e-05 5.417738801455809772e-03 2.022129163118138329e-06 6.062287124164606719e-08
3.474125069402447059e-05 5.417738801455809772e-03 2.022129163118138329e-06 6.062287124164606719e-08
3.474125069402447059e-05 5.417738801455809772e-03 2.022129163118138329e-06 6.062287124164606719e-08
-1.788818870917187369e-05 5.541141718584574952e-03 -4.617115781585543483e-06 -6.795432019946495349e-09
3.718917321237027481e-06 5.431331942200087227e-03 -3.302508990190373976e-06 -1.679797515139233402e-07
3.718917321237027481e-06 5.431331942200087227e-03 -3.302508990190373976e-06 -1.679797515139233402e-07
3.718917321237027481e-06 5.431331942200087227e-03 -3.302508990190373976e-06 -1.679797515139233402e-07
2.041721973134011216e-05 5.465731190351955267e-03 -9.549182259018106709e-07 3.017792601710968524e-08
2.041721973134011216e-05 5.465731190351955267e-03 -9.549182259018106709e-07 3.017792601710968524e-08
